269941;8388607;8388607;8388607;8388607;8388607;8388607;8388607;8388607;8388607;8388607;8388607;8388607;8388607;8388607;8388607;8388607;8388607;8388607;8388607;8388607;8388607;8388607;8388607;8388607;8388607;8388607;8388607;8388607;8388607;8388607;8388607;8388607;
270046;8388607;8388607;8388607;8388607;8388607;8388607;8388607;8388607;8388607;8388607;8388607;8388607;8388607;8388607;8388607;8388607;8388607;8388607;8388607;8388607;8388607;8388607;8388607;8388607;8388607;8388607;8388607;8388607;8388607;8388607;8388607;8388607;
270068;8388607;8388607;8388607;8388607;8388607;8388607;8388607;8388607;8388607;8388607;8388607;8388607;8388607;8388607;8388607;8388607;8388607;8388607;8388607;8388607;8388607;8388607;8388607;8388607;8388607;8388607;8388607;8388607;8388607;8388607;8388607;8388607;
270089;8388607;8388607;8388607;8388607;8388607;8388607;8388607;8388607;8388607;8388607;8388607;8388607;8388607;8388607;8388607;8388607;8388607;8388607;8388607;8388607;8388607;8388607;8388607;8388607;8388607;8388607;8388607;8388607;8388607;8388607;8388607;8388607;
270110;8388607;8388607;8388607;8388607;8388607;8388607;8388607;8388607;8388607;8388607;8388607;8388607;8388607;8388607;8388607;8388607;8388607;8388607;8388607;8388607;8388607;8388607;8388607;8388607;8388607;8388607;8388607;8388607;8388607;8388607;8388607;8388607;
271178;8388607;8388607;8388607;8388607;8388607;8388607;8388607;8388607;8388607;8388607;8388607;8388607;8388607;8388607;8388607;8388607;8388607;8388607;8388607;8388607;8388607;8388607;8388607;8388607;8388607;8388607;8388607;8388607;8388607;8388607;8388607;8388607;
271201;8388607;8388607;8388607;8388607;8388607;8388607;8388607;8388607;8388607;8388607;8388607;8388607;8388607;8388607;8388607;8388607;8388607;8388607;8388607;8388607;8388607;8388607;8388607;8388607;8388607;8388607;8388607;8388607;8388607;8388607;8388607;8388607;
271222;8388607;8388607;8388607;8388607;8388607;8388607;8388607;8388607;8388607;8388607;8388607;8388607;8388607;8388607;8388607;8388607;8388607;8388607;8388607;8388607;8388607;8388607;8388607;8388607;8388607;8388607;8388607;8388607;8388607;8388607;8388607;8388607;
271247;8388607;8388607;8388607;8388607;8388607;8388607;8388607;8388607;8388607;8388607;8388607;8388607;8388607;8388607;8388607;8388607;8388607;8388607;8388607;8388607;8388607;8388607;8388607;8388607;8388607;8388607;8388607;8388607;8388607;8388607;8388607;8388607;
271268;8388607;8388607;8388607;8388607;8388607;8388607;8388607;8388607;8388607;8388607;8388607;8388607;8388607;8388607;8388607;8388607;8388607;8388607;8388607;8388607;8388607;8388607;8388607;8388607;8388607;8388607;8388607;8388607;8388607;8388607;8388607;8388607;
271289;8388607;8388607;8388607;8388607;8388607;8388607;8388607;8388607;8388607;8388607;8388607;8388607;8388607;8388607;8388607;8388607;8388607;8388607;8388607;8388607;8388607;8388607;8388607;8388607;8388607;8388607;8388607;8388607;8388607;8388607;8388607;8388607;
272308;8388607;8388607;8388607;8388607;8388607;8388607;8388607;8388607;8388607;8388607;8388607;8388607;8388607;8388607;8388607;8388607;8388607;8388607;8388607;8388607;8388607;8388607;8388607;8388607;8388607;8388607;8388607;8388607;8388607;8388607;8388607;8388607;
272331;8388607;8388607;8388607;8388607;8388607;8388607;8388607;8388607;8388607;8388607;8388607;8388607;8388607;8388607;8388607;8388607;8388607;8388607;8388607;8388607;8388607;8388607;8388607;8388607;8388607;8388607;8388607;8388607;8388607;8388607;8388607;8388607;
272353;8388607;8388607;8388607;8388607;8388607;8388607;8388607;8388607;8388607;8388607;8388607;8388607;8388607;8388607;8388607;8388607;8388607;8388607;8388607;8388607;8388607;8388607;8388607;8388607;8388607;8388607;8388607;8388607;8388607;8388607;8388607;8388607;
272377;8388607;8388607;8388607;8388607;8388607;8388607;8388607;8388607;8388607;8388607;8388607;8388607;8388607;8388607;8388607;8388607;8388607;8388607;8388607;8388607;8388607;8388607;8388607;8388607;8388607;8388607;8388607;8388607;8388607;8388607;8388607;8388607;
272397;8388607;8388607;8388607;8388607;8388607;8388607;8388607;8388607;8388607;8388607;8388607;8388607;8388607;8388607;8388607;8388607;8388607;8388607;8388607;8388607;8388607;8388607;8388607;8388607;8388607;8388607;8388607;8388607;8388607;8388607;8388607;8388607;
273419;8388607;8388607;8388607;8388607;8388607;8388607;8388607;8388607;8388607;8388607;8388607;8388607;8388607;8388607;8388607;8388607;8388607;8388607;8388607;8388607;8388607;8388607;8388607;8388607;8388607;8388607;8388607;8388607;8388607;8388607;8388607;8388607;
273466;8388607;8388607;8388607;8388607;8388607;8388607;8388607;8388607;8388607;8388607;8388607;8388607;8388607;8388607;8388607;8388607;8388607;8388607;8388607;8388607;8388607;8388607;8388607;8388607;8388607;8388607;8388607;8388607;8388607;8388607;8388607;8388607;
273518;8388607;8388607;8388607;8388607;8388607;8388607;8388607;8388607;8388607;8388607;8388607;8388607;8388607;8388607;8388607;8388607;8388607;8388607;8388607;8388607;8388607;8388607;8388607;8388607;8388607;8388607;8388607;8388607;8388607;8388607;8388607;8388607;
273569;8388607;8388607;8388607;8388607;8388607;8388607;8388607;8388607;8388607;8388607;8388607;8388607;8388607;8388607;8388607;8388607;8388607;8388607;8388607;8388607;8388607;8388607;8388607;8388607;8388607;8388607;8388607;8388607;8388607;8388607;8388607;8388607;
273834;8388607;8388607;8388607;8388607;8388607;8388607;8388607;8388607;8388607;8388607;8388607;8388607;8388607;8388607;8388607;8388607;8388607;8388607;8388607;8388607;8388607;8388607;8388607;8388607;8388607;8388607;8388607;8388607;8388607;8388607;8388607;8388607;
274943;8388607;8388607;8388607;8388607;8388607;8388607;8388607;8388607;8388607;8388607;8388607;8388607;8388607;8388607;8388607;8388607;8388607;8388607;8388607;8388607;8388607;8388607;8388607;8388607;8388607;8388607;8388607;8388607;8388607;8388607;8388607;8388607;
274966;8388607;8388607;8388607;8388607;8388607;8388607;8388607;8388607;8388607;8388607;8388607;8388607;8388607;8388607;8388607;8388607;8388607;8388607;8388607;8388607;8388607;8388607;8388607;8388607;8388607;8388607;8388607;8388607;8388607;8388607;8388607;8388607;
274987;8388607;8388607;8388607;8388607;8388607;8388607;8388607;8388607;8388607;8388607;8388607;8388607;8388607;8388607;8388607;8388607;8388607;8388607;8388607;8388607;8388607;8388607;8388607;8388607;8388607;8388607;8388607;8388607;8388607;8388607;8388607;8388607;
275234;8388607;8388607;8388607;8388607;8388607;8388607;8388607;8388607;8388607;8388607;8388607;8388607;8388607;8388607;8388607;8388607;8388607;8388607;8388607;8388607;8388607;8388607;8388607;8388607;8388607;8388607;8388607;8388607;8388607;8388607;8388607;8388607;
275255;8388607;8388607;8388607;8388607;8388607;8388607;8388607;8388607;8388607;8388607;8388607;8388607;8388607;8388607;8388607;8388607;8388607;8388607;8388607;8388607;8388607;8388607;8388607;8388607;8388607;8388607;8388607;8388607;8388607;8388607;8388607;8388607;
275284;8388607;8388607;8388607;8388607;8388607;8388607;8388607;8388607;8388607;8388607;8388607;8388607;8388607;8388607;8388607;8388607;8388607;8388607;8388607;8388607;8388607;8388607;8388607;8388607;8388607;8388607;8388607;8388607;8388607;8388607;8388607;8388607;
275306;8388607;8388607;8388607;8388607;8388607;8388607;8388607;8388607;8388607;8388607;8388607;8388607;8388607;8388607;8388607;8388607;8388607;8388607;8388607;8388607;8388607;8388607;8388607;8388607;8388607;8388607;8388607;8388607;8388607;8388607;8388607;8388607;
276328;8388607;8388607;8388607;8388607;8388607;8388607;8388607;8388607;8388607;8388607;8388607;8388607;8388607;8388607;8388607;8388607;8388607;8388607;8388607;8388607;8388607;8388607;8388607;8388607;8388607;8388607;8388607;8388607;8388607;8388607;8388607;8388607;
276609;8388607;8388607;8388607;8388607;8388607;8388607;8388607;8388607;8388607;8388607;8388607;8388607;8388607;8388607;8388607;8388607;8388607;8388607;8388607;8388607;8388607;8388607;8388607;8388607;8388607;8388607;8388607;8388607;8388607;8388607;8388607;8388607;
276682;8388607;8388607;8388607;8388607;8388607;8388607;8388607;8388607;8388607;8388607;8388607;8388607;8388607;8388607;8388607;8388607;8388607;8388607;8388607;8388607;8388607;8388607;8388607;8388607;8388607;8388607;8388607;8388607;8388607;8388607;8388607;8388607;
276726;8388607;8388607;8388607;8388607;8388607;8388607;8388607;8388607;8388607;8388607;8388607;8388607;8388607;8388607;8388607;8388607;8388607;8388607;8388607;8388607;8388607;8388607;8388607;8388607;8388607;8388607;8388607;8388607;8388607;8388607;8388607;8388607;
276786;8388607;8388607;8388607;8388607;8388607;8388607;8388607;8388607;8388607;8388607;8388607;8388607;8388607;8388607;8388607;8388607;8388607;8388607;8388607;8388607;8388607;8388607;8388607;8388607;8388607;8388607;8388607;8388607;8388607;8388607;8388607;8388607;
276838;8388607;8388607;8388607;8388607;8388607;8388607;8388607;8388607;8388607;8388607;8388607;8388607;8388607;8388607;8388607;8388607;8388607;8388607;8388607;8388607;8388607;8388607;8388607;8388607;8388607;8388607;8388607;8388607;8388607;8388607;8388607;8388607;
276877;8388607;8388607;8388607;8388607;8388607;8388607;8388607;8388607;8388607;8388607;8388607;8388607;8388607;8388607;8388607;8388607;8388607;8388607;8388607;8388607;8388607;8388607;8388607;8388607;8388607;8388607;8388607;8388607;8388607;8388607;8388607;8388607;
278148;8388607;8388607;8388607;8388607;8388607;8388607;8388607;8388607;8388607;8388607;8388607;8388607;8388607;8388607;8388607;8388607;8388607;8388607;8388607;8388607;8388607;8388607;8388607;8388607;8388607;8388607;8388607;8388607;8388607;8388607;8388607;8388607;
278171;8388607;8388607;8388607;8388607;8388607;8388607;8388607;8388607;8388607;8388607;8388607;8388607;8388607;8388607;8388607;8388607;8388607;8388607;8388607;8388607;8388607;8388607;8388607;8388607;8388607;8388607;8388607;8388607;8388607;8388607;8388607;8388607;
278201;8388607;8388607;8388607;8388607;8388607;8388607;8388607;8388607;8388607;8388607;8388607;8388607;8388607;8388607;8388607;8388607;8388607;8388607;8388607;8388607;8388607;8388607;8388607;8388607;8388607;8388607;8388607;8388607;8388607;8388607;8388607;8388607;
278222;8388607;8388607;8388607;8388607;8388607;8388607;8388607;8388607;8388607;8388607;8388607;8388607;8388607;8388607;8388607;8388607;8388607;8388607;8388607;8388607;8388607;8388607;8388607;8388607;8388607;8388607;8388607;8388607;8388607;8388607;8388607;8388607;
278471;8388607;8388607;8388607;8388607;8388607;8388607;8388607;8388607;8388607;8388607;8388607;8388607;8388607;8388607;8388607;8388607;8388607;8388607;8388607;8388607;8388607;8388607;8388607;8388607;8388607;8388607;8388607;8388607;8388607;8388607;8388607;8388607;
278492;8388607;8388607;8388607;8388607;8388607;8388607;8388607;8388607;8388607;8388607;8388607;8388607;8388607;8388607;8388607;8388607;8388607;8388607;8388607;8388607;8388607;8388607;8388607;8388607;8388607;8388607;8388607;8388607;8388607;8388607;8388607;8388607;
278521;8388607;8388607;8388607;8388607;8388607;8388607;8388607;8388607;8388607;8388607;8388607;8388607;8388607;8388607;8388607;8388607;8388607;8388607;8388607;8388607;8388607;8388607;8388607;8388607;8388607;8388607;8388607;8388607;8388607;8388607;8388607;8388607;
278544;8388607;8388607;8388607;8388607;8388607;8388607;8388607;8388607;8388607;8388607;8388607;8388607;8388607;8388607;8388607;8388607;8388607;8388607;8388607;8388607;8388607;8388607;8388607;8388607;8388607;8388607;8388607;8388607;8388607;8388607;8388607;8388607;
279568;8388607;8388607;8388607;8388607;8388607;8388607;8388607;8388607;8388607;8388607;8388607;8388607;8388607;8388607;8388607;8388607;8388607;8388607;8388607;8388607;8388607;8388607;8388607;8388607;8388607;8388607;8388607;8388607;8388607;8388607;8388607;8388607;
279618;8388607;8388607;8388607;8388607;8388607;8388607;8388607;8388607;8388607;8388607;8388607;8388607;8388607;8388607;8388607;8388607;8388607;8388607;8388607;8388607;8388607;8388607;8388607;8388607;8388607;8388607;8388607;8388607;8388607;8388607;8388607;8388607;
279660;8388607;8388607;8388607;8388607;8388607;8388607;8388607;8388607;8388607;8388607;8388607;8388607;8388607;8388607;8388607;8388607;8388607;8388607;8388607;8388607;8388607;8388607;8388607;8388607;8388607;8388607;8388607;8388607;8388607;8388607;8388607;8388607;
279931;8388607;8388607;8388607;8388607;8388607;8388607;8388607;8388607;8388607;8388607;8388607;8388607;8388607;8388607;8388607;8388607;8388607;8388607;8388607;8388607;8388607;8388607;8388607;8388607;8388607;8388607;8388607;8388607;8388607;8388607;8388607;8388607;
279998;8388607;8388607;8388607;8388607;8388607;8388607;8388607;8388607;8388607;8388607;8388607;8388607;8388607;8388607;8388607;8388607;8388607;8388607;8388607;8388607;8388607;8388607;8388607;8388607;8388607;8388607;8388607;8388607;8388607;8388607;8388607;8388607;
280153;8388607;8388607;8388607;8388607;8388607;8388607;8388607;8388607;8388607;8388607;8388607;8388607;8388607;8388607;8388607;8388607;8388607;8388607;8388607;8388607;8388607;8388607;8388607;8388607;8388607;8388607;8388607;8388607;8388607;8388607;8388607;8388607;
280203;8388607;8388607;8388607;8388607;8388607;8388607;8388607;8388607;8388607;8388607;8388607;8388607;8388607;8388607;8388607;8388607;8388607;8388607;8388607;8388607;8388607;8388607;8388607;8388607;8388607;8388607;8388607;8388607;8388607;8388607;8388607;8388607;
281248;8388607;8388607;8388607;8388607;8388607;8388607;8388607;8388607;8388607;8388607;8388607;8388607;8388607;8388607;8388607;8388607;8388607;8388607;8388607;8388607;8388607;8388607;8388607;8388607;8388607;8388607;8388607;8388607;8388607;8388607;8388607;8388607;
281390;8388607;8388607;8388607;8388607;8388607;8388607;8388607;8388607;8388607;8388607;8388607;8388607;8388607;8388607;8388607;8388607;8388607;8388607;8388607;8388607;8388607;8388607;8388607;8388607;8388607;8388607;8388607;8388607;8388607;8388607;8388607;8388607;
281411;8388607;8388607;8388607;8388607;8388607;8388607;8388607;8388607;8388607;8388607;8388607;8388607;8388607;8388607;8388607;8388607;8388607;8388607;8388607;8388607;8388607;8388607;8388607;8388607;8388607;8388607;8388607;8388607;8388607;8388607;8388607;8388607;
281436;8388607;8388607;8388607;8388607;8388607;8388607;8388607;8388607;8388607;8388607;8388607;8388607;8388607;8388607;8388607;8388607;8388607;8388607;8388607;8388607;8388607;8388607;8388607;8388607;8388607;8388607;8388607;8388607;8388607;8388607;8388607;8388607;
281465;8388607;8388607;8388607;8388607;8388607;8388607;8388607;8388607;8388607;8388607;8388607;8388607;8388607;8388607;8388607;8388607;8388607;8388607;8388607;8388607;8388607;8388607;8388607;8388607;8388607;8388607;8388607;8388607;8388607;8388607;8388607;8388607;
281487;8388607;8388607;8388607;8388607;8388607;8388607;8388607;8388607;8388607;8388607;8388607;8388607;8388607;8388607;8388607;8388607;8388607;8388607;8388607;8388607;8388607;8388607;8388607;8388607;8388607;8388607;8388607;8388607;8388607;8388607;8388607;8388607;
281625;8388607;8388607;8388607;8388607;8388607;8388607;8388607;8388607;8388607;8388607;8388607;8388607;8388607;8388607;8388607;8388607;8388607;8388607;8388607;8388607;8388607;8388607;8388607;8388607;8388607;8388607;8388607;8388607;8388607;8388607;8388607;8388607;
281648;8388607;8388607;8388607;8388607;8388607;8388607;8388607;8388607;8388607;8388607;8388607;8388607;8388607;8388607;8388607;8388607;8388607;8388607;8388607;8388607;8388607;8388607;8388607;8388607;8388607;8388607;8388607;8388607;8388607;8388607;8388607;8388607;
282678;8388607;8388607;8388607;8388607;8388607;8388607;8388607;8388607;8388607;8388607;8388607;8388607;8388607;8388607;8388607;8388607;8388607;8388607;8388607;8388607;8388607;8388607;8388607;8388607;8388607;8388607;8388607;8388607;8388607;8388607;8388607;8388607;
282702;8388607;8388607;8388607;8388607;8388607;8388607;8388607;8388607;8388607;8388607;8388607;8388607;8388607;8388607;8388607;8388607;8388607;8388607;8388607;8388607;8388607;8388607;8388607;8388607;8388607;8388607;8388607;8388607;8388607;8388607;8388607;8388607;
282732;8388607;8388607;8388607;8388607;8388607;8388607;8388607;8388607;8388607;8388607;8388607;8388607;8388607;8388607;8388607;8388607;8388607;8388607;8388607;8388607;8388607;8388607;8388607;8388607;8388607;8388607;8388607;8388607;8388607;8388607;8388607;8388607;
282754;8388607;8388607;8388607;8388607;8388607;8388607;8388607;8388607;8388607;8388607;8388607;8388607;8388607;8388607;8388607;8388607;8388607;8388607;8388607;8388607;8388607;8388607;8388607;8388607;8388607;8388607;8388607;8388607;8388607;8388607;8388607;8388607;
282777;8388607;8388607;8388607;8388607;8388607;8388607;8388607;8388607;8388607;8388607;8388607;8388607;8388607;8388607;8388607;8388607;8388607;8388607;8388607;8388607;8388607;8388607;8388607;8388607;8388607;8388607;8388607;8388607;8388607;8388607;8388607;8388607;
282821;8388607;8388607;8388607;8388607;8388607;8388607;8388607;8388607;8388607;8388607;8388607;8388607;8388607;8388607;8388607;8388607;8388607;8388607;8388607;8388607;8388607;8388607;8388607;8388607;8388607;8388607;8388607;8388607;8388607;8388607;8388607;8388607;
283868;8388607;8388607;8388607;8388607;8388607;8388607;8388607;8388607;8388607;8388607;8388607;8388607;8388607;8388607;8388607;8388607;8388607;8388607;8388607;8388607;8388607;8388607;8388607;8388607;8388607;8388607;8388607;8388607;8388607;8388607;8388607;8388607;
284027;8388607;8388607;8388607;8388607;8388607;8388607;8388607;8388607;8388607;8388607;8388607;8388607;8388607;8388607;8388607;8388607;8388607;8388607;8388607;8388607;8388607;8388607;8388607;8388607;8388607;8388607;8388607;8388607;8388607;8388607;8388607;8388607;
284707;8388607;8388607;8388607;8388607;8388607;8388607;8388607;8388607;8388607;8388607;8388607;8388607;8388607;8388607;8388607;8388607;8388607;8388607;8388607;8388607;8388607;8388607;8388607;8388607;8388607;8388607;8388607;8388607;8388607;8388607;8388607;8388607;
284780;8388607;8388607;8388607;8388607;8388607;8388607;8388607;8388607;8388607;8388607;8388607;8388607;8388607;8388607;8388607;8388607;8388607;8388607;8388607;8388607;8388607;8388607;8388607;8388607;8388607;8388607;8388607;8388607;8388607;8388607;8388607;8388607;
284825;8388607;8388607;8388607;8388607;8388607;8388607;8388607;8388607;8388607;8388607;8388607;8388607;8388607;8388607;8388607;8388607;8388607;8388607;8388607;8388607;8388607;8388607;8388607;8388607;8388607;8388607;8388607;8388607;8388607;8388607;8388607;8388607;
284877;8388607;8388607;8388607;8388607;8388607;8388607;8388607;8388607;8388607;8388607;8388607;8388607;8388607;8388607;8388607;8388607;8388607;8388607;8388607;8388607;8388607;8388607;8388607;8388607;8388607;8388607;8388607;8388607;8388607;8388607;8388607;8388607;
285928;8388607;8388607;8388607;8388607;8388607;8388607;8388607;8388607;8388607;8388607;8388607;8388607;8388607;8388607;8388607;8388607;8388607;8388607;8388607;8388607;8388607;8388607;8388607;8388607;8388607;8388607;8388607;8388607;8388607;8388607;8388607;8388607;
285976;8388607;8388607;8388607;8388607;8388607;8388607;8388607;8388607;8388607;8388607;8388607;8388607;8388607;8388607;8388607;8388607;8388607;8388607;8388607;8388607;8388607;8388607;8388607;8388607;8388607;8388607;8388607;8388607;8388607;8388607;8388607;8388607;
286018;8388607;8388607;8388607;8388607;8388607;8388607;8388607;8388607;8388607;8388607;8388607;8388607;8388607;8388607;8388607;8388607;8388607;8388607;8388607;8388607;8388607;8388607;8388607;8388607;8388607;8388607;8388607;8388607;8388607;8388607;8388607;8388607;
286073;8388607;8388607;8388607;8388607;8388607;8388607;8388607;8388607;8388607;8388607;8388607;8388607;8388607;8388607;8388607;8388607;8388607;8388607;8388607;8388607;8388607;8388607;8388607;8388607;8388607;8388607;8388607;8388607;8388607;8388607;8388607;8388607;
286126;8388607;8388607;8388607;8388607;8388607;8388607;8388607;8388607;8388607;8388607;8388607;8388607;8388607;8388607;8388607;8388607;8388607;8388607;8388607;8388607;8388607;8388607;8388607;8388607;8388607;8388607;8388607;8388607;8388607;8388607;8388607;8388607;
286177;8388607;8388607;8388607;8388607;8388607;8388607;8388607;8388607;8388607;8388607;8388607;8388607;8388607;8388607;8388607;8388607;8388607;8388607;8388607;8388607;8388607;8388607;8388607;8388607;8388607;8388607;8388607;8388607;8388607;8388607;8388607;8388607;
286228;8388607;8388607;8388607;8388607;8388607;8388607;8388607;8388607;8388607;8388607;8388607;8388607;8388607;8388607;8388607;8388607;8388607;8388607;8388607;8388607;8388607;8388607;8388607;8388607;8388607;8388607;8388607;8388607;8388607;8388607;8388607;8388607;
286280;8388607;8388607;8388607;8388607;8388607;8388607;8388607;8388607;8388607;8388607;8388607;8388607;8388607;8388607;8388607;8388607;8388607;8388607;8388607;8388607;8388607;8388607;8388607;8388607;8388607;8388607;8388607;8388607;8388607;8388607;8388607;8388607;
286336;8388607;8388607;8388607;8388607;8388607;8388607;8388607;8388607;8388607;8388607;8388607;8388607;8388607;8388607;8388607;8388607;8388607;8388607;8388607;8388607;8388607;8388607;8388607;8388607;8388607;8388607;8388607;8388607;8388607;8388607;8388607;8388607;
287388;8388607;8388607;8388607;8388607;8388607;8388607;8388607;8388607;8388607;8388607;8388607;8388607;8388607;8388607;8388607;8388607;8388607;8388607;8388607;8388607;8388607;8388607;8388607;8388607;8388607;8388607;8388607;8388607;8388607;8388607;8388607;8388607;
287445;8388607;8388607;8388607;8388607;8388607;8388607;8388607;8388607;8388607;8388607;8388607;8388607;8388607;8388607;8388607;8388607;8388607;8388607;8388607;8388607;8388607;8388607;8388607;8388607;8388607;8388607;8388607;8388607;8388607;8388607;8388607;8388607;
287498;8388607;8388607;8388607;8388607;8388607;8388607;8388607;8388607;8388607;8388607;8388607;8388607;8388607;8388607;8388607;8388607;8388607;8388607;8388607;8388607;8388607;8388607;8388607;8388607;8388607;8388607;8388607;8388607;8388607;8388607;8388607;8388607;
287551;8388607;8388607;8388607;8388607;8388607;8388607;8388607;8388607;8388607;8388607;8388607;8388607;8388607;8388607;8388607;8388607;8388607;8388607;8388607;8388607;8388607;8388607;8388607;8388607;8388607;8388607;8388607;8388607;8388607;8388607;8388607;8388607;
287604;8388607;8388607;8388607;8388607;8388607;8388607;8388607;8388607;8388607;8388607;8388607;8388607;8388607;8388607;8388607;8388607;8388607;8388607;8388607;8388607;8388607;8388607;8388607;8388607;8388607;8388607;8388607;8388607;8388607;8388527;8388607;8388607;
288911;8388607;8388607;8388607;8388607;8388607;8388607;8388607;8388607;8388607;8388607;8388607;8388607;8388607;8388607;8388607;8388607;8388607;8388607;8388607;8388607;8388607;8388607;8388607;8388607;8388607;8388607;8388607;8388607;8388607;8388607;8388607;8388607;
288971;8388607;8388607;8388607;8388607;8388607;8388607;8388607;8388607;8388607;8388607;8388607;8388607;8388607;8388607;8388607;8388607;8388607;8388607;8388607;8388607;8388607;8388607;8388607;8388607;8388607;8388607;8388607;8388607;8388607;8388607;8388607;8388607;
290028;8388607;8388607;8388607;8388607;8388607;8388607;8388607;8388607;8388607;8388607;8388607;8388607;8388607;8388607;8388607;8388607;8388607;8388607;8388607;8388607;8388607;8388607;8388607;8388607;8388607;8388607;8388607;8388607;8388607;8388607;8388607;8388607;
290073;8388607;8388607;8388607;8388607;8388607;8388607;8388607;8388607;8388607;8388607;8388607;8388607;8388607;8388607;8388607;8388607;8388607;8388607;8388607;8388607;8388607;8388607;8388607;8388607;8388607;8388607;8388607;8388607;8388607;8388607;8388607;8388607;
290236;8388607;8388607;8388607;8388607;8388607;8388607;8388607;8388607;8388607;8388607;8388607;8388607;8388607;8388607;8388607;8388607;8388607;8388607;8388607;8388607;8388607;8388607;8388607;8388607;8388607;8388607;8388607;8388607;8388607;8388607;8388607;8388607;
290276;8388607;8388607;8388607;8388607;8388607;8388607;8388607;8388607;8388607;8388607;8388607;8388607;8388607;8388607;8388607;8388607;8388607;8388607;8388607;8388607;8388607;8388607;8388607;8388607;8388607;8388607;8388607;8388607;8388607;8388607;8388607;8388607;
290338;8388607;8388607;8388607;8388607;8388607;8388607;8388607;8388607;8388607;8388607;8388607;8388607;8388607;8388607;8388607;8388607;8388607;8388607;8388607;8388607;8388607;8388607;8388607;8388607;8388607;8388607;8388607;8388607;8388607;8388607;8388607;8388607;
290391;8388607;8388607;8388607;8388607;8388607;8388607;8388607;8388607;8388607;8388607;8388607;8388607;8388607;8388607;8388607;8388607;8388607;8388607;8388607;8388607;8388607;8388607;8388607;8388607;8388607;8388607;8388607;8388607;8388607;8388607;8388607;8388607;
290556;8388607;8388607;8388607;8388607;8388607;8388607;8388607;8388607;8388607;8388607;8388607;8388607;8388607;8388607;8388607;8388607;8388607;8388607;8388607;8388607;8388607;8388607;8388607;8388607;8388607;8388607;8388607;8388607;8388607;8388607;8388607;8388607;
290611;8388607;8388607;8388607;8388607;8388607;8388607;8388607;8388607;8388607;8388607;8388607;8388607;8388607;8388607;8388607;8388607;8388607;8388607;8388607;8388607;8388607;8388607;8388607;8388607;8388607;8388607;8388607;8388607;8388607;8388607;8388607;8388607;
290785;8388607;8388607;8388607;8388607;8388607;8388607;8388607;8388607;8388607;8388607;8388607;8388607;8388607;8388607;8388607;8388607;8388607;8388607;8388607;8388607;8388607;8388607;8388607;8388607;8388607;8388607;8388607;8388607;8388607;8388607;8388607;8388607;
290825;8388607;8388607;8388607;8388607;8388607;8388607;8388607;8388607;8388607;8388607;8388607;8388607;8388607;8388607;8388607;8388607;8388607;8388607;8388607;8388607;8388607;8388607;8388607;8388607;8388607;8388607;8388607;8388607;8388607;8388607;8388607;8388607;
290850;8388607;8388607;8388607;8388607;8388607;8388607;8388607;8388607;8388607;8388607;8388607;8388607;8388607;8388607;8388607;8388607;8388607;8388607;8388607;8388607;8388607;8388607;8388607;8388607;8388607;8388607;8388607;8388607;8388607;8388607;8388607;8388607;
290884;8388607;8388607;8388607;8388607;8388607;8388607;8388607;8388607;8388607;8388607;8388607;8388607;8388607;8388607;8388607;8388607;8388607;8388607;8388607;8388607;8388607;8388607;8388607;8388607;8388607;8388607;8388607;8388607;8388607;8388607;8388607;8388607;
290909;8388607;8388607;8388607;8388607;8388607;8388607;8388607;8388607;8388607;8388607;8388607;8388607;8388607;8388607;8388607;8388607;8388607;8388607;8388607;8388607;8388607;8388607;8388607;8388607;8388607;8388607;8388607;8388607;8388607;8388607;8388607;8388607;
291948;8388607;8388607;8388607;8388607;8388607;8388607;8388607;8388607;8388607;8388607;8388607;8388607;8388607;8388607;8388607;8388607;8388607;8388607;8388607;8388607;8388607;8388607;8388607;8388607;8388607;8388607;8388607;8388607;8388607;8388607;8388607;8388607;
292062;8388607;8388607;8388607;8388607;8388607;8388607;8388607;8388607;8388607;8388607;8388607;8388607;8388607;8388607;8388607;8388607;8388607;8388607;8388607;8388607;8388607;8388607;8388607;8388607;8388607;8388607;8388607;8388607;8388607;8388607;8388607;8388607;
292836;8388607;8388607;8388607;8388607;8388607;8388607;8388607;8388607;8388607;8388607;8388607;8388607;8388607;8388607;8388607;8388607;8388607;8388607;8388607;8388607;8388607;8388607;8388607;8388607;8388607;8388607;8388607;8388607;8388607;8388607;8388607;8388607;
293114;8388607;8388607;8388607;8388607;8388607;8388607;8388607;8388607;8388607;8388607;8388607;8388607;8388607;8388607;8388607;8388607;8388607;8388607;8388607;8388607;8388607;8388607;8388607;8388607;8388607;8388607;8388607;8388607;8388607;8388607;8388607;8388607;
293188;8388607;8388607;8388607;8388607;8388607;8388607;8388607;8388607;8388607;8388607;8388607;8388607;8388607;8388607;8388607;8388607;8388607;8388607;8388607;8388607;8388607;8388607;8388607;8388607;8388607;8388607;8388607;8388607;8388607;8388607;8388607;8388607;
293347;8388607;8388607;8388607;8388607;8388607;8388607;8388607;8388607;8388607;8388607;8388607;8388607;8388607;8388607;8388607;8388607;8388607;8388607;8388607;8388607;8388607;8388607;8388607;8388607;8388607;8388607;8388607;8388607;8388607;8388607;8388607;8388607;
293523;8388607;8388607;8388607;8388607;8388607;8388607;8388607;8388607;8388607;8388607;8388607;8388607;8388607;8388607;8388607;8388607;8388607;8388607;8388607;8388607;8388607;8388607;8388607;8388607;8388607;8388607;8388607;8388607;8388607;8388607;8388607;8388607;
293953;8388607;8388607;8388607;8388607;8388607;8388607;8388607;8388607;8388607;8388607;8388607;8388607;8388607;8388607;8388607;8388607;8388607;8388607;8388607;8388607;8388607;8388607;8388607;8388607;8388607;8388607;8388607;8388607;8388607;8388607;8388607;8388607;
294007;8388607;8388607;8388607;8388607;8388607;8388607;8388607;8388607;8388607;8388607;8388607;8388607;8388607;8388607;8388607;8388607;8388607;8388607;8388607;8388607;8388607;8388607;8388607;8388607;8388607;8388607;8388607;8388607;8388607;8388607;8388607;8388607;
295058;8388607;8388607;8388607;8388607;8388607;8388607;8388607;8388607;8388607;8388607;8388607;8388607;8388607;8388607;8388607;8388607;8388607;8388607;8388607;8388607;8388607;8388607;8388607;8388607;8388607;8388607;8388607;8388607;8388607;8388607;8388607;8388607;
295084;8388607;8388607;8388607;8388607;8388607;8388607;8388607;8388607;8388607;8388607;8388607;8388607;8388607;8388607;8388607;8388607;8388607;8388607;8388607;8388607;8388607;8388607;8388607;8388607;8388607;8388607;8388607;8388607;8388607;8388607;8388607;8388607;
295231;8388607;8388607;8388607;8388607;8388607;8388607;8388607;8388607;8388607;8388607;8388607;8388607;8388607;8388607;8388607;8388607;8388607;8388607;8388607;8388607;8388607;8388607;8388607;8388607;8388607;8388607;8388607;8388607;8388607;8388607;8388607;8388607;
295280;8388607;8388607;8388607;8388607;8388607;8388607;8388607;8388607;8388607;8388607;8388607;8388607;8388607;8388607;8388607;8388607;8388607;8388607;8388607;8388607;8388607;8388607;8388607;8388607;8388607;8388607;8388607;8388607;8388607;8388607;8388607;8388607;
295304;8388607;8388607;8388607;8388607;8388607;8388607;8388607;8388607;8388607;8388607;8388607;8388607;8388607;8388607;8388607;8388607;8388607;8388607;8388607;8388607;8388607;8388607;8388607;8388607;8388607;8388607;8388607;8388607;8388607;8388607;8388607;8388607;
295339;8388607;8388607;8388607;8388607;8388607;8388607;8388607;8388607;8388607;8388607;8388607;8388607;8388607;8388607;8388607;8388607;8388607;8388607;8388607;8388607;8388607;8388607;8388607;8388607;8388607;8388607;8388607;8388607;8388607;8388607;8388607;8388607;
295363;8388607;8388607;8388607;8388607;8388607;8388607;8388607;8388607;8388607;8388607;8388607;8388607;8388607;8388607;8388607;8388607;8388607;8388607;8388607;8388607;8388607;8388607;8388607;8388607;8388607;8388607;8388607;8388607;8388607;8388607;8388607;8388607;
295398;8388607;8388607;8388607;8388607;8388607;8388607;8388607;8388607;8388607;8388607;8388607;8388607;8388607;8388607;8388607;8388607;8388607;8388607;8388607;8388607;8388607;8388607;8388607;8388607;8388607;8388607;8388607;8388607;8388607;8388607;8388607;8388607;
295428;8388607;8388607;8388607;8388607;8388607;8388607;8388607;8388607;8388607;8388607;8388607;8388607;8388607;8388607;8388607;8388607;8388607;8388607;8388607;8388607;8388607;8388607;8388607;8388607;8388607;8388607;8388607;8388607;8388607;8388607;8388607;8388607;
295596;8388607;8388607;8388607;8388607;8388607;8388607;8388607;8388607;8388607;8388607;8388607;8388607;8388607;8388607;8388607;8388607;8388607;8388607;8388607;8388607;8388607;8388607;8388607;8388607;8388607;8388607;8388607;8388607;8388607;8388607;8388607;8388607;
295648;8388607;8388607;8388607;8388607;8388607;8388607;8388607;8388607;8388607;8388607;8388607;8388607;8388607;8388607;8388607;8388607;8388607;8388607;8388607;8388607;8388607;8388607;8388607;8388607;8388607;8388607;8388607;8388607;8388607;8388607;8388607;8388607;
295704;8388607;8388607;8388607;8388607;8388607;8388607;8388607;8388607;8388607;8388607;8388607;8388607;8388607;8388607;8388607;8388607;8388607;8388607;8388607;8388607;8388607;8388607;8388607;8388607;8388607;8388607;8388607;8388607;8388607;8388607;8388607;8388607;
295749;8388607;8388607;8388607;8388607;8388607;8388607;8388607;8388607;8388607;8388607;8388607;8388607;8388607;8388607;8388607;8388607;8388607;8388607;8388607;8388607;8388607;8388607;8388607;8388607;8388607;8388607;8388607;8388607;8388607;8388607;8388607;8388607;
295774;8388607;8388607;8388607;8388607;8388607;8388607;8388607;8388607;8388607;8388607;8388607;8388607;8388607;8388607;8388607;8388607;8388607;8388607;8388607;8388607;8388607;8388607;8388607;8388607;8388607;8388607;8388607;8388607;8388607;8388607;8388607;8388607;
296840;8388607;8388607;8388607;8388607;8388607;8388607;8388607;8388607;8388607;8388607;8388607;8388607;8388607;8388607;8388607;8388607;8388607;8388607;8388607;8388607;8388607;8388607;8388607;8388607;8388607;8388607;8388607;8388607;8388607;8388607;8388607;8388607;
296917;8388607;8388607;8388607;8388607;8388607;8388607;8388607;8388607;8388607;8388607;8388607;8388607;8388607;8388607;8388607;8388607;8388607;8388607;8388607;8388607;8388607;8388607;8388607;8388607;8388607;8388607;8388607;8388607;8388607;8388607;8388607;8388607;
296980;8388607;8388607;8388607;8388607;8388607;8388607;8388607;8388607;8388607;8388607;8388607;8388607;8388607;8388607;8388607;8388607;8388607;8388607;8388607;8388607;8388607;8388607;8388607;8388607;8388607;8388607;8388607;8388607;8388607;8388607;8388607;8388607;
297048;8388607;8388607;8388607;8388607;8388607;8388607;8388607;8388607;8388607;8388607;8388607;8388607;8388607;8388607;8388607;8388607;8388607;8388607;8388607;8388607;8388607;8388607;8388607;8388607;8388607;8388607;8388607;8388607;8388607;8388607;8388607;8388607;
297097;8388607;8388607;8388607;8388607;8388607;8388607;8388607;8388607;8388607;8388607;8388607;8388607;8388607;8388607;8388607;8388607;8388607;8388607;8388607;8388607;8388607;8388607;8388607;8388607;8388607;8388607;8388607;8388607;8388607;8388607;8388607;8388607;
297151;8388607;8388607;8388607;8388607;8388607;8388607;8388607;8388607;8388607;8388607;8388607;8388607;8388607;8388607;8388607;8388607;8388607;8388607;8388607;8388607;8388607;8388607;8388607;8388607;8388607;8388607;8388607;8388607;8388607;8388607;8388607;8388607;
297208;8388607;8388607;8388607;8388607;8388607;8388607;8388607;8388607;8388607;8388607;8388607;8388607;8388607;8388607;8388607;8388607;8388607;8388607;8388607;8388607;8388607;8388607;8388607;8388607;8388607;8388607;8388607;8388607;8388607;8388607;8388607;8388607;
297370;8388607;8388607;8388607;8388607;8388607;8388607;8388607;8388607;8388607;8388607;8388607;8388607;8388607;8388607;8388607;8388607;8388607;8388607;8388607;8388607;8388607;8388607;8388607;8388607;8388607;8388607;8388607;8388607;8388607;8388607;8388607;8388607;
299259;8388607;8388607;8388607;8388607;8388607;8388607;8388607;8388607;8388607;8388607;8388607;8388607;8388607;8388607;8388607;8388607;8388607;8388607;8388607;8388607;8388607;8388607;8388607;8388607;8388607;8388607;8388607;8388607;8388607;8388607;8388607;8388607;
299334;8388607;8388607;8388607;8388607;8388607;8388607;8388607;8388607;8388607;8388607;8388607;8388607;8388607;8388607;8388607;8388607;8388607;8388607;8388607;8388607;8388607;8388607;8388607;8388607;8388607;8388607;8388607;8388607;8388607;8388607;8388607;8388607;
299360;8388607;8388607;8388607;8388607;8388607;8388607;8388607;8388607;8388607;8388607;8388607;8388607;8388607;8388607;8388607;8388607;8388607;8388607;8388607;8388607;8388607;8388607;8388607;8388607;8388607;8388607;8388607;8388607;8388607;8388607;8388607;8388607;
299393;8388607;8388607;8388607;8388607;8388607;8388607;8388607;8388607;8388607;8388607;8388607;8388607;8388607;8388607;8388607;8388607;8388607;8388607;8388607;8388607;8388607;8388607;8388607;8388607;8388607;8388607;8388607;8388607;8388607;8388607;8388607;8388607;
299419;8388607;8388607;8388607;8388607;8388607;8388607;8388607;8388607;8388607;8388607;8388607;8388607;8388607;8388607;8388607;8388607;8388607;8388607;8388607;8388607;8388607;8388607;8388607;8388607;8388607;8388607;8388607;8388607;8388607;8388607;8388607;8388607;
299451;8388607;8388607;8388607;8388607;8388607;8388607;8388607;8388607;8388607;8388607;8388607;8388607;8388607;8388607;8388607;8388607;8388607;8388607;8388607;8388607;8388607;8388607;8388607;8388607;8388607;8388607;8388607;8388607;8388607;8388607;8388607;8388607;
299477;8388607;8388607;8388607;8388607;8388607;8388607;8388607;8388607;8388607;8388607;8388607;8388607;8388607;8388607;8388607;8388607;8388607;8388607;8388607;8388607;8388607;8388607;8388607;8388607;8388607;8388607;8388607;8388607;8388607;8388513;8388607;8388607;
299510;8388607;8388607;8388607;8388607;8388607;8388607;8388607;8388607;8388607;8388607;8388607;8388607;8388607;8388607;8388607;8388607;8388607;8388607;8388607;8388607;8388607;8388607;8388607;8388607;8388607;8388607;8388607;8388607;8388607;8388607;8388607;8388607;
299535;8388607;8388607;8388607;8388607;8388607;8388607;8388607;8388607;8388607;8388607;8388607;8388607;8388607;8388607;8388607;8388607;8388607;8388607;8388607;8388607;8388607;8388607;8388607;8388607;8388607;8388607;8388607;8388607;8388607;8388607;8388607;8388607;
299676;8388607;8388607;8388607;8388607;8388607;8388607;8388607;8388607;8388607;8388607;8388607;8388607;8388607;8388607;8388607;8388607;8388607;8388607;8388607;8388607;8388607;8388607;8388607;8388607;8388607;8388607;8388607;8388607;8388607;8388607;8388607;8388607;
299703;8388607;8388607;8388607;8388607;8388607;8388607;8388607;8388607;8388607;8388607;8388607;8388607;8388607;8388607;8388607;8388607;8388607;8388607;8388607;8388607;8388607;8388607;8388607;8388607;8388607;8388607;8388607;8388607;8388607;8388607;8388607;8388607;
299735;8388607;8388607;8388607;8388607;8388607;8388607;8388607;8388607;8388607;8388607;8388607;8388607;8388607;8388607;8388607;8388607;8388607;8388607;8388607;8388607;8388607;8388607;8388607;8388607;8388607;8388607;8388607;8388607;8388607;8388607;8388607;8388607;
300758;8388607;8388607;8388607;8388607;8388607;8388607;8388607;8388607;8388607;8388607;8388607;8388607;8388607;8388607;8388607;8388607;8388607;8388607;8388607;8388607;8388607;8388607;8388607;8388607;8388607;8388607;8388607;8388607;8388607;8388607;8388607;8388607;
301222;8388607;8388607;8388607;8388607;8388607;8388607;8388607;8388607;8388607;8388607;8388607;8388607;8388607;8388607;8388607;8388607;8388607;8388607;8388607;8388607;8388607;8388607;8388607;8388607;8388607;8388607;8388607;8388607;8388607;8388607;8388607;8388607;
301274;8388607;8388607;8388607;8388607;8388607;8388607;8388607;8388607;8388607;8388607;8388607;8388607;8388607;8388607;8388607;8388607;8388607;8388607;8388607;8388607;8388607;8388607;8388607;8388607;8388607;8388607;8388607;8388607;8388607;8388607;8388607;8388607;
301326;8388607;8388607;8388607;8388607;8388607;8388607;8388607;8388607;8388607;8388607;8388607;8388607;8388607;8388607;8388607;8388607;8388607;8388607;8388607;8388607;8388607;8388607;8388607;8388607;8388607;8388607;8388607;8388607;8388607;8388607;8388607;8388607;
301377;8388607;8388607;8388607;8388607;8388607;8388607;8388607;8388607;8388607;8388607;8388607;8388607;8388607;8388607;8388607;8388607;8388607;8388607;8388607;8388607;8388607;8388607;8388607;8388607;8388607;8388607;8388607;8388607;8388607;8388607;8388607;8388607;
301428;8388607;8388607;8388607;8388607;8388607;8388607;8388607;8388607;8388607;8388607;8388607;8388607;8388607;8388607;8388607;8388607;8388607;8388607;8388607;8388607;8388607;8388607;8388607;8388607;8388607;8388607;8388607;8388607;8388607;8388607;8388607;8388607;
301481;8388607;8388607;8388607;8388607;8388607;8388607;8388607;8388607;8388607;8388607;8388607;8388607;8388607;8388607;8388607;8388607;8388607;8388607;8388607;8388607;8388607;8388607;8388607;8388607;8388607;8388607;8388607;8388607;8388607;8388607;8388607;8388607;
302678;8388607;8388607;8388607;8388607;8388607;8388607;8388607;8388607;8388607;8388607;8388607;8388607;8388607;8388607;8388607;8388607;8388607;8388607;8388607;8388607;8388607;8388607;8388607;8388607;8388607;8388607;8388607;8388607;8388607;8388607;8388607;8388607;
302721;8388607;8388607;8388607;8388607;8388607;8388607;8388607;8388607;8388607;8388607;8388607;8388607;8388607;8388607;8388607;8388607;8388607;8388607;8388607;8388607;8388607;8388607;8388607;8388607;8388607;8388607;8388607;8388607;8388607;8388607;8388607;8388607;
302772;8388607;8388607;8388607;8388607;8388607;8388607;8388607;8388607;8388607;8388607;8388607;8388607;8388607;8388607;8388607;8388607;8388607;8388607;8388607;8388607;8388607;8388607;8388607;8388607;8388607;8388607;8388607;8388607;8388607;8388607;8388607;8388607;
302832;8388607;8388607;8388607;8388607;8388607;8388607;8388607;8388607;8388607;8388607;8388607;8388607;8388607;8388607;8388607;8388607;8388607;8388607;8388607;8388607;8388607;8388607;8388607;8388607;8388607;8388607;8388607;8388607;8388607;8388607;8388607;8388607;
302992;8388607;8388607;8388607;8388607;8388607;8388607;8388607;8388607;8388607;8388607;8388607;8388607;8388607;8388607;8388607;8388607;8388607;8388607;8388607;8388607;8388607;8388607;8388607;8388607;8388607;8388607;8388607;8388607;8388607;8388607;8388607;8388607;
303053;8388607;8388607;8388607;8388607;8388607;8388607;8388607;8388607;8388607;8388607;8388607;8388607;8388607;8388607;8388607;8388607;8388607;8388607;8388607;8388607;8388607;8388607;8388607;8388607;8388607;8388607;8388607;8388607;8388607;8388607;8388607;8388607;
303108;8388607;8388607;8388607;8388607;8388607;8388607;8388607;8388607;8388607;8388607;8388607;8388607;8388607;8388607;8388607;8388607;8388607;8388607;8388607;8388607;8388607;8388607;8388607;8388607;8388607;8388607;8388607;8388607;8388607;8388607;8388607;8388607;
303161;8388607;8388607;8388607;8388607;8388607;8388607;8388607;8388607;8388607;8388607;8388607;8388607;8388607;8388607;8388607;8388607;8388607;8388607;8388607;8388607;8388607;8388607;8388607;8388607;8388607;8388607;8388607;8388607;8388607;8388607;8388607;8388607;
303201;8388607;8388607;8388607;8388607;8388607;8388607;8388607;8388607;8388607;8388607;8388607;8388607;8388607;8388607;8388607;8388607;8388607;8388607;8388607;8388607;8388607;8388607;8388607;8388607;8388607;8388607;8388607;8388607;8388607;8388607;8388607;8388607;
304249;8388607;8388607;8388607;8388607;8388607;8388607;8388607;8388607;8388607;8388607;8388607;8388607;8388607;8388607;8388607;8388607;8388607;8388607;8388607;8388607;8388607;8388607;8388607;8388607;8388607;8388607;8388607;8388607;8388607;8388607;8388607;8388607;
304292;8388607;8388607;8388607;8388607;8388607;8388607;8388607;8388607;8388607;8388607;8388607;8388607;8388607;8388607;8388607;8388607;8388607;8388607;8388607;8388607;8388607;8388607;8388607;8388607;8388607;8388607;8388607;8388607;8388607;8388607;8388607;8388607;
304343;8388607;8388607;8388607;8388607;8388607;8388607;8388607;8388607;8388607;8388607;8388607;8388607;8388607;8388607;8388607;8388607;8388607;8388607;8388607;8388607;8388607;8388607;8388607;8388607;8388607;8388607;8388607;8388607;8388607;8388607;8388607;8388607;
304977;8388607;8388607;8388607;8388607;8388607;8388607;8388607;8388607;8388607;8388607;8388607;8388607;8388607;8388607;8388607;8388607;8388607;8388607;8388607;8388607;8388607;8388607;8388607;8388607;8388607;8388607;8388607;8388607;8388607;8388607;8388607;8388607;
305292;8388607;8388607;8388607;8388607;8388607;8388607;8388607;8388607;8388607;8388607;8388607;8388607;8388607;8388607;8388607;8388607;8388607;8388607;8388607;8388607;8388607;8388607;8388607;8388607;8388607;8388607;8388607;8388607;8388607;8388607;8388607;8388607;
305348;8388607;8388607;8388607;8388607;8388607;8388607;8388607;8388607;8388607;8388607;8388607;8388607;8388607;8388607;8388607;8388607;8388607;8388607;8388607;8388607;8388607;8388607;8388607;8388607;8388607;8388607;8388607;8388607;8388607;8388607;8388607;8388607;
305396;8388607;8388607;8388607;8388607;8388607;8388607;8388607;8388607;8388607;8388607;8388607;8388607;8388607;8388607;8388607;8388607;8388607;8388607;8388607;8388607;8388607;8388607;8388607;8388607;8388607;8388607;8388607;8388607;8388607;8388607;8388607;8388607;
306830;8388607;8388607;8388607;8388607;8388607;8388607;8388607;8388607;8388607;8388607;8388607;8388607;8388607;8388607;8388607;8388607;8388607;8388607;8388607;8388607;8388607;8388607;8388607;8388607;8388607;8388607;8388607;8388607;8388607;8388607;8388607;8388607;
306859;8388607;8388607;8388607;8388607;8388607;8388607;8388607;8388607;8388607;8388607;8388607;8388607;8388607;8388607;8388607;8388607;8388607;8388607;8388607;8388607;8388607;8388607;8388607;8388607;8388607;8388607;8388607;8388607;8388607;8388607;8388607;8388607;
307017;8388607;8388607;8388607;8388607;8388607;8388607;8388607;8388607;8388607;8388607;8388607;8388607;8388607;8388607;8388607;8388607;8388607;8388607;8388607;8388607;8388607;8388607;8388607;8388607;8388607;8388607;8388607;8388607;8388607;8388607;8388607;8388607;
307069;8388607;8388607;8388607;8388607;8388607;8388607;8388607;8388607;8388607;8388607;8388607;8388607;8388607;8388607;8388607;8388607;8388607;8388607;8388607;8388607;8388607;8388607;8388607;8388607;8388607;8388607;8388607;8388607;8388607;8388607;8388607;8388607;
307128;8388607;8388607;8388607;8388607;8388607;8388607;8388607;8388607;8388607;8388607;8388607;8388607;8388607;8388607;8388607;8388607;8388607;8388607;8388607;8388607;8388607;8388607;8388607;8388607;8388607;8388607;8388607;8388607;8388607;8388607;8388607;8388607;
307177;8388607;8388607;8388607;8388607;8388607;8388607;8388607;8388607;8388607;8388607;8388607;8388607;8388607;8388607;8388607;8388607;8388607;8388607;8388607;8388607;8388607;8388607;8388607;8388607;8388607;8388607;8388607;8388607;8388607;8388607;8388607;8388607;
307233;8388607;8388607;8388607;8388607;8388607;8388607;8388607;8388607;8388607;8388607;8388607;8388607;8388607;8388607;8388607;8388607;8388607;8388607;8388607;8388607;8388607;8388607;8388607;8388607;8388607;8388607;8388607;8388607;8388607;8388607;8388607;8388607;
307327;8388607;8388607;8388607;8388607;8388607;8388607;8388607;8388607;8388607;8388607;8388607;8388607;8388607;8388607;8388607;8388607;8388607;8388607;8388607;8388607;8388607;8388607;8388607;8388607;8388607;8388607;8388607;8388607;8388607;8388607;8388607;8388607;
307381;8388607;8388607;8388607;8388607;8388607;8388607;8388607;8388607;8388607;8388607;8388607;8388607;8388607;8388607;8388607;8388607;8388607;8388607;8388607;8388607;8388607;8388607;8388607;8388607;8388607;8388607;8388607;8388607;8388607;8388607;8388607;8388607;
307436;8388607;8388607;8388607;8388607;8388607;8388607;8388607;8388607;8388607;8388607;8388607;8388607;8388607;8388607;8388607;8388607;8388607;8388607;8388607;8388607;8388607;8388607;8388607;8388607;8388607;8388607;8388607;8388607;8388607;8388607;8388607;8388607;
307597;8388607;8388607;8388607;8388607;8388607;8388607;8388607;8388607;8388607;8388607;8388607;8388607;8388607;8388607;8388607;8388607;8388607;8388607;8388607;8388607;8388607;8388607;8388607;8388607;8388607;8388607;8388607;8388607;8388607;8388607;8388607;8388607;
307647;8388607;8388607;8388607;8388607;8388607;8388607;8388607;8388607;8388607;8388607;8388607;8388607;8388607;8388607;8388607;8388607;8388607;8388607;8388607;8388607;8388607;8388607;8388607;8388607;8388607;8388607;8388607;8388607;8388607;8388607;8388607;8388607;
308800;8388607;8388607;8388607;8388607;8388607;8388607;8388607;8388607;8388607;8388607;8388607;8388607;8388607;8388607;8388607;8388607;8388607;8388607;8388607;8388607;8388607;8388607;8388607;8388607;8388607;8388607;8388607;8388607;8388607;8388607;8388607;8388607;
309284;8388607;8388607;8388607;8388607;8388607;8388607;8388607;8388607;8388607;8388607;8388607;8388607;8388607;8388607;8388607;8388607;8388607;8388607;8388607;8388607;8388607;8388607;8388607;8388607;8388607;8388607;8388607;8388607;8388607;8388607;8388607;8388607;
309343;8388607;8388607;8388607;8388607;8388607;8388607;8388607;8388607;8388607;8388607;8388607;8388607;8388607;8388607;8388607;8388607;8388607;8388607;8388607;8388607;8388607;8388607;8388607;8388607;8388607;8388607;8388607;8388607;8388607;8388607;8388607;8388607;
309397;8388607;8388607;8388607;8388607;8388607;8388607;8388607;8388607;8388607;8388607;8388607;8388607;8388607;8388607;8388607;8388607;8388607;8388607;8388607;8388607;8388607;8388607;8388607;8388607;8388607;8388607;8388607;8388607;8388607;8388607;8388607;8388607;
309453;8388607;8388607;8388607;8388607;8388607;8388607;8388607;8388607;8388607;8388607;8388607;8388607;8388607;8388607;8388607;8388607;8388607;8388607;8388607;8388607;8388607;8388607;8388607;8388607;8388607;8388607;8388607;8388607;8388607;8388607;8388607;8388607;
309491;8388607;8388607;8388607;8388607;8388607;8388607;8388607;8388607;8388607;8388607;8388607;8388607;8388607;8388607;8388607;8388607;8388607;8388607;8388607;8388607;8388607;8388607;8388607;8388607;8388607;8388607;8388607;8388607;8388607;8388607;8388607;8388607;
309546;8388607;8388607;8388607;8388607;8388607;8388607;8388607;8388607;8388607;8388607;8388607;8388607;8388607;8388607;8388607;8388607;8388607;8388607;8388607;8388607;8388607;8388607;8388607;8388607;8388607;8388607;8388607;8388607;8388607;8388607;8388607;8388607;
310528;8388607;8388607;8388607;8388607;8388607;8388607;8388607;8388607;8388607;8388607;8388607;8388607;8388607;8388607;8388607;8388607;8388607;8388607;8388607;8388607;8388607;8388607;8388607;8388607;8388607;8388607;8388607;8388607;8388607;8388607;8388607;8388607;
310603;8388607;8388607;8388607;8388607;8388607;8388607;8388607;8388607;8388607;8388607;8388607;8388607;8388607;8388607;8388607;8388607;8388607;8388607;8388607;8388607;8388607;8388607;8388607;8388607;8388607;8388607;8388607;8388607;8388607;8388607;8388607;8388607;
311775;8388607;8388607;8388607;8388607;8388607;8388607;8388607;8388607;8388607;8388607;8388607;8388607;8388607;8388607;8388607;8388607;8388607;8388607;8388607;8388607;8388607;8388607;8388607;8388607;8388607;8388607;8388607;8388607;8388607;8388607;8388607;8388607;
311809;8388607;8388607;8388607;8388607;8388607;8388607;8388607;8388607;8388607;8388607;8388607;8388607;8388607;8388607;8388607;8388607;8388607;8388607;8388607;8388607;8388607;8388607;8388607;8388607;8388607;8388607;8388607;8388607;8388607;8388607;8388607;8388607;
311842;8388607;8388607;8388607;8388607;8388607;8388607;8388607;8388607;8388607;8388607;8388607;8388607;8388607;8388607;8388607;8388607;8388607;8388607;8388607;8388607;8388607;8388607;8388607;8388607;8388607;8388607;8388607;8388607;8388607;8388607;8388607;8388607;
311867;8388607;8388607;8388607;8388607;8388607;8388607;8388607;8388607;8388607;8388607;8388607;8388607;8388607;8388607;8388607;8388607;8388607;8388607;8388607;8388607;8388607;8388607;8388607;8388607;8388607;8388607;8388607;8388607;8388607;8388607;8388607;8388607;
311903;8388607;8388607;8388607;8388607;8388607;8388607;8388607;8388607;8388607;8388607;8388607;8388607;8388607;8388607;8388607;8388607;8388607;8388607;8388607;8388607;8388607;8388607;8388607;8388607;8388607;8388607;8388607;8388607;8388607;8388607;8388607;8388607;
311927;8388607;8388607;8388607;8388607;8388607;8388607;8388607;8388607;8388607;8388607;8388607;8388607;8388607;8388607;8388607;8388607;8388607;8388607;8388607;8388607;8388607;8388607;8388607;8388607;8388607;8388607;8388607;8388607;8388607;8388607;8388607;8388607;
311957;8388607;8388607;8388607;8388607;8388607;8388607;8388607;8388607;8388607;8388607;8388607;8388607;8388607;8388607;8388607;8388607;8388607;8388607;8388607;8388607;8388607;8388607;8388607;8388607;8388607;8388607;8388607;8388607;8388607;8388607;8388607;8388607;
311982;8388607;8388607;8388607;8388607;8388607;8388607;8388607;8388607;8388607;8388607;8388607;8388607;8388607;8388607;8388607;8388607;8388607;8388607;8388607;8388607;8388607;8388607;8388607;8388607;8388607;8388607;8388607;8388607;8388607;8388607;8388607;8388607;
312007;8388607;8388607;8388607;8388607;8388607;8388607;8388607;8388607;8388607;8388607;8388607;8388607;8388607;8388607;8388607;8388607;8388607;8388607;8388607;8388607;8388607;8388607;8388607;8388607;8388607;8388607;8388607;8388607;8388607;8388607;8388607;8388607;
312043;8388607;8388607;8388607;8388607;8388607;8388607;8388607;8388607;8388607;8388607;8388607;8388607;8388607;8388607;8388607;8388607;8388607;8388607;8388607;8388607;8388607;8388607;8388607;8388607;8388607;8388607;8388607;8388607;8388607;8388607;8388607;8388607;
312214;8388607;8388607;8388607;8388607;8388607;8388607;8388607;8388607;8388607;8388607;8388607;8388607;8388607;8388607;8388607;8388607;8388607;8388607;8388607;8388607;8388607;8388607;8388607;8388607;8388607;8388607;8388607;8388607;8388607;8388607;8388607;8388607;
312370;8388607;8388607;8388607;8388607;8388607;8388607;8388607;8388607;8388607;8388607;8388607;8388607;8388607;8388607;8388607;8388607;8388607;8388607;8388607;8388607;8388607;8388607;8388607;8388607;8388607;8388607;8388607;8388607;8388607;8388607;8388607;8388607;
312423;8388607;8388607;8388607;8388607;8388607;8388607;8388607;8388607;8388607;8388607;8388607;8388607;8388607;8388607;8388607;8388607;8388607;8388607;8388607;8388607;8388607;8388607;8388607;8388607;8388607;8388607;8388607;8388607;8388607;8388607;8388607;8388607;
312468;8388607;8388607;8388607;8388607;8388607;8388607;8388607;8388607;8388607;8388607;8388607;8388607;8388607;8388607;8388607;8388607;8388607;8388607;8388607;8388607;8388607;8388607;8388607;8388607;8388607;8388607;8388607;8388607;8388607;8388607;8388607;8388607;
313668;8388607;8388607;8388607;8388607;8388607;8388607;8388607;8388607;8388607;8388607;8388607;8388607;8388607;8388607;8388607;8388607;8388607;8388607;8388607;8388607;8388607;8388607;8388607;8388607;8388607;8388607;8388607;8388607;8388607;8388607;8388607;8388607;
314258;8388607;8388607;8388607;8388607;8388607;8388607;8388607;8388607;8388607;8388607;8388607;8388607;8388607;8388607;8388607;8388607;8388607;8388607;8388607;8388607;8388607;8388607;8388607;8388607;8388607;8388607;8388607;8388607;8388607;8388607;8388607;8388607;
314322;8388607;8388607;8388607;8388607;8388607;8388607;8388607;8388607;8388607;8388607;8388607;8388607;8388607;8388607;8388607;8388607;8388607;8388607;8388607;8388607;8388607;8388607;8388607;8388607;8388607;8388607;8388607;8388607;8388607;8388607;8388607;8388607;
314483;8388607;8388607;8388607;8388607;8388607;8388607;8388607;8388607;8388607;8388607;8388607;8388607;8388607;8388607;8388607;8388607;8388607;8388607;8388607;8388607;8388607;8388607;8388607;8388607;8388607;8388607;8388607;8388607;8388607;8388607;8388607;8388607;
314526;8388607;8388607;8388607;8388607;8388607;8388607;8388607;8388607;8388607;8388607;8388607;8388607;8388607;8388607;8388607;8388607;8388607;8388607;8388607;8388607;8388607;8388607;8388607;8388607;8388607;8388607;8388607;8388607;8388607;8388607;8388607;8388607;
314581;8388607;8388607;8388607;8388607;8388607;8388607;8388607;8388607;8388607;8388607;8388607;8388607;8388607;8388607;8388607;8388607;8388607;8388607;8388607;8388607;8388607;8388607;8388607;8388607;8388607;8388607;8388607;8388607;8388607;8388607;8388607;8388607;
314636;8388607;8388607;8388607;8388607;8388607;8388607;8388607;8388607;8388607;8388607;8388607;8388607;8388607;8388607;8388607;8388607;8388607;8388607;8388607;8388607;8388607;8388607;8388607;8388607;8388607;8388607;8388607;8388607;8388607;8388607;8388607;8388607;
314692;8388607;8388607;8388607;8388607;8388607;8388607;8388607;8388607;8388607;8388607;8388607;8388607;8388607;8388607;8388607;8388607;8388607;8388607;8388607;8388607;8388607;8388607;8388607;8388607;8388607;8388607;8388607;8388607;8388607;8388607;8388607;8388607;
315063;8388607;8388607;8388607;8388607;8388607;8388607;8388607;8388607;8388607;8388607;8388607;8388607;8388607;8388607;8388607;8388607;8388607;8388607;8388607;8388607;8388607;8388607;8388607;8388607;8388607;8388607;8388607;8388607;8388607;8388607;8388607;8388607;
316108;8388607;8388607;8388607;8388607;8388607;8388607;8388607;8388607;8388607;8388607;8388607;8388607;8388607;8388607;8388607;8388607;8388607;8388607;8388607;8388607;8388607;8388607;8388607;8388607;8388607;8388607;8388607;8388607;8388607;8388607;8388607;8388607;
316143;8388607;8388607;8388607;8388607;8388607;8388607;8388607;8388607;8388607;8388607;8388607;8388607;8388607;8388607;8388607;8388607;8388607;8388607;8388607;8388607;8388607;8388607;8388607;8388607;8388607;8388607;8388607;8388607;8388607;8388607;8388607;8388607;
316168;8388607;8388607;8388607;8388607;8388607;8388607;8388607;8388607;8388607;8388607;8388607;8388607;8388607;8388607;8388607;8388607;8388607;8388607;8388607;8388607;8388607;8388607;8388607;8388607;8388607;8388607;8388607;8388607;8388607;8388607;8388607;8388607;
316202;8388607;8388607;8388607;8388607;8388607;8388607;8388607;8388607;8388607;8388607;8388607;8388607;8388607;8388607;8388607;8388607;8388607;8388607;8388607;8388607;8388607;8388607;8388607;8388607;8388607;8388607;8388607;8388607;8388607;8388607;8388607;8388607;
316225;8388607;8388607;8388607;8388607;8388607;8388607;8388607;8388607;8388607;8388607;8388607;8388607;8388607;8388607;8388607;8388607;8388607;8388607;8388607;8388607;8388607;8388607;8388607;8388607;8388607;8388607;8388607;8388607;8388607;8388607;8388607;8388607;
316259;8388607;8388607;8388607;8388607;8388607;8388607;8388607;8388607;8388607;8388607;8388607;8388607;8388607;8388607;8388607;8388607;8388607;8388607;8388607;8388607;8388607;8388607;8388607;8388607;8388607;8388607;8388607;8388607;8388607;8388607;8388607;8388607;
316283;8388607;8388607;8388607;8388607;8388607;8388607;8388607;8388607;8388607;8388607;8388607;8388607;8388607;8388607;8388607;8388607;8388607;8388607;8388607;8388607;8388607;8388607;8388607;8388607;8388607;8388607;8388607;8388607;8388607;8388607;8388607;8388607;
316338;8388607;8388607;8388607;8388607;8388607;8388607;8388607;8388607;8388607;8388607;8388607;8388607;8388607;8388607;8388607;8388607;8388607;8388607;8388607;8388607;8388607;8388607;8388607;8388607;8388607;8388607;8388607;8388607;8388607;8388607;8388607;8388607;
316370;8388607;8388607;8388607;8388607;8388607;8388607;8388607;8388607;8388607;8388607;8388607;8388607;8388607;8388607;8388607;8388607;8388607;8388607;8388607;8388607;8388607;8388607;8388607;8388607;8388607;8388607;8388607;8388607;8388607;8388607;8388607;8388607;
316396;8388607;8388607;8388607;8388607;8388607;8388607;8388607;8388607;8388607;8388607;8388607;8388607;8388607;8388607;8388607;8388607;8388607;8388607;8388607;8388607;8388607;8388607;8388607;8388607;8388607;8388607;8388607;8388607;8388607;8388607;8388607;8388607;
316429;8388607;8388607;8388607;8388607;8388607;8388607;8388607;8388607;8388607;8388607;8388607;8388607;8388607;8388607;8388607;8388607;8388607;8388607;8388607;8388607;8388607;8388607;8388607;8388607;8388607;8388607;8388607;8388607;8388607;8388607;8388607;8388607;
317478;8388607;8388607;8388607;8388607;8388607;8388607;8388607;8388607;8388607;8388607;8388607;8388607;8388607;8388607;8388607;8388607;8388607;8388607;8388607;8388607;8388607;8388607;8388607;8388607;8388607;8388607;8388607;8388607;8388607;8388607;8388607;8388607;
318759;8388607;8388607;8388607;8388607;8388607;8388607;8388607;8388607;8388607;8388607;8388607;8388607;8388607;8388607;8388607;8388607;8388607;8388607;8388607;8388607;8388607;8388607;8388607;8388607;8388607;8388607;8388607;8388607;8388607;8388607;8388607;8388607;
318941;8388607;8388607;8388607;8388607;8388607;8388607;8388607;8388607;8388607;8388607;8388607;8388607;8388607;8388607;8388607;8388607;8388607;8388607;8388607;8388607;8388607;8388607;8388607;8388607;8388607;8388607;8388607;8388607;8388607;8388607;8388607;8388607;
319005;8388607;8388607;8388607;8388607;8388607;8388607;8388607;8388607;8388607;8388607;8388607;8388607;8388607;8388607;8388607;8388607;8388607;8388607;8388607;8388607;8388607;8388607;8388607;8388607;8388607;8388607;8388607;8388607;8388607;8388607;8388607;8388607;
319060;8388607;8388607;8388607;8388607;8388607;8388607;8388607;8388607;8388607;8388607;8388607;8388607;8388607;8388607;8388607;8388607;8388607;8388607;8388607;8388607;8388607;8388607;8388607;8388607;8388607;8388607;8388607;8388607;8388607;8388607;8388607;8388607;
319560;8388607;8388607;8388607;8388607;8388607;8388607;8388607;8388607;8388607;8388607;8388607;8388607;8388607;8388607;8388607;8388607;8388607;8388607;8388607;8388607;8388607;8388607;8388607;8388607;8388607;8388607;8388607;8388607;8388607;8388607;8388607;8388607;
320625;8388607;8388607;8388607;8388607;8388607;8388607;8388607;8388607;8388607;8388607;8388607;8388607;8388607;8388607;8388607;8388607;8388607;8388607;8388607;8388607;8388607;8388607;8388607;8388607;8388607;8388607;8388607;8388607;8388607;8388607;8388607;8388607;
320652;8388607;8388607;8388607;8388607;8388607;8388607;8388607;8388607;8388607;8388607;8388607;8388607;8388607;8388607;8388607;8388607;8388607;8388607;8388607;8388607;8388607;8388607;8388607;8388607;8388607;8388607;8388607;8388607;8388607;8388607;8388607;8388607;
320677;8388607;8388607;8388607;8388607;8388607;8388607;8388607;8388607;8388607;8388607;8388607;8388607;8388607;8388607;8388607;8388607;8388607;8388607;8388607;8388607;8388607;8388607;8388607;8388607;8388607;8388607;8388607;8388607;8388607;8388607;8388607;8388607;
320712;8388607;8388607;8388607;8388607;8388607;8388607;8388607;8388607;8388607;8388607;8388607;8388607;8388607;8388607;8388607;8388607;8388607;8388607;8388607;8388607;8388607;8388607;8388607;8388607;8388607;8388607;8388607;8388607;8388607;8388607;8388607;8388607;
320735;8388607;8388607;8388607;8388607;8388607;8388607;8388607;8388607;8388607;8388607;8388607;8388607;8388607;8388607;8388607;8388607;8388607;8388607;8388607;8388607;8388607;8388607;8388607;8388607;8388607;8388607;8388607;8388607;8388607;8388607;8388607;8388607;
320886;8388607;8388607;8388607;8388607;8388607;8388607;8388607;8388607;8388607;8388607;8388607;8388607;8388607;8388607;8388607;8388607;8388607;8388607;8388607;8388607;8388607;8388607;8388607;8388607;8388607;8388607;8388607;8388607;8388607;8388607;8388607;8388607;
320939;8388607;8388607;8388607;8388607;8388607;8388607;8388607;8388607;8388607;8388607;8388607;8388607;8388607;8388607;8388607;8388607;8388607;8388607;8388607;8388607;8388607;8388607;8388607;8388607;8388607;8388607;8388607;8388607;8388607;8388607;8388607;8388607;
321000;8388607;8388607;8388607;8388607;8388607;8388607;8388607;8388607;8388607;8388607;8388607;8388607;8388607;8388607;8388607;8388607;8388607;8388607;8388607;8388607;8388607;8388607;8388607;8388607;8388607;8388607;8388607;8388607;8388607;8388607;8388607;8388607;
321051;8388607;8388607;8388607;8388607;8388607;8388607;8388607;8388607;8388607;8388607;8388607;8388607;8388607;8388607;8388607;8388607;8388607;8388607;8388607;8388607;8388607;8388607;8388607;8388607;8388607;8388607;8388607;8388607;8388607;8388607;8388607;8388607;
321134;8388607;8388607;8388607;8388607;8388607;8388607;8388607;8388607;8388607;8388607;8388607;8388607;8388607;8388607;8388607;8388607;8388607;8388607;8388607;8388607;8388607;8388607;8388607;8388607;8388607;8388607;8388607;8388607;8388607;8388607;8388607;8388607;
321328;8388607;8388607;8388607;8388607;8388607;8388607;8388607;8388607;8388607;8388607;8388607;8388607;8388607;8388607;8388607;8388607;8388607;8388607;8388607;8388607;8388607;8388607;8388607;8388607;8388607;8388607;8388607;8388607;8388607;8388607;8388607;8388607;
321380;8388607;8388607;8388607;8388607;8388607;8388607;8388607;8388607;8388607;8388607;8388607;8388607;8388607;8388607;8388607;8388607;8388607;8388607;8388607;8388607;8388607;8388607;8388607;8388607;8388607;8388607;8388607;8388607;8388607;8388607;8388607;8388607;
321426;8388607;8388607;8388607;8388607;8388607;8388607;8388607;8388607;8388607;8388607;8388607;8388607;8388607;8388607;8388607;8388607;8388607;8388607;8388607;8388607;8388607;8388607;8388607;8388607;8388607;8388607;8388607;8388607;8388607;8388607;8388607;8388607;
321606;8388607;8388607;8388607;8388607;8388607;8388607;8388607;8388607;8388607;8388607;8388607;8388607;8388607;8388607;8388607;8388607;8388607;8388607;8388607;8388607;8388607;8388607;8388607;8388607;8388607;8388607;8388607;8388607;8388607;8388607;8388607;8388607;
321835;8388607;8388607;8388607;8388607;8388607;8388607;8388607;8388607;8388607;8388607;8388607;8388607;8388607;8388607;8388607;8388607;8388607;8388607;8388607;8388607;8388607;8388607;8388607;8388607;8388607;8388607;8388607;8388607;8388607;8388607;8388607;8388607;
323013;8388607;8388607;8388607;8388607;8388607;8388607;8388607;8388607;8388607;8388607;8388607;8388607;8388607;8388607;8388607;8388607;8388607;8388607;8388607;8388607;8388607;8388607;8388607;8388607;8388607;8388607;8388607;8388607;8388607;8388607;8388607;8388607;
323078;8388607;8388607;8388607;8388607;8388607;8388607;8388607;8388607;8388607;8388607;8388607;8388607;8388607;8388607;8388607;8388607;8388607;8388607;8388607;8388607;8388607;8388607;8388607;8388607;8388607;8388607;8388607;8388607;8388607;8388607;8388607;8388607;
323132;8388607;8388607;8388607;8388607;8388607;8388607;8388607;8388607;8388607;8388607;8388607;8388607;8388607;8388607;8388607;8388607;8388607;8388607;8388607;8388607;8388607;8388607;8388607;8388607;8388607;8388607;8388607;8388607;8388607;8388607;8388607;8388607;
323176;8388607;8388607;8388607;8388607;8388607;8388607;8388607;8388607;8388607;8388607;8388607;8388607;8388607;8388607;8388607;8388607;8388607;8388607;8388607;8388607;8388607;8388607;8388607;8388607;8388607;8388607;8388607;8388607;8388607;8388607;8388607;8388607;
323666;8388607;8388607;8388607;8388607;8388607;8388607;8388607;8388607;8388607;8388607;8388607;8388607;8388607;8388607;8388607;8388607;8388607;8388607;8388607;8388607;8388607;8388607;8388607;8388607;8388607;8388607;8388607;8388607;8388607;8388607;8388607;8388607;
323689;8388607;8388607;8388607;8388607;8388607;8388607;8388607;8388607;8388607;8388607;8388607;8388607;8388607;8388607;8388607;8388607;8388607;8388607;8388607;8388607;8388607;8388607;8388607;8388607;8388607;8388607;8388607;8388574;8388607;8388607;8388607;8388607;
323724;8388607;8388607;8388607;8388607;8388607;8388607;8388607;8388607;8388607;8388607;8388607;8388607;8388607;8388607;8388607;8388607;8388607;8388607;8388607;8388607;8388607;8388607;8388607;8388607;8388607;8388607;8388607;8388607;8388607;8388607;8388607;8388607;
323747;8388607;8388607;8388607;8388607;8388607;8388607;8388607;8388607;8388607;8388607;8388607;8388607;8388607;8388607;8388607;8388607;8388607;8388607;8388607;8388607;8388607;8388607;8388607;8388607;8388607;8388607;8388607;8388607;8388607;8388607;8388607;8388607;
323787;8388607;8388607;8388607;8388607;8388607;8388607;8388607;8388607;8388607;8388607;8388607;8388607;8388607;8388607;8388607;8388607;8388607;8388607;8388607;8388607;8388607;8388607;8388607;8388607;8388607;8388607;8388607;8388607;8388607;8388607;8388607;8388607;
323812;8388607;8388607;8388607;8388607;8388607;8388607;8388607;8388607;8388607;8388607;8388607;8388607;8388607;8388607;8388607;8388607;8388607;8388607;8388607;8388607;8388607;8388607;8388607;8388607;8388607;8388607;8388607;8388607;8388607;8388607;8388607;8388607;
323847;8388607;8388607;8388607;8388607;8388607;8388607;8388607;8388607;8388607;8388607;8388607;8388607;8388607;8388607;8388607;8388607;8388607;8388607;8388607;8388607;8388607;8388607;8388607;8388607;8388607;8388607;8388607;8388607;8388607;8388607;8388607;8388607;
324868;8388607;8388607;8388607;8388607;8388607;8388607;8388607;8388607;8388607;8388607;8388607;8388607;8388607;8388607;8388607;8388607;8388607;8388607;8388607;8388607;8388607;8388607;8388607;8388607;8388607;8388607;8388607;8388607;8388607;8388607;8388607;8388607;
324931;8388607;8388607;8388607;8388607;8388607;8388607;8388607;8388607;8388607;8388607;8388607;8388607;8388607;8388607;8388607;8388607;8388607;8388607;8388607;8388607;8388607;8388607;8388607;8388607;8388607;8388607;8388607;8388607;8388607;8388607;8388607;8388607;
324981;8388607;8388607;8388607;8388607;8388607;8388607;8388607;8388607;8388607;8388607;8388607;8388607;8388607;8388607;8388607;8388607;8388607;8388607;8388607;8388607;8388607;8388607;8388607;8388607;8388607;8388607;8388607;8388607;8388607;8388607;8388607;8388607;
325154;8388607;8388607;8388607;8388607;8388607;8388607;8388607;8388607;8388607;8388607;8388607;8388607;8388607;8388607;8388607;8388607;8388607;8388607;8388607;8388607;8388607;8388607;8388607;8388607;8388607;8388607;8388607;8388607;8388607;8388607;8388607;8388607;
325296;8388607;8388607;8388607;8388607;8388607;8388607;8388607;8388607;8388607;8388607;8388607;8388607;8388607;8388607;8388607;8388607;8388607;8388607;8388607;8388607;8388607;8388607;8388607;8388607;8388607;8388607;8388607;8388607;8388607;8388607;8388607;8388607;
325322;8388607;8388607;8388607;8388607;8388607;8388607;8388607;8388607;8388607;8388607;8388607;8388607;8388607;8388607;8388607;8388607;8388607;8388607;8388607;8388607;8388607;8388607;8388607;8388607;8388607;8388607;8388607;8388607;8388607;8388607;8388607;8388607;
325356;8388607;8388607;8388607;8388607;8388607;8388607;8388607;8388607;8388607;8388607;8388607;8388607;8388607;8388607;8388607;8388607;8388607;8388607;8388607;8388607;8388607;8388607;8388607;8388607;8388607;8388607;8388607;8388607;8388607;8388607;8388607;8388607;
325380;8388607;8388607;8388607;8388607;8388607;8388607;8388607;8388607;8388607;8388607;8388607;8388607;8388607;8388607;8388607;8388607;8388607;8388607;8388607;8388607;8388607;8388607;8388607;8388607;8388607;8388607;8388607;8388607;8388607;8388607;8388607;8388607;
325413;8388607;8388607;8388607;8388607;8388607;8388607;8388607;8388607;8388607;8388607;8388607;8388607;8388607;8388607;8388607;8388607;8388607;8388607;8388607;8388607;8388607;8388607;8388607;8388607;8388607;8388607;8388607;8388607;8388607;8388607;8388607;8388607;
326428;8388607;8388607;8388607;8388607;8388607;8388607;8388607;8388607;8388607;8388607;8388607;8388607;8388607;8388607;8388607;8388607;8388607;8388607;8388607;8388607;8388607;8388607;8388607;8388607;8388607;8388607;8388607;8388607;8388607;8388607;8388607;8388607;
326484;8388607;8388607;8388607;8388607;8388607;8388607;8388607;8388607;8388607;8388607;8388607;8388607;8388607;8388607;8388607;8388607;8388607;8388607;8388607;8388607;8388607;8388607;8388607;8388607;8388607;8388607;8388607;8388607;8388607;8388607;8388607;8388607;
326538;8388607;8388607;8388607;8388607;8388607;8388607;8388607;8388607;8388607;8388607;8388607;8388607;8388607;8388607;8388607;8388607;8388607;8388607;8388607;8388607;8388607;8388607;8388607;8388607;8388607;8388607;8388607;8388607;8388607;8388607;8388607;8388607;
326590;8388607;8388607;8388607;8388607;8388607;8388607;8388607;8388607;8388607;8388607;8388607;8388607;8388607;8388607;8388607;8388607;8388607;8388607;8388607;8388607;8388607;8388607;8388607;8388607;8388607;8388607;8388607;8388607;8388607;8388607;8388607;8388607;
326642;8388607;8388607;8388607;8388607;8388607;8388607;8388607;8388607;8388607;8388607;8388607;8388607;8388607;8388607;8388607;8388607;8388607;8388607;8388607;8388607;8388607;8388607;8388607;8388607;8388607;8388607;8388607;8388607;8388607;8388607;8388607;8388607;
327073;8388607;8388607;8388607;8388607;8388607;8388607;8388607;8388607;8388607;8388607;8388607;8388607;8388607;8388607;8388607;8388607;8388607;8388607;8388607;8388607;8388607;8388607;8388607;8388607;8388607;8388607;8388607;8388607;8388607;8388607;8388607;8388607;
327218;8388607;8388607;8388607;8388607;8388607;8388607;8388607;8388607;8388607;8388607;8388607;8388607;8388607;8388607;8388607;8388607;8388607;8388607;8388607;8388607;8388607;8388607;8388607;8388607;8388607;8388607;8388607;8388607;8388607;8388607;8388607;8388607;
328238;8388607;8388607;8388607;8388607;8388607;8388607;8388607;8388607;8388607;8388607;8388607;8388607;8388607;8388607;8388607;8388607;8388607;8388607;8388607;8388607;8388607;8388607;8388607;8388607;8388607;8388607;8388607;8388607;8388607;8388607;8388607;8388607;
328263;8388607;8388607;8388607;8388607;8388607;8388607;8388607;8388607;8388607;8388607;8388607;8388607;8388607;8388607;8388607;8388607;8388607;8388607;8388607;8388607;8388607;8388607;8388607;8388607;8388607;8388607;8388607;8388607;8388607;8388607;8388607;8388607;
328404;8388607;8388607;8388607;8388607;8388607;8388607;8388607;8388607;8388607;8388607;8388607;8388607;8388607;8388607;8388607;8388607;8388607;8388607;8388607;8388607;8388607;8388607;8388607;8388607;8388607;8388607;8388607;8388607;8388607;8388607;8388607;8388607;
328438;8388607;8388607;8388607;8388607;8388607;8388607;8388607;8388607;8388607;8388607;8388607;8388607;8388607;8388607;8388607;8388607;8388607;8388607;8388607;8388607;8388607;8388607;8388607;8388607;8388607;8388607;8388607;8388607;8388607;8388607;8388607;8388607;
328464;8388607;8388607;8388607;8388607;8388607;8388607;8388607;8388607;8388607;8388607;8388607;8388607;8388607;8388607;8388607;8388607;8388607;8388607;8388607;8388607;8388607;8388607;8388607;8388607;8388607;8388607;8388607;8388607;8388607;8388607;8388607;8388607;
328488;8388607;8388607;8388607;8388607;8388607;8388607;8388607;8388607;8388607;8388607;8388607;8388607;8388607;8388607;8388607;8388607;8388607;8388607;8388607;8388607;8388607;8388607;8388607;8388607;8388607;8388607;8388607;8388607;8388607;8388607;8388607;8388607;
328740;8388607;8388607;8388607;8388607;8388607;8388607;8388607;8388607;8388607;8388607;8388607;8388607;8388607;8388607;8388607;8388607;8388607;8388607;8388607;8388607;8388607;8388607;8388607;8388574;8388607;8388607;8388607;8388607;8388607;8388607;8388607;8388607;
328771;8388607;8388607;8388607;8388607;8388607;8388607;8388607;8388607;8388607;8388607;8388607;8388607;8388607;8388607;8388607;8388607;8388607;8388607;8388607;8388607;8388607;8388607;8388607;8388607;8388607;8388607;8388607;8388607;8388607;8388607;8388607;8388607;
328798;8388607;8388607;8388607;8388607;8388607;8388607;8388607;8388607;8388607;8388607;8388607;8388607;8388607;8388607;8388607;8388607;8388607;8388607;8388607;8388607;8388607;8388607;8388607;8388607;8388607;8388607;8388607;8388607;8388607;8388607;8388607;8388607;
329828;8388607;8388607;8388607;8388607;8388607;8388607;8388607;8388607;8388607;8388607;8388607;8388607;8388607;8388607;8388607;8388607;8388607;8388607;8388607;8388607;8388607;8388607;8388607;8388607;8388607;8388607;8388607;8388607;8388607;8388607;8388607;8388607;
329882;8388607;8388607;8388607;8388607;8388607;8388607;8388607;8388607;8388607;8388607;8388607;8388607;8388607;8388607;8388607;8388607;8388607;8388607;8388607;8388607;8388607;8388607;8388607;8388607;8388607;8388607;8388607;8388607;8388607;8388607;8388607;8388607;
329939;8388607;8388607;8388607;8388607;8388607;8388607;8388607;8388607;8388607;8388607;8388607;8388607;8388607;8388607;8388607;8388607;8388607;8388607;8388607;8388607;8388607;8388607;8388607;8388607;8388607;8388607;8388607;8388607;8388607;8388607;8388607;8388607;
329993;8388607;8388607;8388607;8388607;8388607;8388607;8388607;8388607;8388607;8388607;8388607;8388607;8388607;8388607;8388607;8388607;8388607;8388607;8388607;8388607;8388607;8388607;8388607;8388607;8388607;8388607;8388607;8388607;8388607;8388607;8388607;8388607;
330044;8388607;8388607;8388607;8388607;8388607;8388607;8388607;8388607;8388607;8388607;8388607;8388607;8388607;8388607;8388607;8388607;8388607;8388607;8388607;8388607;8388607;8388607;8388607;8388607;8388607;8388607;8388607;8388607;8388607;8388607;8388607;8388607;
330208;8388607;8388607;8388607;8388607;8388607;8388607;8388607;8388607;8388607;8388607;8388607;8388607;8388607;8388607;8388607;8388607;8388607;8388607;8388607;8388607;8388607;8388607;8388607;8388607;8388607;8388607;8388607;8388607;8388607;8388607;8388607;8388607;
330286;8388607;8388607;8388607;8388607;8388607;8388607;8388607;8388607;8388607;8388607;8388607;8388607;8388607;8388607;8388607;8388607;8388607;8388607;8388607;8388607;8388607;8388607;8388607;8388607;8388607;8388607;8388607;8388607;8388607;8388607;8388607;8388607;
331338;8388607;8388607;8388607;8388607;8388607;8388607;8388607;8388607;8388607;8388607;8388607;8388607;8388607;8388607;8388607;8388607;8388607;8388607;8388607;8388607;8388607;8388607;8388607;8388607;8388607;8388607;8388607;8388607;8388607;8388607;8388607;8388607;
331372;8388607;8388607;8388607;8388607;8388607;8388607;8388607;8388607;8388607;8388607;8388607;8388607;8388607;8388607;8388607;8388607;8388607;8388607;8388607;8388607;8388607;8388607;8388607;8388607;8388607;8388607;8388607;8388607;8388607;8388607;8388607;8388607;
331398;8388607;8388607;8388607;8388607;8388607;8388607;8388607;8388607;8388607;8388607;8388607;8388607;8388607;8388607;8388607;8388607;8388607;8388607;8388607;8388607;8388607;8388607;8388607;8388607;8388607;8388607;8388607;8388607;8388607;8388607;8388607;8388607;
331432;8388607;8388607;8388607;8388607;8388607;8388607;8388607;8388607;8388607;8388607;8388607;8388607;8388607;8388607;8388607;8388607;8388607;8388607;8388607;8388607;8388607;8388607;8388607;8388607;8388607;8388607;8388607;8388607;8388607;8388607;8388607;8388607;
331460;8388607;8388607;8388607;8388607;8388607;8388607;8388607;8388607;8388607;8388607;8388607;8388607;8388607;8388607;8388607;8388607;8388607;8388607;8388607;8388607;8388607;8388607;8388607;8388607;8388607;8388607;8388607;8388607;8388607;8388607;8388607;8388607;
331605;8388607;8388607;8388607;8388607;8388607;8388607;8388607;8388607;8388607;8388607;8388607;8388607;8388607;8388607;8388607;8388607;8388607;8388607;8388607;8388607;8388607;8388607;8388607;8388607;8388607;8388607;8388607;8388607;8388607;8388607;8388607;8388607;
331629;8388607;8388607;8388607;8388607;8388607;8388607;8388607;8388607;8388607;8388607;8388607;8388607;8388607;8388607;8388607;8388607;8388607;8388607;8388607;8388607;8388607;8388607;8388607;8388607;8388607;8388607;8388607;8388607;8388607;8388607;8388607;8388607;
332658;8388607;8388607;8388607;8388607;8388607;8388607;8388607;8388607;8388607;8388607;8388607;8388607;8388607;8388607;8388607;8388607;8388607;8388607;8388607;8388607;8388607;8388607;8388607;8388607;8388607;8388607;8388607;8388607;8388607;8388607;8388607;8388607;
332799;8388607;8388607;8388607;8388607;8388607;8388607;8388607;8388607;8388607;8388607;8388607;8388607;8388607;8388607;8388607;8388607;8388607;8388607;8388607;8388607;8388607;8388607;8388607;8388607;8388607;8388607;8388607;8388607;8388607;8388607;8388607;8388607;
332831;8388607;8388607;8388607;8388607;8388607;8388607;8388607;8388607;8388607;8388607;8388607;8388607;8388607;8388607;8388607;8388607;8388607;8388607;8388607;8388607;8388607;8388607;8388607;8388607;8388607;8388607;8388607;8388607;8388607;8388607;8388607;8388607;
332858;8388607;8388607;8388607;8388607;8388607;8388607;8388607;8388607;8388607;8388607;8388607;8388607;8388607;8388607;8388607;8388607;8388607;8388607;8388607;8388607;8388607;8388607;8388607;8388607;8388607;8388607;8388607;8388607;8388607;8388607;8388607;8388607;
332891;8388607;8388607;8388607;8388607;8388607;8388607;8388607;8388607;8388607;8388607;8388607;8388607;8388607;8388607;8388607;8388607;8388607;8388607;8388607;8388607;8388607;8388607;8388607;8388607;8388607;8388607;8388607;8388607;8388607;8388607;8388607;8388607;
332915;8388607;8388607;8388607;8388607;8388607;8388607;8388607;8388607;8388607;8388607;8388607;8388607;8388607;8388607;8388607;8388607;8388607;8388607;8388607;8388607;8388607;8388607;8388607;8388607;8388607;8388607;8388607;8388607;8388607;8388607;8388607;8388607;
334126;8388607;8388607;8388607;8388607;8388607;8388607;8388607;8388607;8388607;8388607;8388607;8388607;8388607;8388607;8388607;8388607;8388607;8388607;8388607;8388607;8388607;8388607;8388607;8388607;8388607;8388607;8388607;8388607;8388607;8388607;8388607;8388607;
334153;8388607;8388607;8388607;8388607;8388607;8388607;8388607;8388607;8388607;8388607;8388607;8388607;8388607;8388607;8388607;8388607;8388607;8388607;8388607;8388607;8388607;8388607;8388607;8388607;8388607;8388607;8388607;8388607;8388607;8388607;8388607;8388607;
334292;8388607;8388607;8388607;8388607;8388607;8388607;8388607;8388607;8388607;8388607;8388607;8388607;8388607;8388607;8388607;8388607;8388607;8388607;8388607;8388607;8388607;8388607;8388607;8388607;8388607;8388607;8388607;8388607;8388607;8388607;8388607;8388607;
334318;8388607;8388607;8388607;8388607;8388607;8388607;8388607;8388607;8388607;8388607;8388607;8388607;8388607;8388607;8388607;8388607;8388607;8388607;8388607;8388607;8388607;8388607;8388607;8388607;8388607;8388607;8388607;8388607;8388607;8388607;8388607;8388607;
334350;8388607;8388607;8388607;8388607;8388607;8388607;8388607;8388607;8388607;8388607;8388607;8388607;8388607;8388607;8388607;8388607;8388607;8388607;8388607;8388607;8388607;8388607;8388607;8388607;8388607;8388607;8388607;8388607;8388607;8388607;8388607;8388607;
334375;8388607;8388607;8388607;8388607;8388607;8388607;8388607;8388607;8388607;8388607;8388607;8388607;8388607;8388607;8388607;8388607;8388607;8388607;8388607;8388607;8388607;8388607;8388607;8388607;8388607;8388607;8388607;8388607;8388607;8388607;8388607;8388607;
334408;8388607;8388607;8388607;8388607;8388607;8388607;8388607;8388607;8388607;8388607;8388607;8388607;8388607;8388607;8388607;8388607;8388607;8388607;8388607;8388607;8388607;8388607;8388607;8388607;8388607;8388607;8388607;8388607;8388607;8388607;8388607;8388607;
335438;8388607;8388607;8388607;8388607;8388607;8388607;8388607;8388607;8388607;8388607;8388607;8388607;8388607;8388607;8388607;8388607;8388607;8388607;8388607;8388607;8388607;8388607;8388607;8388607;8388607;8388607;8388607;8388607;8388607;8388607;8388607;8388607;
335464;8388607;8388607;8388607;8388607;8388607;8388607;8388607;8388607;8388607;8388607;8388607;8388607;8388607;8388607;8388607;8388607;8388607;8388607;8388607;8388607;8388607;8388607;8388607;8388607;8388607;8388607;8388607;8388607;8388607;8388607;8388607;8388607;
335732;8388607;8388607;8388607;8388607;8388607;8388607;8388607;8388607;8388607;8388607;8388607;8388607;8388607;8388607;8388607;8388607;8388607;8388607;8388607;8388607;8388607;8388607;8388607;8388607;8388607;8388607;8388607;8388607;8388607;8388607;8388607;8388607;
335874;8388607;8388607;8388607;8388607;8388607;8388607;8388607;8388607;8388607;8388607;8388607;8388607;8388607;8388607;8388607;8388607;8388607;8388607;8388607;8388607;8388607;8388607;8388607;8388607;8388607;8388607;8388607;8388607;8388607;8388607;8388607;8388607;
335898;8388607;8388607;8388607;8388607;8388607;8388607;8388607;8388607;8388607;8388607;8388607;8388607;8388607;8388607;8388607;8388607;8388607;8388607;8388607;8388607;8388607;8388607;8388607;8388607;8388607;8388607;8388607;8388607;8388607;8388607;8388607;8388607;
336058;8388607;8388607;8388607;8388607;8388607;8388607;8388607;8388607;8388607;8388607;8388607;8388607;8388607;8388607;8388607;8388607;8388607;8388607;8388607;8388607;8388607;8388607;8388607;8388607;8388607;8388607;8388607;8388607;8388607;8388607;8388607;8388607;
337134;8388607;8388607;8388607;8388607;8388607;8388607;8388607;8388607;8388607;8388607;8388607;8388607;8388607;8388607;8388607;8388607;8388607;8388607;8388607;8388607;8388607;8388607;8388607;8388607;8388607;8388607;8388607;8388607;8388607;8388607;8388607;8388607;
337168;8388607;8388607;8388607;8388607;8388607;8388607;8388607;8388607;8388607;8388607;8388607;8388607;8388607;8388607;8388607;8388607;8388607;8388607;8388607;8388607;8388607;8388607;8388607;8388607;8388607;8388607;8388607;8388607;8388607;8388607;8388607;8388607;
337199;8388607;8388607;8388607;8388607;8388607;8388607;8388607;8388607;8388607;8388607;8388607;8388607;8388607;8388607;8388607;8388607;8388607;8388607;8388607;8388607;8388607;8388607;8388607;8388607;8388607;8388607;8388607;8388607;8388607;8388607;8388607;8388607;
337224;8388607;8388607;8388607;8388607;8388607;8388607;8388607;8388607;8388607;8388607;8388607;8388607;8388607;8388607;8388607;8388607;8388607;8388607;8388607;8388607;8388607;8388607;8388607;8388607;8388607;8388607;8388607;8388607;8388607;8388607;8388607;8388607;
337257;8388607;8388607;8388607;8388607;8388607;8388607;8388607;8388607;8388607;8388607;8388607;8388607;8388607;8388607;8388607;8388607;8388607;8388607;8388607;8388607;8388607;8388607;8388607;8388607;8388607;8388607;8388607;8388607;8388607;8388607;8388607;8388607;
337283;8388607;8388607;8388607;8388607;8388607;8388607;8388607;8388607;8388607;8388607;8388607;8388607;8388607;8388607;8388607;8388607;8388607;8388607;8388607;8388607;8388607;8388607;8388607;8388607;8388607;8388607;8388607;8388607;8388607;8388607;8388607;8388607;
337316;8388607;8388607;8388607;8388607;8388607;8388607;8388607;8388607;8388607;8388607;8388607;8388607;8388607;8388607;8388607;8388607;8388607;8388607;8388607;8388607;8388607;8388607;8388607;8388607;8388607;8388607;8388607;8388607;8388607;8388607;8388607;8388607;
337341;8388607;8388607;8388607;8388607;8388607;8388607;8388607;8388607;8388607;8388607;8388607;8388607;8388607;8388607;8388607;8388607;8388607;8388607;8388607;8388607;8388607;8388607;8388607;8388607;8388607;8388607;8388607;8388607;8388607;8388607;8388607;8388607;
338368;8388607;8388607;8388607;8388607;8388607;8388607;8388607;8388607;8388607;8388607;8388607;8388607;8388607;8388607;8388607;8388607;8388607;8388607;8388607;8388607;8388607;8388607;8388607;8388607;8388607;8388607;8388607;8388607;8388607;8388607;8388607;8388607;
338510;8388607;8388607;8388607;8388607;8388607;8388607;8388607;8388607;8388607;8388607;8388607;8388607;8388607;8388607;8388607;8388607;8388607;8388607;8388607;8388607;8388607;8388607;8388607;8388607;8388607;8388607;8388607;8388607;8388607;8388607;8388607;8388607;
338542;8388607;8388607;8388607;8388607;8388607;8388607;8388607;8388607;8388607;8388607;8388607;8388607;8388607;8388607;8388607;8388607;8388607;8388607;8388607;8388607;8388607;8388607;8388607;8388607;8388607;8388607;8388607;8388607;8388607;8388607;8388607;8388607;
338566;8388607;8388607;8388607;8388607;8388607;8388607;8388607;8388607;8388607;8388607;8388607;8388607;8388607;8388607;8388607;8388607;8388607;8388607;8388607;8388607;8388607;8388607;8388607;8388607;8388607;8388607;8388607;8388607;8388607;8388607;8388607;8388607;
338832;8388607;8388607;8388607;8388607;8388607;8388607;8388607;8388607;8388607;8388607;8388607;8388607;8388607;8388607;8388607;8388607;8388607;8388607;8388607;8388607;8388607;8388607;8388607;8388607;8388607;8388607;8388607;8388607;8388607;8388607;8388607;8388607;
338975;8388607;8388607;8388607;8388607;8388607;8388607;8388607;8388607;8388607;8388607;8388607;8388607;8388607;8388607;8388607;8388607;8388607;8388607;8388607;8388607;8388607;8388607;8388607;8388607;8388607;8388607;8388607;8388607;8388607;8388607;8388607;8388607;
340090;8388607;8388607;8388607;8388607;8388607;8388607;8388607;8388607;8388607;8388607;8388607;8388607;8388607;8388607;8388607;8388607;8388607;8388607;8388607;8388607;8388607;8388607;8388607;8388607;8388607;8388607;8388607;8388607;8388607;8388607;8388607;8388607;
340131;8388607;8388607;8388607;8388607;8388607;8388607;8388607;8388607;8388607;8388607;8388607;8388607;8388607;8388607;8388607;8388607;8388607;8388607;8388607;8388607;8388607;8388607;8388607;8388607;8388607;8388607;8388607;8388607;8388607;8388607;8388607;8388607;
340165;8388607;8388607;8388607;8388607;8388607;8388607;8388607;8388607;8388607;8388607;8388607;8388607;8388607;8388607;8388607;8388607;8388607;8388607;8388607;8388607;8388607;8388607;8388607;8388607;8388607;8388607;8388607;8388607;8388607;8388607;8388607;8388607;
340189;8388607;8388607;8388607;8388607;8388607;8388607;8388607;8388607;8388607;8388607;8388607;8388607;8388607;8388607;8388607;8388607;8388607;8388607;8388607;8388607;8388607;8388607;8388607;8388607;8388607;8388607;8388607;8388607;8388607;8388607;8388607;8388607;
340223;8388607;8388607;8388607;8388607;8388607;8388607;8388607;8388607;8388607;8388607;8388607;8388607;8388607;8388607;8388607;8388607;8388607;8388607;8388607;8388607;8388607;8388607;8388607;8388607;8388607;8388607;8388607;8388607;8388607;8388607;8388607;8388607;
340247;8388607;8388607;8388607;8388607;8388607;8388607;8388607;8388607;8388607;8388607;8388607;8388607;8388607;8388607;8388607;8388607;8388607;8388607;8388607;8388607;8388607;8388607;8388607;8388607;8388607;8388607;8388607;8388607;8388607;8388607;8388607;8388607;
340390;8388607;8388607;8388607;8388607;8388607;8388607;8388607;8388607;8388607;8388607;8388607;8388607;8388607;8388607;8388607;8388607;8388607;8388607;8388607;8388607;8388607;8388607;8388607;8388607;8388607;8388607;8388607;8388607;8388607;8388607;8388607;8388607;
340529;8388607;8388607;8388607;8388607;8388607;8388607;8388607;8388607;8388607;8388607;8388607;8388607;8388607;8388607;8388607;8388607;8388607;8388607;8388607;8388607;8388607;8388607;8388607;8388607;8388607;8388607;8388607;8388607;8388607;8388607;8388607;8388607;
341554;8388607;8388607;8388607;8388607;8388607;8388607;8388607;8388607;8388607;8388607;8388607;8388607;8388607;8388607;8388607;8388607;8388607;8388607;8388607;8388607;8388607;8388607;8388607;8388607;8388607;8388607;8388607;8388607;8388607;8388607;8388607;8388607;
341580;8388607;8388607;8388607;8388607;8388607;8388607;8388607;8388607;8388607;8388607;8388607;8388607;8388607;8388607;8388607;8388607;8388607;8388607;8388607;8388607;8388607;8388607;8388607;8388607;8388607;8388607;8388607;8388607;8388607;8388607;8388607;8388607;
341612;8388607;8388607;8388607;8388607;8388607;8388607;8388607;8388607;8388607;8388607;8388607;8388607;8388607;8388607;8388607;8388607;8388607;8388607;8388607;8388607;8388607;8388607;8388607;8388607;8388607;8388607;8388607;8388607;8388607;8388607;8388607;8388607;
341637;8388607;8388607;8388607;8388607;8388607;8388607;8388607;8388607;8388607;8388607;8388607;8388607;8388607;8388607;8388607;8388607;8388607;8388607;8388607;8388607;8388607;8388607;8388607;8388607;8388607;8388607;8388607;8388607;8388607;8388607;8388607;8388607;
341670;8388607;8388607;8388607;8388607;8388607;8388607;8388607;8388607;8388607;8388607;8388607;8388607;8388607;8388607;8388607;8388607;8388607;8388607;8388607;8388607;8388607;8388607;8388607;8388607;8388607;8388607;8388607;8388607;8388607;8388607;8388607;8388607;
341696;8388607;8388607;8388607;8388607;8388607;8388607;8388607;8388607;8388607;8388607;8388607;8388607;8388607;8388607;8388607;8388607;8388607;8388607;8388607;8388607;8388607;8388607;8388607;8388607;8388607;8388607;8388607;8388607;8388607;8388607;8388607;8388607;
341729;8388607;8388607;8388607;8388607;8388607;8388607;8388607;8388607;8388607;8388607;8388607;8388607;8388607;8388607;8388607;8388607;8388607;8388607;8388607;8388607;8388607;8388607;8388607;8388607;8388607;8388607;8388607;8388607;8388607;8388607;8388607;8388607;
342913;8388607;8388607;8388607;8388607;8388607;8388607;8388607;8388607;8388607;8388607;8388607;8388607;8388607;8388607;8388607;8388607;8388607;8388607;8388607;8388607;8388607;8388607;8388607;8388607;8388607;8388607;8388607;8388607;8388607;8388607;8388607;8388607;
342995;8388607;8388607;8388607;8388607;8388607;8388607;8388607;8388607;8388607;8388607;8388607;8388607;8388607;8388607;8388607;8388607;8388607;8388607;8388607;8388607;8388607;8388607;8388607;8388607;8388607;8388607;8388607;8388607;8388607;8388607;8388607;8388607;
343274;8388607;8388607;8388607;8388607;8388607;8388607;8388607;8388607;8388607;8388607;8388607;8388607;8388607;8388607;8388607;8388607;8388607;8388607;8388607;8388607;8388607;8388607;8388607;8388607;8388607;8388607;8388607;8388607;8388607;8388607;8388607;8388607;
343338;8388607;8388607;8388607;8388607;8388607;8388607;8388607;8388607;8388607;8388607;8388607;8388607;8388607;8388607;8388607;8388607;8388607;8388607;8388607;8388607;8388607;8388607;8388607;8388607;8388607;8388607;8388607;8388607;8388607;8388607;8388607;8388607;
343388;8388607;8388607;8388607;8388607;8388607;8388607;8388607;8388607;8388607;8388607;8388607;8388607;8388607;8388607;8388607;8388607;8388607;8388607;8388607;8388607;8388607;8388607;8388607;8388607;8388607;8388607;8388607;8388607;8388607;8388607;8388607;8388607;
343431;8388607;8388607;8388607;8388607;8388607;8388607;8388607;8388607;8388607;8388607;8388607;8388607;8388607;8388607;8388607;8388607;8388607;8388607;8388607;8388607;8388607;8388607;8388607;8388607;8388607;8388607;8388607;8388607;8388607;8388607;8388607;8388607;
344503;8388607;8388607;8388607;8388607;8388607;8388607;8388607;8388607;8388607;8388607;8388607;8388607;8388607;8388607;8388607;8388607;8388607;8388607;8388607;8388607;8388607;8388607;8388607;8388607;8388607;8388607;8388607;8388607;8388607;8388607;8388607;8388607;
344531;8388607;8388607;8388607;8388607;8388607;8388607;8388607;8388607;8388607;8388607;8388607;8388607;8388607;8388607;8388607;8388607;8388607;8388607;8388607;8388607;8388607;8388607;8388607;8388607;8388607;8388607;8388607;8388607;8388607;8388607;8388607;8388607;
344564;8388607;8388607;8388607;8388607;8388607;8388607;8388607;8388607;8388607;8388607;8388607;8388607;8388607;8388607;8388607;8388607;8388607;8388607;8388607;8388607;8388607;8388607;8388607;8388607;8388607;8388607;8388607;8388607;8388607;8388607;8388607;8388607;
344590;8388607;8388607;8388607;8388607;8388607;8388607;8388607;8388607;8388607;8388607;8388607;8388607;8388607;8388607;8388607;8388607;8388607;8388607;8388607;8388607;8388607;8388607;8388607;8388607;8388607;8388607;8388607;8388607;8388607;8388607;8388607;8388607;
344622;8388607;8388607;8388607;8388607;8388607;8388607;8388607;8388607;8388607;8388607;8388607;8388607;8388607;8388607;8388607;8388607;8388607;8388607;8388607;8388607;8388607;8388607;8388607;8388607;8388607;8388607;8388607;8388607;8388607;8388607;8388607;8388607;
344648;8388607;8388607;8388607;8388607;8388607;8388607;8388607;8388607;8388607;8388607;8388607;8388607;8388607;8388607;8388607;8388607;8388607;8388607;8388607;8388607;8388607;8388607;8388607;8388607;8388607;8388607;8388607;8388607;8388607;8388607;8388607;8388607;
344789;8388607;8388607;8388607;8388607;8388607;8388607;8388607;8388607;8388607;8388607;8388607;8388607;8388607;8388607;8388607;8388607;8388607;8388607;8388607;8388607;8388607;8388607;8388607;8388607;8388607;8388607;8388607;8388607;8388607;8388607;8388607;8388607;
345812;8388607;8388607;8388607;8388607;8388607;8388607;8388607;8388607;8388607;8388607;8388607;8388607;8388607;8388607;8388607;8388607;8388607;8388607;8388607;8388607;8388607;8388607;8388607;8388607;8388607;8388607;8388607;8388607;8388607;8388607;8388607;8388607;
345868;8388607;8388607;8388607;8388607;8388607;8388607;8388607;8388607;8388607;8388607;8388607;8388607;8388607;8388607;8388607;8388607;8388607;8388607;8388607;8388607;8388607;8388607;8388607;8388607;8388607;8388607;8388607;8388607;8388607;8388607;8388607;8388607;
345921;8388607;8388607;8388607;8388607;8388607;8388607;8388607;8388607;8388607;8388607;8388607;8388607;8388607;8388607;8388607;8388607;8388607;8388607;8388607;8388607;8388607;8388607;8388607;8388607;8388607;8388607;8388607;8388607;8388607;8388607;8388607;8388607;
345978;8388607;8388607;8388607;8388607;8388607;8388607;8388607;8388607;8388607;8388607;8388607;8388607;8388607;8388607;8388607;8388607;8388607;8388607;8388607;8388607;8388607;8388607;8388607;8388607;8388607;8388607;8388607;8388607;8388607;8388607;8388607;8388607;
346015;8388607;8388607;8388607;8388607;8388607;8388607;8388607;8388607;8388607;8388607;8388607;8388607;8388607;8388607;8388607;8388607;8388607;8388607;8388607;8388607;8388607;8388607;8388607;8388607;8388607;8388607;8388607;8388607;8388607;8388607;8388607;8388607;
346071;8388607;8388607;8388607;8388607;8388607;8388607;8388607;8388607;8388607;8388607;8388607;8388607;8388607;8388607;8388607;8388607;8388607;8388607;8388607;8388607;8388607;8388607;8388607;8388607;8388607;8388607;8388607;8388607;8388607;8388607;8388607;8388607;
347278;8388607;8388607;8388607;8388607;8388607;8388607;8388607;8388607;8388607;8388607;8388607;8388607;8388607;8388607;8388607;8388607;8388607;8388607;8388607;8388607;8388607;8388607;8388607;8388607;8388607;8388607;8388607;8388607;8388607;8388607;8388607;8388607;
347314;8388607;8388607;8388607;8388607;8388607;8388607;8388607;8388607;8388607;8388607;8388607;8388607;8388607;8388607;8388607;8388607;8388607;8388607;8388607;8388607;8388607;8388607;8388607;8388607;8388607;8388607;8388607;8388607;8388607;8388607;8388607;8388607;
347340;8388607;8388607;8388607;8388607;8388607;8388607;8388607;8388607;8388607;8388607;8388607;8388607;8388607;8388607;8388607;8388607;8388607;8388607;8388607;8388607;8388607;8388607;8388607;8388607;8388607;8388607;8388607;8388607;8388607;8388607;8388607;8388607;
347366;8388607;8388607;8388607;8388607;8388607;8388607;8388607;8388607;8388607;8388607;8388607;8388607;8388607;8388607;8388607;8388607;8388607;8388607;8388607;8388607;8388607;8388607;8388607;8388607;8388607;8388607;8388607;8388607;8388607;8388607;8388607;8388607;
347392;8388607;8388607;8388607;8388607;8388607;8388607;8388607;8388607;8388607;8388607;8388607;8388607;8388607;8388607;8388607;8388607;8388607;8388607;8388607;8388607;8388607;8388607;8388607;8388607;8388607;8388607;8388607;8388607;8388607;8388607;8388607;8388607;
347419;8388607;8388607;8388607;8388607;8388607;8388607;8388607;8388607;8388607;8388607;8388607;8388607;8388607;8388607;8388607;8388607;8388607;8388607;8388607;8388607;8388607;8388607;8388607;8388607;8388607;8388607;8388607;8388607;8388607;8388607;8388607;8388607;
347443;8388607;8388607;8388607;8388607;8388607;8388607;8388607;8388607;8388607;8388607;8388607;8388607;8388607;8388607;8388607;8388607;8388607;8388607;8388607;8388607;8388607;8388607;8388607;8388607;8388607;8388607;8388607;8388607;8388607;8388607;8388607;8388607;
