528323;8388607;8388607;8388607;8388607;8388607;8388607;8388607;8388607;8388607;8388607;8388607;8388607;8388607;8388607;8388607;8388607;8388607;8388607;8388607;8388607;8388607;8388607;8388607;8388607;8388607;8388607;8388607;8388607;8388607;8388607;8388607;8388607;
528415;8388607;8388607;8388607;8388607;8388607;8388607;8388607;8388607;8388607;8388607;8388607;8388607;8388607;8388607;8388607;8388607;8388607;8388607;8388607;8388607;8388607;8388607;8388607;8388607;8388607;8388607;8388607;8388607;8388607;8388607;8388607;8388607;
528429;8388607;8388607;8388607;8388607;8388607;8388607;8388607;8388607;8388607;8388607;8388607;8388607;8388607;8388607;8388607;8388607;8388607;8388607;8388607;8388607;8388607;8388607;8388607;8388607;8388607;8388607;8388607;8388607;8388607;8388607;8388607;8388607;
528443;8388607;8388607;8388607;8388607;8388607;8388607;8388607;8388607;8388607;8388607;8388607;8388607;8388607;8388607;8388607;8388607;8388607;8388607;8388607;8388607;8388607;8388607;8388607;8388607;8388607;8388607;8388607;8388607;8388607;8388607;8388607;8388607;
529450;8388607;8388607;8388607;8388607;8388607;8388607;8388607;8388607;8388607;8388607;8388607;8388607;8388607;8388607;8388607;8388607;8388607;8388607;8388607;8388607;8388607;8388607;8388607;8388607;8388607;8388607;8388607;8388607;8388607;8388607;8388607;8388607;
529465;8388607;8388607;8388607;8388607;8388607;8388607;8388607;8388607;8388607;8388607;8388607;8388607;8388607;8388607;8388607;8388607;8388607;8388607;8388607;8388607;8388607;8388607;8388607;8388607;8388607;8388607;8388607;8388607;8388607;8388607;8388607;8388607;
529480;8388607;8388607;8388607;8388607;8388607;8388607;8388607;8388607;8388607;8388607;8388607;8388607;8388607;8388607;8388607;8388607;8388607;8388607;8388607;8388607;8388607;8388607;8388607;8388607;8388607;8388607;8388607;8388607;8388607;8388607;8388607;8388607;
529494;8388607;8388607;8388607;8388607;8388607;8388607;8388607;8388607;8388607;8388607;8388607;8388607;8388607;8388607;8388607;8388607;8388607;8388607;8388607;8388607;8388607;8388607;8388607;8388607;8388607;8388607;8388607;8388607;8388607;8388607;8388607;8388607;
529508;8388607;8388607;8388607;8388607;8388607;8388607;8388607;8388607;8388607;8388607;8388607;8388607;8388607;8388607;8388607;8388607;8388607;8388607;8388607;8388607;8388607;8388607;8388607;8388607;8388607;8388607;8388607;8388607;8388607;8388607;8388607;8388607;
530520;8388607;8388607;8388607;8388607;8388607;8388607;8388607;8388607;8388607;8388607;8388607;8388607;8388607;8388607;8388607;8388607;8388607;8388607;8388607;8388607;8388607;8388607;8388607;8388607;8388607;8388607;8388607;8388607;8388607;8388607;8388607;8388607;
530536;8388607;8388607;8388607;8388607;8388607;8388607;8388607;8388607;8388607;8388607;8388607;8388607;8388607;8388607;8388607;8388607;8388607;8388607;8388607;8388607;8388607;8388607;8388607;8388607;8388607;8388607;8388607;8388607;8388607;8388607;8388607;8388607;
530550;8388607;8388607;8388607;8388607;8388607;8388607;8388607;8388607;8388607;8388607;8388607;8388607;8388607;8388607;8388607;8388607;8388607;8388607;8388607;8388607;8388607;8388607;8388607;8388607;8388607;8388607;8388607;8388607;8388607;8388607;8388607;8388607;
530566;8388607;8388607;8388607;8388607;8388607;8388607;8388607;8388607;8388607;8388607;8388607;8388607;8388607;8388607;8388607;8388607;8388607;8388607;8388607;8388607;8388607;8388607;8388607;8388607;8388607;8388607;8388607;8388607;8388607;8388607;8388607;8388607;
530581;8388607;8388607;8388607;8388607;8388607;8388607;8388607;8388607;8388607;8388607;8388607;8388607;8388607;8388607;8388607;8388607;8388607;8388607;8388607;8388607;8388607;8388607;8388607;8388607;8388607;8388607;8388607;8388607;8388607;8388607;8388607;8388607;
531727;8388607;8388607;8388607;8388607;8388607;8388607;8388607;8388607;8388607;8388607;8388607;8388607;8388607;8388607;8388607;8388607;8388607;8388607;8388607;8388607;8388607;8388607;8388607;8388607;8388607;8388607;8388607;8388607;8388607;8388607;8388607;8388607;
531743;8388607;8388607;8388607;8388607;8388607;8388607;8388607;8388607;8388607;8388607;8388607;8388607;8388607;8388607;8388607;8388607;8388607;8388607;8388607;8388607;8388409;8388607;8388607;8388607;8388607;8388607;8388607;8388607;8388607;8388607;8388607;8388607;
531760;8388607;8388607;8388607;8388607;8388607;8388607;8388607;8388607;8388607;8388607;8388607;8388607;8388607;8388607;8388607;8388607;8388607;8388607;8388607;8388607;8388607;8388607;8388607;8388607;8388607;8388607;8388607;8388607;8388607;8388607;8388607;8388607;
531774;8388607;8388607;8388607;8388607;8388607;8388607;8388607;8388607;8388607;8388607;8388607;8388607;8388607;8388607;8388607;8388607;8388607;8388607;8388607;8388607;8388607;8388607;8388607;8388607;8388607;8388607;8388607;8388607;8388607;8388607;8388607;8388607;
531795;8388607;8388607;8388607;8388607;8388607;8388607;8388607;8388607;8388607;8388607;8388607;8388607;8388607;8388607;8388607;8388607;8388607;8388607;8388607;8388607;8388607;8388607;8388607;8388607;8388607;8388607;8388607;8388607;8388607;8388607;8388607;8388607;
531810;8388607;8388607;8388607;8388607;8388607;8388607;8388607;8388607;8388607;8388607;8388607;8388607;8388607;8388607;8388607;8388607;8388607;8388607;8388607;8388607;8388607;8388607;8388607;8388607;8388607;8388607;8388607;8388607;8388607;8388607;8388607;8388607;
