Time;acc_x;acc_y;acc_z;

1485;-0.035156;0.037109;1.027344;
1633;-0.034180;0.037109;1.029297;
1773;-0.034180;0.036133;1.030273;
1913;-0.034180;0.036133;1.029297;
2053;-0.036133;0.036133;1.029297;
2193;-0.034180;0.036133;1.028320;
2333;-0.032227;0.037109;1.039062;
2473;-0.035156;0.035156;1.027344;
2613;-0.034180;0.037109;1.030273;
2753;-0.034180;0.037109;1.029297;
2893;-0.034180;0.036133;1.028320;
3033;-0.033203;0.035156;1.028320;
3173;-0.035156;0.036133;1.028320;
3313;-0.034180;0.035156;1.030273;
3453;-0.033203;0.037109;1.028320;
3593;-0.034180;0.036133;1.029297;
3733;-0.033203;0.035156;1.028320;
3869;-0.033203;0.039062;1.032227;
4040;-0.035156;0.035156;1.031250;
4213;-0.035156;0.036133;1.031250;
4363;-0.035156;0.035156;1.029297;
4503;-0.034180;0.037109;1.029297;
4643;-0.034180;0.035156;1.028320;
4783;-0.034180;0.038086;1.030273;
4923;-0.034180;0.036133;1.030273;
5063;-0.034180;0.038086;1.031250;
5203;-0.035156;0.036133;1.028320;
5349;-0.035156;0.035156;1.030273;
5503;-0.034180;0.036133;1.029297;
5653;-0.033203;0.036133;1.030273;
5793;-0.035156;0.036133;1.029297;
5940;-0.033203;0.036133;1.028320;
6103;-0.034180;0.035156;1.029297;
6290;-0.035156;0.036133;1.029297;
6483;-0.035156;0.036133;1.029297;
6629;-0.034180;0.036133;1.028320;
6783;-0.035156;0.036133;1.029297;
6923;-0.034180;0.039062;1.029297;
7063;-0.034180;0.036133;1.029297;
7199;-0.034180;0.037109;1.030273;
7383;-0.035156;0.036133;1.028320;
7533;-0.035156;0.036133;1.029297;
7673;-0.034180;0.037109;1.030273;
7810;-0.033203;0.038086;1.032227;
7963;-0.034180;0.036133;1.029297;
8113;-0.034180;0.039062;1.029297;
8253;-0.035156;0.038086;1.030273;
8389;-0.034180;0.038086;1.028320;
8559;-0.033203;0.036133;1.030273;
8749;-0.032227;0.037109;1.028320;
8903;-0.035156;0.037109;1.029297;
9060;-0.035156;0.035156;1.029297;
9203;-0.034180;0.035156;1.028320;
9343;-0.034180;0.036133;1.030273;
9483;-0.035156;0.036133;1.029297;
9619;-0.034180;0.037109;1.028320;
9793;-0.034180;0.037109;1.031250;
9943;-0.034180;0.034180;1.029297;
10083;-0.033203;0.036133;1.029297;
10219;-0.035156;0.037109;1.030273;
10383;-0.034180;0.035156;1.028320;
10523;-0.034180;0.037109;1.030273;
10663;-0.035156;0.035156;1.030273;
10799;-0.037109;0.031250;1.013672;
10953;-0.035156;0.035156;1.033203;
11089;-0.036133;0.039062;1.032227;
11250;-0.034180;0.039062;1.023438;
11443;-0.035156;0.039062;1.032227;
11593;-0.039062;0.037109;1.028320;
11733;-0.035156;0.037109;1.030273;
11873;-0.032227;0.035156;1.029297;
12033;-0.032227;0.031250;1.043945;
12173;-0.037109;0.039062;1.012695;
12313;-0.032227;0.033203;1.043945;
12453;-0.034180;0.036133;1.034180;
12603;-0.034180;0.036133;1.034180;
12743;-0.033203;0.038086;1.032227;
12883;-0.034180;0.037109;1.028320;
13023;-0.037109;0.037109;1.022461;
13159;-0.034180;0.036133;1.033203;
13323;-0.034180;0.038086;1.027344;
13479;-0.034180;0.036133;1.035156;
13659;-0.032227;0.036133;1.031250;
13843;-0.032227;0.035156;1.038086;
13993;-0.036133;0.035156;1.023438;
14133;-0.032227;0.040039;1.028320;
14273;-0.035156;0.035156;1.030273;
14413;-0.034180;0.036133;1.029297;
14553;-0.034180;0.037109;1.030273;
14703;-0.034180;0.037109;1.030273;
14843;-0.034180;0.037109;1.028320;
14979;-0.034180;0.035156;1.029297;
15123;-0.034180;0.036133;1.029297;
15263;-0.034180;0.037109;1.031250;
15403;-0.035156;0.036133;1.030273;
15539;-0.035156;0.037109;1.030273;
15695;-0.034180;0.037109;1.028320;
15879;-0.033203;0.038086;1.031250;
16073;-0.035156;0.038086;1.028320;
16233;-0.035156;0.036133;1.030273;
16383;-0.035156;0.036133;1.028320;
16523;-0.037109;0.033203;1.025391;
16663;-0.032227;0.037109;1.047852;
16801;-0.033203;0.035156;1.036133;
16929;-0.035156;0.035156;1.033203;
17093;-0.037109;0.038086;1.026367;
17233;-0.036133;0.033203;1.025391;
17373;-0.037109;0.038086;1.029297;
17520;-0.035156;0.040039;1.027344;
17673;-0.036133;0.036133;1.026367;
17813;-0.032227;0.038086;1.035156;
17954;-0.034180;0.037109;1.030273;
18100;-0.035156;0.037109;1.032227;
18289;-0.036133;0.035156;1.025391;
18473;-0.035156;0.039062;1.023438;
18623;-0.031250;0.037109;1.037109;
18763;-0.036133;0.038086;1.025391;
18903;-0.035156;0.036133;1.027344;
19039;-0.035156;0.034180;1.026367;
19183;-0.037109;0.037109;1.019531;
19323;-0.033203;0.038086;1.033203;
19463;-0.036133;0.037109;1.027344;
19605;-0.033203;0.038086;1.028320;
19763;-0.034180;0.036133;1.036133;
19913;-0.033203;0.036133;1.030273;
20053;-0.034180;0.035156;1.031250;
20189;-0.034180;0.038086;1.024414;
20353;-0.035156;0.036133;1.030273;
20493;-0.034180;0.036133;1.032227;
20650;-0.034180;0.036133;1.030273;
20820;-0.034180;0.038086;1.031250;
20993;-0.035156;0.035156;1.031250;
21133;-0.034180;0.036133;1.029297;
21273;-0.035156;0.037109;1.027344;
21413;-0.036133;0.038086;1.019531;
21553;-0.035156;0.034180;1.024414;
21693;-0.036133;0.038086;1.036133;
21833;-0.038086;0.037109;1.025391;
21973;-0.034180;0.041016;1.033203;
22113;-0.032227;0.038086;1.032227;
22253;-0.036133;0.035156;1.027344;
22393;-0.035156;0.035156;1.026367;
22533;-0.036133;0.037109;1.024414;
22683;-0.032227;0.035156;1.033203;
22819;-0.035156;0.035156;1.027344;
22978;-0.034180;0.039062;1.033203;
23163;-0.035156;0.037109;1.024414;
23313;-0.034180;0.037109;1.031250;
23453;-0.033203;0.036133;1.034180;
23593;-0.035156;0.034180;1.030273;
23733;-0.034180;0.037109;1.033203;
23875;-0.035156;0.036133;1.026367;
24033;-0.033203;0.035156;1.027344;
24173;-0.034180;0.038086;1.029297;
24313;-0.035156;0.036133;1.029297;
24449;-0.033203;0.038086;1.030273;
24603;-0.033203;0.036133;1.037109;
24743;-0.033203;0.038086;1.028320;
24883;-0.037109;0.037109;1.027344;
25029;-0.033203;0.038086;1.033203;
25189;-0.036133;0.036133;1.024414;
25379;-0.034180;0.036133;1.030273;
25553;-0.033203;0.035156;1.033203;
25703;-0.033203;0.037109;1.040039;
25844;-0.035156;0.037109;1.020508;
25983;-0.034180;0.037109;1.041016;
26123;-0.034180;0.036133;1.029297;
26263;-0.034180;0.037109;1.027344;
26403;-0.036133;0.035156;1.030273;
26543;-0.034180;0.037109;1.030273;
26683;-0.033203;0.038086;1.030273;
26818;-0.033203;0.035156;1.029297;
26973;-0.036133;0.036133;1.028320;
27113;-0.035156;0.035156;1.028320;
27263;-0.032227;0.038086;1.030273;
27399;-0.033203;0.037109;1.029297;
27570;-0.034180;0.037109;1.031250;
27763;-0.034180;0.037109;1.029297;
27913;-0.035156;0.035156;1.028320;
28049;-0.034180;0.037109;1.031250;
28193;-0.032227;0.038086;1.032227;
28333;-0.034180;0.038086;1.030273;
28473;-0.033203;0.038086;1.029297;
28613;-0.036133;0.036133;1.029297;
28753;-0.035156;0.036133;1.028320;
28893;-0.034180;0.037109;1.031250;
29043;-0.035156;0.037109;1.030273;
29183;-0.034180;0.036133;1.031250;
29319;-0.034180;0.036133;1.029297;
29483;-0.033203;0.038086;1.029297;
29633;-0.033203;0.037109;1.031250;
29769;-0.034180;0.035156;1.029297;
29949;-0.034180;0.036133;1.028320;
30129;-0.035156;0.036133;1.030273;
30289;-0.034180;0.036133;1.029297;
30433;-0.034180;0.038086;1.030273;
30583;-0.035156;0.037109;1.029297;
30720;-0.034180;0.036133;1.029297;
30883;-0.035156;0.037109;1.029297;
31023;-0.034180;0.037109;1.029297;
31163;-0.035156;0.035156;1.028320;
31309;-0.034180;0.036133;1.028320;
31449;-0.034180;0.038086;1.030273;
31613;-0.035156;0.035156;1.028320;
31753;-0.033203;0.037109;1.029297;
31903;-0.035156;0.035156;1.030273;
32039;-0.035156;0.035156;1.027344;
32193;-0.033203;0.037109;1.029297;
32329;-0.035156;0.035156;1.030273;
32510;-0.034180;0.036133;1.030273;
32710;-0.033203;0.038086;1.029297;
32883;-0.035156;0.035156;1.029297;
33023;-0.034180;0.037109;1.029297;
33163;-0.035156;0.036133;1.029297;
33299;-0.033203;0.036133;1.030273;
33463;-0.034180;0.038086;1.031250;
33613;-0.033203;0.036133;1.029297;
33753;-0.036133;0.037109;1.029297;
33895;-0.035156;0.039062;1.030273;
34053;-0.033203;0.037109;1.029297;
34203;-0.033203;0.037109;1.030273;
34343;-0.035156;0.036133;1.029297;
34483;-0.033203;0.037109;1.031250;
34629;-0.035156;0.036133;1.031250;
34781;-0.035156;0.035156;1.029297;
34979;-0.035156;0.036133;1.029297;
