Time;Load cell reading [N];Temperature [C];Pressure sensor 1 [bar];Pressure sensor 2 [bar];Distance [mm];

550083;-2000.000000;19.875000;0.021667;3.129167;97;

550227;-2000.000000;19.875000;0.021250;3.129167;96;

550372;-2000.000000;19.875000;0.021667;3.128750;97;

550509;-2000.000000;19.875000;0.021667;3.129167;95;

550652;-2000.000000;19.937500;0.021250;3.129167;96;

550789;-2000.000000;19.875000;0.021667;3.129167;96;

550932;-2000.000000;19.937500;0.021667;3.129167;97;

551069;-2000.000000;19.875000;0.021667;3.129167;96;

551212;-2000.000000;19.937500;0.021667;3.129167;97;

551349;-2000.000000;19.875000;0.021667;3.129167;96;

551492;-2000.000000;19.937500;0.021667;3.129167;96;

551629;-2000.000000;19.875000;0.021667;3.129167;99;

551772;-2000.000000;19.937500;0.021667;3.129167;92;

551909;-2000.000000;19.875000;0.021667;3.129167;98;

552052;-2000.000000;19.875000;0.021667;3.129167;99;

552189;-2000.000000;19.875000;0.021250;3.129167;96;

552332;-2000.000000;19.937500;0.021250;3.129167;98;

552469;-2000.000000;19.937500;0.021250;3.129167;97;

552622;-2000.000000;19.875000;0.021667;3.129167;95;

552783;-2000.000000;19.875000;0.021667;3.129167;95;

552945;-2000.000000;19.875000;0.021667;3.129167;96;

553082;-2000.000000;19.937500;0.021667;3.128750;98;

553219;-2000.000000;19.937500;0.021250;3.128750;94;

553362;-2000.000000;19.875000;0.021667;3.128750;98;

553499;-2000.000000;19.875000;0.021667;3.129167;96;

553644;-2000.000000;19.875000;0.021667;3.129167;96;

553795;-2000.000000;19.875000;0.021667;3.129167;97;

553942;-2000.000000;19.937500;0.021667;3.129167;97;

554082;-2000.000000;19.875000;0.021667;3.129167;100;

554220;-2000.000000;19.937500;0.021667;3.128750;99;

554362;-2000.000000;19.875000;0.021250;3.129167;94;

554499;-2000.000000;19.937500;0.021667;3.129167;98;

554642;-2000.000000;19.875000;0.021250;3.129167;99;

554779;-2000.000000;19.875000;0.021250;3.129167;98;

554922;-2000.000000;19.875000;0.021667;3.129167;96;

555068;-2000.000000;19.937500;0.021667;3.129167;98;

555225;-2000.000000;19.937500;0.021250;3.128750;97;

555384;-2000.000000;19.937500;0.021250;3.129167;97;

555522;-2000.000000;19.875000;0.021250;3.129167;97;

555662;-2000.000000;19.875000;0.021667;3.129167;96;

555799;-2000.000000;19.937500;0.021667;3.129167;99;

555942;-2000.000000;19.875000;0.021667;3.128333;94;

556081;-2000.000000;19.875000;0.021667;3.128750;95;

556222;-2000.000000;19.875000;0.021667;3.127917;96;

556360;-2000.000000;19.937500;0.021667;3.124167;96;

556502;-2000.000000;19.937500;0.021667;3.126667;96;

556639;-2000.000000;19.875000;0.021250;3.126667;97;

556782;-2000.000000;19.937500;0.021667;3.124167;96;

556919;-2000.000000;19.937500;0.021667;3.125000;96;

557062;-2000.000000;19.875000;0.021667;3.123750;99;

557199;-2000.000000;19.937500;0.021667;3.123750;96;

557342;-2000.000000;19.937500;0.021667;3.123750;96;

557479;-2000.000000;19.937500;0.021667;3.123750;97;

557633;-2000.000000;19.937500;0.021667;3.123750;98;

557796;-2000.000000;19.937500;0.021667;3.123750;96;

557944;-2000.000000;19.937500;0.021250;3.123750;99;

558092;-2000.000000;19.937500;0.021667;3.123750;97;

558229;-2000.000000;19.875000;0.021667;3.123750;97;

558373;-2000.000000;19.937500;0.021667;3.123750;95;

558522;-2000.000000;19.937500;0.021667;3.123750;96;

558659;-2000.000000;19.875000;0.021667;3.123750;97;

558802;-2000.000000;19.875000;0.021667;3.123750;99;

558939;-2000.000000;19.937500;0.021250;3.123750;97;

559083;-2000.000000;19.937500;0.021250;3.123750;95;

559219;-2000.000000;19.937500;0.021250;3.123750;98;

559362;-2000.000000;19.937500;0.021667;3.123750;95;

559500;-2000.000000;19.937500;0.021667;3.123750;98;

559642;-2000.000000;19.937500;0.021667;3.123750;96;

559781;-2000.000000;19.937500;0.021250;3.123750;96;

559922;-2000.000000;19.875000;0.021250;3.123750;99;

560077;-2000.000000;19.875000;0.021250;3.123750;96;

560232;-2000.000000;19.937500;0.021250;3.123750;97;

560392;-2000.000000;19.937500;0.022500;3.123750;97;

560544;-2000.000000;19.937500;0.021667;3.123750;98;

560692;-2000.000000;19.937500;0.021667;3.123750;95;

560832;-2000.000000;19.937500;0.021250;3.123334;97;

560971;-2000.000000;19.937500;0.021667;3.123750;96;

561112;-2000.000000;19.875000;0.021667;3.123750;97;

561249;-2000.000000;19.937500;0.021250;3.123750;96;

561393;-2000.000000;19.875000;0.021667;3.123750;96;

561542;-2000.000000;19.937500;0.021250;3.123750;94;

561680;-2000.000000;19.937500;0.021667;3.119167;98;

561822;-2000.000000;19.937500;0.021667;3.118750;97;

561959;-2000.000000;19.875000;0.021667;3.119583;96;

562104;-2000.000000;19.937500;0.021667;3.118334;97;

562249;-2000.000000;19.937500;0.021667;3.122084;98;

562392;-2000.000000;19.937500;0.021667;3.119167;97;

562539;-2000.000000;19.937500;0.021667;3.119583;96;

562692;-2000.000000;19.875000;0.021667;3.118334;97;

562850;-2000.000000;19.937500;0.021250;3.118334;96;

562993;-2000.000000;19.937500;0.021667;3.118334;98;

563142;-2000.000000;19.937500;0.021667;3.118334;97;

563279;-2000.000000;19.937500;0.021250;3.118334;96;

563423;-2000.000000;19.875000;0.021667;3.118334;98;

563572;-2000.000000;19.937500;0.021667;3.118334;96;

563709;-2000.000000;19.937500;0.021667;3.118334;96;

563853;-2000.000000;19.937500;0.021667;3.118334;97;

563999;-2000.000000;19.937500;0.021667;3.118334;97;

564143;-2000.000000;19.937500;0.021250;3.118334;97;

564284;-2000.000000;19.937500;0.021667;3.118750;96;

564429;-2000.000000;19.937500;0.021667;3.118334;99;

564572;-2000.000000;19.937500;0.021667;3.118750;97;

564709;-2000.000000;19.875000;0.021667;3.118334;98;

564861;-2000.000000;19.875000;0.021667;3.118334;95;

565024;-2000.000000;19.937500;0.021250;3.118750;97;

565185;-2000.000000;19.937500;0.021667;3.118334;97;

565337;-2000.000000;19.875000;0.021667;3.118334;100;

565482;-2000.000000;19.937500;0.021250;3.118334;98;

565619;-2000.000000;19.875000;0.021250;3.118334;97;

565763;-2000.000000;19.875000;0.021667;3.118334;96;

565912;-2000.000000;19.937500;0.021667;3.118334;96;

566049;-2000.000000;19.937500;0.021667;3.118334;95;

566192;-2000.000000;19.937500;0.021667;3.118334;96;

566329;-2000.000000;19.937500;0.021667;3.118334;98;

566472;-2000.000000;19.937500;0.021667;3.118334;95;

566609;-2000.000000;19.937500;0.021667;3.118750;96;

566752;-2000.000000;19.937500;0.021250;3.118334;95;

566891;-2000.000000;19.937500;0.021250;3.118334;97;

567032;-2000.000000;19.875000;0.021667;3.118334;97;

567171;-2000.000000;19.875000;0.021667;3.118334;96;

567312;-2000.000000;19.937500;0.021667;3.118334;97;

567453;-2000.000000;19.937500;0.021667;3.118334;96;

567612;-2000.000000;19.937500;0.021667;3.118334;99;

567775;-2000.000000;19.937500;0.021250;3.118334;100;

567922;-2000.000000;19.937500;0.021667;3.118750;94;

568062;-2000.000000;19.937500;0.021667;3.118334;97;

568200;-2000.000000;19.937500;0.021250;3.118334;97;

568342;-2000.000000;19.875000;0.021667;3.118334;97;

568479;-2000.000000;19.937500;0.021667;3.118750;95;

568622;-2000.000000;19.937500;0.021667;3.117500;96;

568759;-2000.000000;19.937500;0.021667;3.117500;96;

568902;-2000.000000;19.937500;0.021667;3.115000;94;

569052;-2000.000000;19.937500;0.021667;3.114167;97;

569189;-2000.000000;19.937500;0.022500;3.113333;97;

569332;-2000.000000;19.937500;0.021667;3.114583;97;

569469;-2000.000000;19.937500;0.021667;3.112917;97;

569612;-2000.000000;19.875000;0.021667;3.112917;97;

569749;-2000.000000;19.937500;0.021250;3.113333;97;

569902;-2000.000000;19.875000;0.021667;3.112917;97;

570062;-2000.000000;19.875000;0.021250;3.112917;97;

570213;-2000.000000;19.937500;0.021250;3.112917;97;

570349;-2000.000000;19.937500;0.021667;3.112917;97;

570504;-2000.000000;19.937500;0.021667;3.112917;99;

570652;-2000.000000;19.937500;0.022083;3.112917;96;

570789;-2000.000000;19.875000;0.021667;3.112917;98;

570932;-2000.000000;19.937500;0.021667;3.113333;97;

571069;-2000.000000;19.937500;0.021250;3.113333;95;

571212;-2000.000000;19.937500;0.021667;3.112917;96;

571351;-2000.000000;19.937500;0.021667;3.113333;96;

571492;-2000.000000;19.875000;0.021250;3.113333;96;

571631;-2000.000000;19.937500;0.021250;3.113333;96;

571772;-2000.000000;19.937500;0.021667;3.113333;95;

571913;-2000.000000;19.937500;0.021667;3.112917;96;

572059;-2000.000000;19.937500;0.021667;3.112917;98;

572202;-2000.000000;19.937500;0.021667;3.112917;97;

572339;-2000.000000;19.937500;0.021250;3.112917;99;

572482;-2000.000000;19.937500;0.021667;3.113333;98;

572627;-2000.000000;19.937500;0.021667;3.112917;97;

572772;-2000.000000;19.937500;0.021250;3.112917;97;

572923;-2000.000000;19.937500;0.021250;3.112917;97;

573067;-2000.000000;19.937500;0.021250;3.113333;95;

573212;-2000.000000;19.937500;0.021250;3.112917;96;

573352;-2000.000000;19.937500;0.021667;3.113333;99;

573489;-2000.000000;19.937500;0.021250;3.113333;97;

573632;-2000.000000;19.937500;0.021667;3.113333;97;

573769;-2000.000000;19.937500;0.021667;3.112917;97;

573914;-2000.000000;19.875000;0.021667;3.113333;94;

574062;-2000.000000;19.937500;0.021667;3.112917;98;

574199;-2000.000000;19.937500;0.021667;3.112917;94;

574343;-2000.000000;19.937500;0.021667;3.112917;94;

574489;-2000.000000;19.937500;0.022083;3.113333;97;

574632;-2000.000000;19.875000;0.021667;3.113333;98;

574771;-2000.000000;19.937500;0.021250;3.113333;96;

574912;-2000.000000;19.937500;0.021667;3.112917;96;

575054;-2000.000000;19.875000;0.021667;3.113333;95;

575211;-2000.000000;19.937500;0.021667;3.113333;94;

575362;-2000.000000;19.875000;0.021667;3.112917;98;

575523;-2000.000000;19.937500;0.021250;3.112917;95;

575673;-2000.000000;19.937500;0.021667;3.112500;94;

575812;-2000.000000;19.937500;0.021250;3.112083;95;

575949;-2000.000000;19.937500;0.021667;3.112917;97;

576092;-2000.000000;19.875000;0.021667;3.110833;98;

576230;-2000.000000;19.937500;0.021250;3.110000;95;

576372;-2000.000000;19.937500;0.021250;3.108334;98;

576511;-2000.000000;19.937500;0.021667;3.108750;96;

576652;-2000.000000;19.937500;0.021250;3.107917;96;

576789;-2000.000000;19.937500;0.022083;3.107917;96;

576932;-2000.000000;19.875000;0.021667;3.108334;97;

577069;-2000.000000;19.937500;0.021250;3.107500;93;

577212;-2000.000000;19.875000;0.021667;3.107500;96;

577349;-2000.000000;19.937500;0.021667;3.107917;97;

577492;-2000.000000;19.937500;0.021667;3.107500;96;

577656;-2000.000000;19.937500;0.022500;3.107500;96;

577815;-2000.000000;19.937500;0.021667;3.107500;93;

577974;-2000.000000;19.937500;0.021250;3.107917;95;

578122;-2000.000000;19.937500;0.021667;3.107917;98;

578259;-2000.000000;19.875000;0.021667;3.107917;95;

578404;-2000.000000;19.937500;0.021667;3.107917;95;

578552;-2000.000000;19.937500;0.022083;3.107917;96;

578689;-2000.000000;19.875000;0.021667;3.107500;97;

578832;-2000.000000;19.937500;0.021667;3.107500;96;

578969;-2000.000000;19.875000;0.021250;3.107917;96;

579112;-2000.000000;19.937500;0.021250;3.107917;96;

579249;-2000.000000;19.937500;0.021667;3.107500;97;

579392;-2000.000000;19.937500;0.021667;3.107500;95;

579529;-2000.000000;19.937500;0.021667;3.107917;97;

579672;-2000.000000;19.937500;0.021667;3.107917;98;

579811;-2000.000000;19.937500;0.021250;3.107500;95;

579952;-2000.000000;19.875000;0.021667;3.107500;95;

580090;-2000.000000;19.937500;0.021667;3.107500;97;

580244;-2000.000000;19.937500;0.021250;3.107917;97;

580403;-2000.000000;19.937500;0.021667;3.107500;95;

580543;-2000.000000;19.937500;0.021667;3.107500;95;

580679;-2000.000000;19.937500;0.021250;3.107917;96;

580822;-2000.000000;19.875000;0.021667;3.107500;98;

580959;-2000.000000;19.937500;0.021667;3.107500;97;

581102;-2000.000000;19.875000;0.021667;3.107917;95;

581241;-2000.000000;19.937500;0.021667;3.107500;96;

581382;-2000.000000;19.937500;0.021667;3.107500;98;

581520;-2000.000000;19.937500;0.021667;3.107917;97;

581662;-2000.000000;19.937500;0.021667;3.107917;96;

581799;-2000.000000;19.937500;0.021667;3.107500;95;

581942;-2000.000000;19.875000;0.021667;3.107500;95;

582092;-2000.000000;19.937500;0.021667;3.107917;97;

582229;-2000.000000;19.937500;0.021667;3.107500;96;

582373;-2000.000000;19.937500;0.021250;3.107500;97;

582526;-2000.000000;19.937500;0.021667;3.107917;96;

582684;-2000.000000;19.937500;0.021667;3.107500;96;

582843;-2000.000000;19.937500;0.022083;3.107917;97;

582992;-2000.000000;19.937500;0.021250;3.107500;99;

583132;-2000.000000;19.937500;0.021667;3.107917;98;

583269;-2000.000000;19.937500;0.021667;3.107917;96;

583413;-2000.000000;19.937500;0.021667;3.107917;97;

583562;-2000.000000;19.937500;0.021250;3.107500;97;

583699;-2000.000000;19.937500;0.021667;3.107500;95;

583843;-2000.000000;19.937500;0.021667;3.107500;97;

583989;-2000.000000;19.875000;0.021667;3.107500;94;

584132;-2000.000000;19.937500;0.021250;3.107500;98;

584272;-2000.000000;19.937500;0.021667;3.107917;96;

584409;-2000.000000;19.937500;0.021667;3.107500;94;

584553;-2000.000000;19.937500;0.021667;3.107500;96;

584689;-2000.000000;19.937500;0.021667;3.107917;97;

584832;-2000.000000;19.937500;0.021667;3.107500;98;

584977;-2000.000000;19.937500;0.022083;3.107500;96;

585134;-2000.000000;19.937500;0.021667;3.107500;97;

585293;-2000.000000;19.937500;0.021667;3.107917;97;

585433;-2000.000000;19.937500;0.021667;3.106250;97;

585579;-2000.000000;19.937500;0.021667;3.107500;98;

585723;-2000.000000;19.937500;0.021667;3.107083;94;

585872;-2000.000000;19.937500;0.021667;3.103750;98;

586009;-2000.000000;19.937500;0.022083;3.107917;98;

586153;-2000.000000;19.937500;0.021667;3.102500;96;

586302;-2000.000000;19.937500;0.021667;3.103750;96;

586439;-2000.000000;19.937500;0.021667;3.103333;96;

586583;-2000.000000;19.937500;0.021250;3.102917;96;

586720;-2000.000000;19.937500;0.021250;3.102500;95;

586863;-2000.000000;19.937500;0.021667;3.102917;98;

587009;-2000.000000;19.937500;0.021667;3.102083;96;

587152;-2000.000000;19.937500;0.021667;3.102500;96;

587290;-2000.000000;19.937500;0.021667;3.102500;99;

587443;-2000.000000;19.937500;0.021667;3.102083;97;

587602;-2000.000000;19.937500;0.021667;3.102500;98;

587764;-2000.000000;19.937500;0.021667;3.102500;98;

587913;-2000.000000;19.937500;0.021667;3.102500;96;

588062;-2000.000000;19.937500;0.021250;3.102500;96;

588199;-2000.000000;19.937500;0.021667;3.102500;97;

588342;-2000.000000;19.937500;0.021250;3.102083;98;

588479;-2000.000000;19.937500;0.021667;3.102083;96;

588622;-2000.000000;19.937500;0.021250;3.102083;98;

588759;-2000.000000;19.937500;0.021667;3.102500;99;

588902;-2000.000000;19.937500;0.021250;3.102500;98;

589042;-2000.000000;19.937500;0.021667;3.102500;97;

589181;-2000.000000;19.937500;0.021250;3.102083;97;

589322;-2000.000000;19.937500;0.021667;3.102500;96;

589461;-2000.000000;19.937500;0.021667;3.102500;97;

589602;-2000.000000;19.937500;0.021250;3.102500;98;

589739;-2000.000000;19.937500;0.021667;3.102083;96;

589899;-2000.000000;19.937500;0.021667;3.102083;95;

590055;-2000.000000;19.937500;0.021667;3.102083;96;

590196;-2000.000000;19.937500;0.021250;3.102500;98;

590350;-2000.000000;19.937500;0.021667;3.102500;97;

590492;-2000.000000;19.937500;0.021667;3.102083;98;

590633;-2000.000000;19.937500;0.021250;3.102500;97;

590779;-2000.000000;19.937500;0.021667;3.102500;98;

590922;-2000.000000;19.937500;0.021667;3.102500;95;

591059;-2000.000000;19.937500;0.021667;3.102500;98;

591202;-2000.000000;19.937500;0.021667;3.102500;95;

591339;-2000.000000;19.937500;0.021667;3.102500;98;

591482;-2000.000000;19.937500;0.021667;3.102500;96;

591619;-2000.000000;19.937500;0.021667;3.102500;96;

591762;-2000.000000;19.937500;0.021667;3.102083;99;

591899;-2000.000000;19.937500;0.022500;3.102083;97;

592042;-2000.000000;19.937500;0.021667;3.102083;97;

592183;-2000.000000;19.937500;0.021667;3.102500;97;

592329;-2000.000000;19.937500;0.021667;3.102500;98;

592483;-2000.000000;19.937500;0.022500;3.102500;97;

592644;-2000.000000;19.937500;0.021667;3.102500;97;

592798;-2000.000000;19.937500;0.021250;3.101667;98;

592942;-2000.000000;19.937500;0.021667;3.102083;95;

593079;-2000.000000;19.937500;0.022083;3.101667;97;

593223;-2000.000000;19.937500;0.021667;3.099167;98;

593369;-2000.000000;19.937500;0.022083;3.100417;98;

593512;-2000.000000;19.937500;0.021667;3.100000;95;

593652;-2000.000000;19.937500;0.021667;3.098333;99;

593789;-2000.000000;19.937500;0.021250;3.097500;99;

593932;-2000.000000;19.937500;0.021250;3.097500;97;

594069;-2000.000000;19.937500;0.021667;3.097083;97;

594212;-2000.000000;19.937500;0.021250;3.097083;98;

594349;-2000.000000;19.937500;0.021667;3.097083;97;

594492;-2000.000000;19.937500;0.021667;3.097083;100;

594629;-2000.000000;19.937500;0.021667;3.097083;99;

594773;-2000.000000;19.937500;0.021667;3.097083;98;

594927;-2000.000000;19.937500;0.022083;3.097083;96;

595083;-2000.000000;19.937500;0.021250;3.097083;98;

595240;-2000.000000;19.937500;0.021667;3.097083;97;

595392;-2000.000000;19.937500;0.021667;3.097083;96;

595532;-2000.000000;19.937500;0.021667;3.097083;96;

595669;-2000.000000;19.937500;0.021667;3.097083;97;

595813;-2000.000000;19.937500;0.021667;3.097083;96;

595962;-2000.000000;19.937500;0.021667;3.097083;99;

596099;-2000.000000;19.937500;0.021667;3.097083;94;

596243;-2000.000000;19.937500;0.021250;3.096667;96;

596379;-2000.000000;19.937500;0.021250;3.097083;98;

596522;-2000.000000;19.937500;0.021250;3.097083;94;

596660;-2000.000000;19.937500;0.021667;3.097083;95;

596802;-2000.000000;19.937500;0.021667;3.097083;98;

596941;-2000.000000;19.937500;0.021667;3.097083;97;

597082;-2000.000000;19.937500;0.021667;3.097083;98;

597221;-2000.000000;19.937500;0.021667;3.097083;97;

597371;-2000.000000;19.937500;0.021250;3.097083;98;

597530;-2000.000000;19.937500;0.021250;3.097083;97;

597691;-2000.000000;19.937500;0.021667;3.097083;97;

597843;-2000.000000;19.937500;0.021667;3.097083;96;

597992;-2000.000000;19.937500;0.021667;3.097083;96;

598129;-2000.000000;19.937500;0.021667;3.097083;96;

598273;-2000.000000;19.937500;0.021667;3.097083;96;

598422;-2000.000000;19.937500;0.021667;3.097083;97;

598561;-2000.000000;19.937500;0.021667;3.097083;96;

598702;-2000.000000;19.875000;0.021667;3.097083;95;

598840;-2000.000000;19.937500;0.021667;3.097083;96;

598982;-2000.000000;19.937500;0.021667;3.097083;95;

599119;-21.333374;19.937500;0.021667;3.097083;99;

599263;-20.000000;19.937500;0.021667;3.097083;98;

599409;-34.666626;19.937500;0.021667;3.097083;97;

599552;-25.333374;19.937500;0.021667;3.097083;97;

599689;-26.666626;19.937500;0.021667;3.097083;95;

599841;-38.666626;19.937500;0.022083;3.097083;97;

599999;-21.333374;19.937500;0.021250;3.096667;95;

600132;-36.000000;19.937500;0.021667;3.097083;94;

600255;-30.666626;19.937500;0.021667;3.097083;97;

600398;-34.666626;19.937500;0.021667;3.097083;97;

600551;-40.000000;19.937500;0.022083;3.097083;95;

600703;-34.666626;19.937500;0.021667;3.097083;97;

600852;-48.000000;19.937500;0.021250;3.097083;97;

600989;-34.666626;19.937500;0.021667;3.097083;97;

601132;-32.000000;19.937500;0.021667;3.097083;96;

601279;-41.333374;19.937500;0.021667;3.096667;97;

601422;-32.000000;19.937500;0.021667;3.097083;97;

601563;-41.333374;19.937500;0.021667;3.097083;96;

601709;-21.333374;19.937500;0.021250;3.097083;98;

601852;-22.666626;19.937500;0.021667;3.097083;97;

601989;-50.666626;19.937500;0.021667;3.097083;96;

602132;-18.666626;19.937500;0.022083;3.097083;98;

602270;-22.666626;19.937500;0.021667;3.097083;98;

602412;-32.000000;19.937500;0.021667;3.097083;97;

602549;-21.333374;19.937500;0.021667;3.096667;96;

602693;-13.333374;19.937500;0.021667;3.097083;95;

602861;-34.666626;19.937500;0.021667;3.097083;97;

603011;-38.666626;19.937500;0.021667;3.097083;94;

603171;-32.000000;19.937500;0.021250;3.097083;98;

603330;-21.333374;19.937500;0.021667;3.097083;96;

603472;-22.666626;19.937500;0.021250;3.091667;96;

603609;-17.333374;19.937500;0.021667;3.091667;98;

603753;-22.666626;19.937500;0.021667;3.097083;94;

603889;-17.333374;19.937500;0.022917;3.097083;94;

604032;-21.333374;19.937500;0.021250;3.097083;97;

604170;-21.333374;19.937500;0.021667;3.097083;98;

604312;-30.666626;19.937500;0.021667;3.097083;99;

604450;-37.333374;19.937500;0.021667;3.097083;97;

604592;-36.000000;19.937500;0.021667;3.097083;95;

604729;-34.666626;19.937500;0.021667;3.097083;96;

604873;-21.333374;19.937500;0.021667;3.097083;97;

605022;-13.333374;19.937500;0.021667;3.096667;95;

605159;-13.333374;19.937500;0.021667;3.097083;96;

605302;-18.666626;19.937500;0.021667;3.096250;96;

605455;-26.666626;19.937500;0.021667;3.095417;96;

605612;-25.333374;19.937500;0.021250;0.021667;97;

605772;-20.000000;19.937500;0.021667;3.092917;98;

605923;-8.000000;19.937500;0.021250;3.095000;98;

606072;-13.333374;19.937500;0.021667;3.091667;96;

606214;-20.000000;19.937500;0.021667;3.091667;95;

606359;-34.666626;19.937500;0.021667;3.091667;98;

606502;-34.666626;19.937500;0.021250;3.091667;96;

606639;-30.666626;19.937500;0.021667;3.091667;97;

606782;-21.333374;19.937500;0.021667;3.091667;96;

606921;-22.666626;19.937500;0.021667;3.092084;96;

607062;-21.333374;19.937500;0.021667;3.091667;94;

607200;-29.333374;19.937500;0.021667;3.091667;97;

607342;-36.000000;19.937500;0.021250;3.091667;97;

607479;-49.333374;19.937500;0.021667;3.091667;98;

607623;-34.666626;19.937500;0.021250;3.091667;94;

607772;-30.666626;19.937500;0.021667;3.091667;97;

607912;-22.666626;19.937500;0.021667;0.021667;97;

608060;-25.333374;19.937500;0.021250;3.091667;96;

608219;-21.333374;19.937500;0.021667;3.091667;97;

608360;-22.666626;19.937500;0.021250;3.091667;95;

608499;-22.666626;19.937500;0.021667;3.091667;96;

608642;-22.666626;19.937500;0.021667;3.091667;98;

608779;-30.666626;19.937500;0.021667;3.091667;96;

608922;-36.000000;19.937500;0.021667;3.091667;94;

609061;-32.000000;19.937500;0.021667;3.091667;96;

609202;-18.666626;19.937500;0.022083;3.091667;98;

609340;-16.000000;19.937500;0.021250;3.091667;98;

609482;-22.666626;19.937500;0.021667;3.091667;97;

609619;-36.000000;19.937500;0.021250;3.091667;95;

609762;-17.333374;19.937500;0.021667;3.091667;96;

609899;-16.000000;19.937500;0.021667;3.092084;98;

610042;-32.000000;19.937500;0.021667;3.091667;96;

610180;-17.333374;19.937500;0.022083;3.091667;96;

610322;-22.666626;19.937500;0.021667;3.091667;98;

610467;-22.666626;19.937500;0.021667;3.092084;97;

610620;-22.666626;19.937500;0.021667;3.091667;96;

610784;-21.333374;19.937500;0.021667;3.091667;95;

610932;-22.666626;19.937500;0.022083;3.091667;98;

611072;-22.666626;19.937500;0.021667;3.091667;98;

611210;-25.333374;19.937500;0.021667;3.091667;97;

611352;-34.666626;19.937500;0.021667;3.091667;98;

611489;-37.333374;19.937500;0.021667;3.091667;99;

611633;-32.000000;19.937500;0.023333;3.091667;99;

611782;-36.000000;19.937500;0.021667;3.091667;97;

611919;-48.000000;19.937500;0.023333;3.091667;97;

612063;-32.000000;19.937500;0.021667;3.091667;97;

612199;-50.666626;19.937500;0.022500;3.091667;96;

612342;-26.666626;19.937500;0.024167;3.091667;95;

612480;-42.666626;19.937500;0.022917;3.091667;96;

612622;-34.666626;19.937500;0.021667;3.091250;96;

612759;-30.666626;19.937500;0.022083;3.090417;98;

612917;-36.000000;19.937500;0.021667;3.090417;97;

613070;-22.666626;19.937500;0.023333;3.088333;96;

613232;-36.000000;19.937500;0.021667;3.087917;95;

613378;-21.333374;19.937500;0.022917;3.087084;98;

613520;-32.000000;19.937500;0.022500;3.086250;98;

613662;-25.333374;19.937500;0.022083;3.086250;97;

613802;-32.000000;19.937500;0.021667;3.086250;97;

613939;-36.000000;19.937500;0.022917;3.086250;95;

614082;-22.666626;19.937500;0.022083;3.086667;98;

614219;-38.666626;19.937500;0.021667;3.086667;98;

614362;-21.333374;19.937500;0.021667;3.086250;96;

614499;-34.666626;19.937500;0.021667;3.086250;96;

614642;-34.666626;19.937500;0.021667;3.086250;96;

614779;-25.333374;19.937500;0.023333;3.086250;97;

614923;-38.666626;19.937500;0.021667;3.086250;95;

615069;-25.333374;19.937500;0.021667;3.086250;96;

615212;-41.333374;19.937500;0.021667;3.086250;99;

615352;-25.333374;19.937500;0.021667;3.086667;99;

615506;-38.666626;19.937500;0.022083;3.086667;96;

615662;-38.666626;19.937500;0.021250;3.086667;96;

615821;-30.666626;19.937500;0.022917;3.086250;99;

615962;-53.333374;19.937500;0.022500;3.086667;93;

616099;-25.333374;19.937500;0.021667;3.086250;97;

616243;-48.000000;19.937500;0.021667;3.086250;99;

616392;-34.666626;19.937500;0.021667;3.086250;96;

616529;-30.666626;19.937500;0.022500;3.086667;98;

616673;-48.000000;19.937500;0.021667;3.086250;98;

616809;-20.000000;19.937500;0.021667;3.086250;97;

616952;-34.666626;19.937500;0.021667;3.086250;95;

617089;-34.666626;19.937500;0.021667;3.086667;97;

617232;-22.666626;19.937500;0.021667;3.086667;97;

617370;-36.000000;19.937500;0.023750;3.086250;98;

617512;-22.666626;19.937500;0.023333;3.086250;94;

617649;-37.333374;19.937500;0.022917;3.086250;97;

617792;-34.666626;19.937500;0.021667;3.086250;98;

617934;-22.666626;19.937500;0.022917;3.086250;98;

618089;-38.666626;19.937500;3.086250;3.086250;95;

618241;-26.666626;19.937500;3.086667;3.086250;96;

618389;-32.000000;19.937500;0.022083;3.086667;97;

618533;-36.000000;19.937500;0.021250;3.086250;96;

618679;-25.333374;19.937500;0.021667;3.086250;99;

618822;-32.000000;19.937500;0.023333;3.086250;98;

618961;-50.666626;19.937500;0.021667;3.086250;96;

619102;-22.666626;19.937500;0.022917;3.086250;98;

619239;-22.666626;19.937500;0.022083;3.086250;96;

619382;-53.333374;19.937500;0.022500;3.086250;97;

619519;-30.666626;19.937500;0.023333;3.085833;96;

619662;-22.666626;19.937500;0.022500;3.086250;96;

619799;-45.333374;19.937500;0.023333;3.085833;97;

619942;-38.666626;19.937500;0.022917;3.085833;97;

620082;-17.333374;19.937500;0.021250;3.085833;97;

620219;-40.000000;19.937500;0.024583;3.085833;98;

620362;-48.000000;19.937500;0.022500;3.083750;98;

620509;-21.333374;19.937500;0.022083;3.085417;97;

620659;-34.666626;19.937500;0.021667;3.083750;99;

620810;-34.666626;19.937500;0.021667;3.082917;96;

620949;-22.666626;19.937500;0.022500;3.081667;95;

621092;-36.000000;19.937500;0.024167;3.080833;98;

621229;-38.666626;19.937500;0.023333;3.080833;97;

621372;-22.666626;19.937500;0.022500;3.081250;96;

621509;-34.666626;19.937500;0.023750;3.080833;99;

621653;-50.666626;19.937500;0.021667;3.080833;95;

621802;-25.333374;19.937500;0.022083;3.081250;96;

621939;-36.000000;19.937500;0.024167;3.080833;97;

622082;-48.000000;19.937500;0.022083;3.080833;97;

622219;-18.666626;19.937500;0.022083;3.081250;98;

622362;-32.000000;19.937500;0.022083;3.080833;98;

622500;-41.333374;19.937500;0.023750;3.080833;99;

622642;-21.333374;19.937500;0.023750;3.081250;96;

622781;-25.333374;19.937500;0.022500;3.080833;99;

622922;-36.000000;19.937500;0.022083;3.081250;96;

623060;-21.333374;19.937500;0.022917;3.080833;98;

623202;-17.333374;19.937500;0.021667;3.081250;97;

623342;-37.333374;19.937500;0.023333;3.080833;96;

623466;-18.666626;19.937500;0.022917;3.080833;97;

623606;-16.000000;19.937500;0.024167;3.080833;97;

623760;-36.000000;19.937500;3.081250;3.080833;95;

623910;-22.666626;19.937500;3.080833;3.080833;96;

624049;-21.333374;19.937500;0.023750;3.080833;96;

624192;-49.333374;19.937500;0.023333;3.080833;97;

624342;-30.666626;19.937500;0.023750;3.080833;97;

624479;-29.333374;19.937500;0.023750;3.081250;95;

624622;-50.666626;19.937500;0.024167;3.081250;98;

624760;-30.666626;19.937500;0.021667;3.080833;95;

624902;-32.000000;19.937500;0.022500;3.081250;96;

625041;-53.333374;19.937500;0.023750;3.080833;97;

625182;-32.000000;19.937500;0.023333;3.080833;97;

625319;-34.666626;19.937500;0.022917;3.081250;99;

625463;-50.666626;19.937500;0.024583;3.080833;99;

625612;-34.666626;19.937500;0.024583;3.081250;98;

625749;-30.666626;19.937500;0.022500;3.081250;99;

625892;-40.000000;19.937500;0.023750;3.080833;99;

626029;-36.000000;19.937500;0.023750;3.081250;96;

626172;-30.666626;19.937500;0.023333;3.081250;96;

626307;-41.333374;19.937500;0.023333;3.081250;94;

626464;-34.666626;19.937500;0.024167;3.081250;97;

626620;-18.666626;19.937500;0.022083;3.081250;95;

626763;-38.666626;19.937500;0.023750;3.080833;97;

626920;-22.666626;19.937500;0.023750;3.080833;96;

627062;-22.666626;19.937500;0.024583;3.081250;97;

627203;-34.666626;19.937500;0.022083;3.081250;99;

627339;-30.666626;19.937500;0.024167;3.080833;96;

627482;-13.333374;19.937500;0.024167;3.081250;99;

627619;-25.333374;19.937500;0.023333;3.080833;98;

627762;-25.333374;19.937500;0.023750;3.079167;98;

627899;-17.333374;19.937500;0.024167;3.079583;97;

628042;-30.666626;19.937500;0.023750;3.079583;95;

628179;-38.666626;19.937500;0.024583;3.075417;96;

628322;-16.000000;19.937500;0.023750;3.077500;95;

628472;-25.333374;19.937500;0.024583;3.078334;98;

628609;-34.666626;19.937500;0.024583;3.075417;99;

628752;-16.000000;19.937500;0.023333;3.075834;97;

628889;-22.666626;19.937500;0.023750;3.075834;94;

629039;-34.666626;19.937500;0.023333;3.075417;96;

629186;-17.333374;19.937500;0.024167;3.075834;96;

629335;-36.000000;19.937500;0.022500;3.075417;98;

629487;-34.666626;19.937500;0.024583;3.075417;97;

629632;-8.000000;19.937500;0.024583;3.075417;96;

629769;-32.000000;19.937500;0.024167;3.075417;95;

629912;-32.000000;19.937500;0.024583;3.075417;95;

630051;-8.000000;19.937500;0.023333;3.075834;98;

630192;-30.666626;19.937500;0.024583;3.075834;96;

630331;-36.000000;19.937500;0.021667;3.075417;97;

630472;-10.666626;19.937500;0.021667;3.075834;95;

630610;-22.666626;19.937500;0.022917;3.075834;97;

630752;-34.666626;19.937500;0.021667;3.075417;95;

630892;-13.333374;19.937500;0.023750;3.075834;97;

631030;-32.000000;19.937500;0.022083;3.075834;98;

631172;-22.666626;19.937500;0.024167;3.075834;95;

631309;-5.333374;19.937500;0.022500;3.075417;96;

631453;-21.333374;19.937500;0.021667;3.075834;96;

631605;-22.666626;19.937500;0.022500;3.075834;95;

631761;-5.333374;19.937500;0.022083;3.075417;95;

631920;-20.000000;19.937500;3.075834;3.075834;99;

632062;-30.666626;19.937500;0.022083;3.075834;95;

632201;-8.000000;19.937500;0.023333;3.075834;96;

632342;-16.000000;19.937500;0.022500;3.075834;96;

632483;-30.666626;19.937500;0.023333;3.075417;95;

632629;-8.000000;19.937500;0.022917;3.075417;96;

632772;-13.333374;19.937500;0.021667;3.075417;97;

632910;-25.333374;19.937500;0.023750;3.075417;96;

633052;-8.000000;19.937500;0.023333;3.075834;95;

633191;-16.000000;19.937500;0.022917;3.075834;92;

633332;-36.000000;19.937500;0.023750;3.075834;97;

633470;-17.333374;19.937500;0.023333;3.075417;97;

633612;-20.000000;19.937500;0.022917;3.075834;99;

633749;-38.666626;19.937500;0.022500;3.075834;65535;

633956;-20.000000;19.937500;0.022917;3.086250;65535;

634168;-34.666626;19.937500;0.023333;3.097083;65535;

634385;-38.666626;19.937500;0.021667;3.104584;65535;

634621;-25.333374;19.937500;0.022083;3.115833;65535;

634847;-26.666626;19.937500;0.022500;3.123750;65535;

635054;-37.333374;19.937500;0.022083;3.134583;65535;

635264;-29.333374;19.937500;0.021667;3.145417;65535;

635479;-18.666626;19.937500;0.022500;3.150417;65535;

635695;-22.666626;19.937500;0.021667;3.156667;65535;

635908;-22.666626;19.937500;0.021667;3.171667;65535;

636115;-25.333374;19.937500;0.022917;3.172084;65535;

636324;-18.666626;19.937500;0.022500;3.187917;65535;

636534;-22.666626;19.937500;0.022917;3.187917;65535;

636747;-21.333374;19.937500;0.022083;3.203750;65535;

636956;-22.666626;19.937500;0.022917;3.206250;65535;

637164;-22.666626;19.937500;0.023333;3.214583;65535;

637377;-20.000000;19.937500;0.022917;3.225417;65535;

637584;-16.000000;19.937500;0.022500;3.230417;65535;

637795;-17.333374;19.937500;0.023333;3.241250;65535;

638032;-16.000000;19.937500;0.022917;3.246667;65535;

638273;-18.666626;19.937500;0.022500;3.257500;65535;

638484;-16.000000;19.937500;0.021667;3.262917;65535;

638699;-5.333374;19.937500;0.023333;3.268333;65535;

638915;-13.333374;19.937500;0.021667;3.278750;65535;

639128;-17.333374;19.937500;0.024167;3.284167;65535;

639335;-22.666626;19.937500;0.021667;3.289583;65535;

639545;-25.333374;19.937500;0.022917;3.298750;65535;

639755;-29.333374;19.937500;0.023750;3.305417;65535;

639968;-25.333374;19.937500;0.022500;3.313334;65535;

640174;-22.666626;19.937500;0.022917;3.316250;65535;

640384;-22.666626;19.937500;0.023750;3.326667;65535;

640597;-25.333374;19.937500;0.022917;3.332500;65535;

640804;-20.000000;19.937500;0.023750;3.341250;65535;

641014;-29.333374;19.937500;0.021667;3.342917;65535;

641236;-30.666626;19.937500;0.022083;3.353750;65535;

641473;-21.333374;19.937500;0.022083;3.359167;65535;

641699;-30.666626;19.937500;0.021667;3.369584;65535;

641907;-34.666626;19.937500;0.021667;3.370000;65535;

642114;-29.333374;19.937500;0.022083;3.380417;65535;

642327;-36.000000;19.937500;0.022917;3.385834;65535;

642534;-25.333374;19.937500;0.021667;3.399584;65535;

642747;-30.666626;19.937500;0.022917;3.401667;65535;

642954;-26.666626;19.937500;0.021667;3.412500;65535;

643167;-29.333374;19.937500;0.022500;3.415417;65535;

643377;-32.000000;19.937500;0.022083;3.426250;65535;

643584;-25.333374;19.937500;0.023333;3.426250;65535;

643794;-36.000000;19.937500;0.022500;3.437083;65535;

644004;-25.333374;19.937500;0.021667;3.442500;65535;

644218;-30.666626;19.937500;0.021667;3.448750;65535;

644435;-26.666626;19.937500;0.021667;3.453334;65535;

644645;-25.333374;19.937500;0.022083;3.464167;65535;

644882;-25.333374;19.937500;0.022500;3.469584;65535;

645126;-34.666626;19.937500;0.021667;3.474584;65535;

645348;-21.333374;19.937500;0.022500;3.485417;65535;

645554;-30.666626;19.937500;0.022083;3.485417;65535;

645767;-22.666626;19.937500;0.022083;3.496250;65535;

645977;-25.333374;19.937500;0.024167;3.501667;65535;

646184;-22.666626;19.937500;0.022917;3.507084;65535;

646394;-25.333374;19.937500;0.022917;3.512500;65535;

646610;-22.666626;19.937500;0.022083;3.522500;65535;

646815;-16.000000;20.000000;0.023750;3.525834;65535;

647024;-16.000000;19.937500;0.022500;3.533750;65535;

647237;-17.333374;19.937500;0.021667;3.539167;65535;

647445;-21.333374;19.937500;0.023750;3.544583;65535;

647654;-18.666626;20.000000;0.021667;3.550000;65535;

647864;-17.333374;19.937500;0.021667;3.555417;65535;

648077;-22.666626;19.937500;0.021667;3.560834;65535;

648300;-25.333374;19.937500;0.021667;3.570417;65535;

648542;-22.666626;19.937500;0.022083;3.576667;65535;

648755;-21.333374;19.937500;0.021667;3.581667;65535;

648965;-30.666626;19.937500;0.021667;3.592917;65535;

649175;-22.666626;19.937500;0.023750;3.592917;65535;

649387;-21.333374;19.937500;0.022500;3.599583;65535;

649594;-21.333374;19.937500;0.023750;3.603750;65535;

649817;-21.333374;19.937500;0.022500;3.614583;65535;

650024;-18.666626;19.937500;0.021250;3.614583;65535;

650234;-30.666626;19.937500;0.021667;3.625000;65535;

650445;-30.666626;20.000000;0.022917;3.629167;65535;

650657;-21.333374;19.937500;0.022917;3.636250;65535;

650864;-21.333374;19.937500;0.021667;3.643333;65535;

651077;-18.666626;19.937500;0.021667;3.647083;65535;

651287;-17.333374;19.937500;0.021667;3.652083;65535;

651497;-21.333374;19.937500;0.021667;3.657500;65535;

651704;-21.333374;19.937500;0.022083;3.662917;65535;

651943;-22.666626;19.937500;0.021667;3.670000;65535;

652183;-20.000000;19.937500;0.022083;3.679167;65535;

652409;-21.333374;19.937500;0.022500;3.679167;65535;

652626;-22.666626;19.937500;0.022083;3.690000;65535;

652838;-22.666626;19.937500;0.024167;3.695417;65535;

653044;-34.666626;19.937500;0.021667;3.704583;65535;

653254;-36.000000;19.937500;0.021667;3.705833;65535;

653465;-48.000000;19.937500;0.021667;3.711250;65535;

653677;-60.000000;19.937500;0.022083;3.718333;65535;

653897;-73.333374;19.937500;0.021667;3.723334;65535;

654117;-84.000000;20.000000;0.022083;3.727500;65535;

654337;-98.666626;20.000000;0.021250;3.738333;65535;

654547;-108.000000;19.937500;0.021667;3.743334;65535;

654754;-118.666626;19.937500;0.021667;3.752084;65535;

654964;-128.000000;19.937500;0.022500;3.757083;65535;

655176;-140.000000;20.000000;0.021667;3.762500;65535;

655407;-142.666626;19.937500;0.021667;3.772917;65535;

655614;-153.333374;20.000000;0.022083;3.773334;65535;

655856;-153.333374;20.000000;0.021667;3.778750;65535;

656090;-152.000000;19.937500;0.022917;3.785000;65535;

656307;-153.333374;19.937500;0.021667;3.794584;65535;

656514;-153.333374;20.000000;0.022917;3.801667;65535;

656724;-152.000000;19.937500;0.023333;3.805000;65535;

656939;-152.000000;19.937500;0.024583;3.814167;65535;

657144;-154.666626;19.937500;0.022083;3.816667;65535;

657354;-160.000000;19.937500;0.021667;3.820833;65535;

657567;-157.333374;19.937500;0.021667;3.828334;65535;

657784;-152.000000;20.000000;0.021667;3.831667;65535;

657995;-158.666626;19.937500;0.022500;3.839583;65535;

658209;-161.333374;19.937500;0.022500;3.847500;65535;

658414;-157.333374;19.937500;0.022917;3.847500;65535;

658624;-154.666626;19.937500;0.022083;3.856250;65535;

658837;-158.666626;19.937500;0.023333;3.863333;65535;

659046;-154.666626;19.937500;0.021667;3.868750;65535;

659255;-158.666626;19.937500;0.021250;3.874167;65535;

659465;-157.333374;19.937500;0.021667;3.880000;65535;

659700;-158.666626;19.937500;0.021667;3.884584;65535;

659917;-158.666626;20.000000;0.022500;3.890000;65535;

660124;-157.333374;20.000000;0.023750;3.895000;65535;

660334;-161.333374;20.000000;0.022917;3.902917;65535;

660549;-158.666626;20.000000;0.021667;3.905833;65535;

660755;-157.333374;19.937500;0.021667;3.910834;65535;

660964;-157.333374;19.937500;0.021667;3.917084;65535;

661175;-152.000000;20.000000;0.021667;3.927083;65535;

661387;-154.666626;19.937500;0.022917;3.927083;65535;

661595;-158.666626;20.000000;0.024167;3.933334;65535;

661805;-158.666626;19.937500;0.022500;3.942917;65535;

662020;-158.666626;20.000000;0.022917;3.942917;65535;

662234;-168.000000;20.000000;0.024167;3.952084;65535;

662444;-164.000000;20.000000;0.021250;3.953750;65535;

662657;-168.000000;20.000000;0.021667;3.959167;65535;

662864;-161.333374;20.000000;0.021250;3.967084;65535;

663084;-161.333374;20.000000;0.022500;3.972083;65535;

663302;-158.666626;20.000000;0.021667;3.976667;65535;

663541;-152.000000;19.937500;0.021667;3.980417;65535;

663770;-152.000000;20.000000;0.021667;3.985417;65535;

663975;-152.000000;20.000000;0.021667;3.990833;65535;

664184;-153.333374;19.937500;0.021667;4.000834;65535;

664394;-154.666626;19.937500;0.022083;4.004583;65535;

664607;-161.333374;19.937500;0.021667;4.006667;65535;

664814;-164.000000;20.000000;0.022083;4.012500;65535;

665024;-164.000000;20.000000;0.022083;4.017917;65535;

665237;-172.000000;20.000000;0.021667;4.022500;65535;

665444;-169.333374;20.000000;0.023333;4.027917;65535;

665657;-170.666626;20.000000;0.022917;4.038333;65535;

665880;-161.333374;20.000000;0.021667;4.038333;65535;

666084;-164.000000;20.000000;0.021667;4.043750;65535;

666294;-169.333374;20.000000;0.021667;4.054167;65535;

666517;-161.333374;20.000000;0.021667;4.054167;65535;

666733;-161.333374;20.000000;0.021667;4.065000;65535;

666962;-161.333374;20.000000;0.022083;4.065000;65535;

667186;-160.000000;20.000000;0.022917;4.070417;65535;

667397;-161.333374;20.000000;0.021667;4.075417;65535;

667607;-161.333374;20.000000;0.021667;4.087083;65535;

667815;-164.000000;19.937500;0.021250;4.089167;65535;

668027;-157.333374;20.000000;0.021667;4.094584;65535;

668238;-158.666626;20.000000;0.021667;4.099584;65535;

668444;-158.666626;20.000000;0.021667;4.100000;65535;

668657;-158.666626;20.000000;0.022500;4.094584;65535;

668864;-157.333374;20.000000;0.021667;4.094584;65535;

669075;-154.666626;20.000000;0.021667;4.094584;65535;

669284;-154.666626;20.000000;0.022917;4.089167;65535;

669499;-154.666626;20.000000;0.022917;4.089167;65535;

669704;-153.333374;20.000000;0.021667;4.089167;65535;

669914;-150.666626;20.000000;0.022917;4.086250;65535;

670127;-153.333374;20.000000;0.023333;4.080417;65535;

670358;-150.666626;20.000000;4.080833;4.080417;65535;

670592;-161.333374;20.000000;0.022083;4.080833;65535;

670814;-157.333374;20.000000;0.023750;4.080833;65535;

671024;-154.666626;19.937500;0.022083;4.075834;65535;

671237;-160.000000;20.000000;0.023333;4.075417;65535;

671454;-152.000000;20.000000;0.021667;4.075417;65535;

671677;-153.333374;20.000000;0.022500;4.075417;65535;

671884;-142.666626;20.000000;0.021667;4.075417;65535;

672094;-142.666626;20.000000;0.022083;4.075417;65535;

672304;-133.333374;20.000000;0.023750;4.075417;65535;

672517;-129.333374;20.000000;0.023333;4.074584;65535;

672724;-118.666626;19.937500;0.024167;4.070000;65535;

672934;-118.666626;20.000000;0.024167;4.070000;65535;

673147;-104.000000;20.000000;0.023750;4.070000;65535;

673364;-98.666626;20.000000;0.022917;4.070000;65535;

673577;-81.333374;20.000000;0.023333;4.065834;65535;

673787;-76.000000;20.000000;0.021667;4.070000;65535;

674014;-50.666626;20.000000;0.021667;4.067917;65535;

674251;-48.000000;19.937500;4.064583;4.065000;65535;

674457;-58.666626;20.000000;0.022500;4.064583;65535;

674665;-18.666626;20.000000;0.022083;4.065000;65535;

674874;-25.333374;20.000000;0.022083;4.065000;65535;

675087;-13.333374;20.000000;0.021667;4.065000;65535;

675297;-4.000000;20.000000;0.021667;4.064583;65535;

675504;8.000000;19.937500;0.021667;4.064583;65535;

675714;12.000000;20.000000;0.021667;4.064583;65535;

675930;12.000000;20.000000;0.022500;4.059583;65535;

676134;18.666626;19.937500;0.022500;4.059583;65535;

676344;32.000000;20.000000;0.022500;4.059583;65535;

676556;34.666626;20.000000;0.023750;4.059583;65535;

676779;50.666748;20.000000;0.023333;4.059583;65535;

676985;62.666748;20.000000;0.024167;4.059167;65535;

677195;70.666748;20.000000;0.022083;4.059583;65535;

677416;85.333252;20.000000;0.023333;4.059583;65535;

677644;102.666748;20.000000;0.021667;4.059583;65535;

677873;102.666748;20.000000;0.021667;4.059583;65535;

678087;105.333252;20.000000;0.021667;4.057500;65535;

678295;113.333252;20.000000;0.022083;4.056667;65535;

678518;113.333252;19.937500;0.022500;4.055833;65535;

678724;117.333252;20.000000;0.368333;4.062500;65535;

678934;121.333252;20.000000;0.368333;4.116251;65535;

679147;121.333252;20.000000;0.122083;4.077500;65535;

679357;118.666748;20.000000;0.085000;4.074167;65535;

679564;117.333252;20.000000;0.052083;4.054167;65535;

679787;121.333252;20.000000;0.023333;4.054167;65535;

679994;121.333252;20.000000;0.022083;4.054167;65535;

680206;121.333252;20.000000;0.021667;4.054167;65535;

680427;121.333252;20.000000;0.021667;4.054167;65535;

680634;122.666748;20.000000;0.042500;4.054167;65535;

680844;121.333252;20.000000;0.084167;4.053334;65535;

681066;128.000000;20.000000;0.190417;4.072917;65535;

681301;136.000000;20.000000;0.144583;4.064167;65535;

681517;138.666748;20.000000;0.109583;4.049584;65535;

681724;121.333252;20.000000;0.070417;4.052917;65535;

681939;136.000000;20.000000;0.151250;4.052917;65535;

682157;138.666748;20.000000;0.099583;4.069167;65535;

682381;138.666748;20.000000;0.584167;3.944583;65535;

682587;138.666748;20.000000;0.923333;4.057917;65535;

682796;157.333252;20.000000;0.994167;3.925000;65535;

683008;221.333252;20.000000;0.964167;3.842084;65535;

683215;310.666748;20.000000;1.057917;3.833334;65535;

683424;432.000000;20.000000;1.162500;3.835000;65535;

683647;604.000000;20.000000;1.186250;3.832083;65535;

683866;682.666748;20.000000;1.182917;3.836250;65535;

684087;802.666748;20.000000;1.170417;3.823334;65535;

684295;802.666748;20.000000;1.210417;3.828334;65535;

684516;744.000000;20.000000;1.041250;3.826667;65535;

684750;140.000000;20.000000;1.081250;4.039167;65535;

684967;137.333252;20.000000;0.620417;3.847084;65535;

685174;138.666748;20.000000;0.477917;3.847500;65535;

685388;136.000000;20.000000;0.254583;3.825833;65535;

685596;136.000000;20.000000;0.057500;3.826250;65535;

685814;132.000000;20.000000;0.025000;3.826250;65535;

686028;136.000000;20.000000;0.025000;3.826250;65535;

686234;132.000000;20.000000;0.025000;3.826250;65535;

686454;129.333252;20.000000;0.080000;3.826250;65535;

686667;130.666748;20.000000;0.142500;3.825833;65535;

686876;136.000000;20.000000;0.137500;3.826250;65535;

687100;132.000000;20.000000;0.100417;3.832917;65535;

687304;130.666748;20.000000;0.150000;3.840000;65535;

687514;136.000000;20.000000;0.076250;3.831250;65535;

687725;130.666748;20.000000;0.089167;3.831667;65535;

687940;128.000000;20.000000;3.835417;3.848333;65535;

688166;121.333252;20.000000;0.211667;3.913333;65535;

688404;112.000000;20.000000;0.754167;3.762500;65535;

688627;112.000000;20.000000;0.930000;3.706667;65535;

688835;148.000000;20.000000;0.908750;3.636250;65535;

689047;204.000000;20.000000;1.010417;3.625417;65535;

689266;268.000000;20.000000;1.121667;3.624166;65535;

689487;281.333252;20.000000;1.169583;3.617917;65535;

689694;252.000000;20.000000;1.180417;3.614583;65535;

689905;245.333252;20.062500;1.220000;3.617084;65535;

690117;252.000000;20.000000;1.145833;3.615417;65535;

690334;238.666748;20.000000;0.926250;3.623750;65535;

690544;154.666748;20.000000;0.744583;3.614583;65535;

690757;142.666748;20.062500;0.956667;3.874583;65535;

690966;138.666748;20.000000;0.506250;3.622084;65535;

691187;146.666748;20.062500;0.204167;3.621250;65535;

691397;140.000000;20.000000;0.069583;3.627500;65535;

691621;146.666748;20.062500;0.022917;3.625417;65535;

691860;142.666748;20.062500;0.022083;3.625417;65535;

692092;136.000000;20.062500;0.052083;3.625417;65535;

692307;138.666748;20.062500;0.059583;3.626667;65535;

692514;142.666748;20.062500;0.045000;3.630834;65535;

692726;137.333252;20.062500;0.085833;3.630417;65535;

692934;142.666748;20.062500;0.068750;3.630417;65535;

693147;132.000000;20.062500;0.130417;3.631250;65535;

693354;136.000000;20.062500;0.044583;3.631250;65535;

693566;121.333252;20.062500;0.141250;3.630834;65535;

693791;124.000000;20.062500;0.265417;3.654584;65535;

694004;117.333252;20.062500;0.700000;3.660833;65535;

694220;112.000000;20.062500;1.000417;3.519583;65535;

694443;146.666748;20.062500;0.890000;3.448334;65535;

694657;182.666748;20.062500;1.016667;3.439584;65535;

694864;218.666748;20.062500;1.130417;3.432917;65535;

695077;245.333252;20.062500;1.178750;3.426250;65535;

695312;270.666748;20.062500;1.202500;3.429583;65535;

695551;306.666748;20.062500;1.226667;3.426666;65535;

695777;302.666748;20.125000;1.085417;3.426250;65535;

695987;264.000000;20.062500;0.913750;3.435000;65535;

696197;148.000000;20.062500;0.766250;3.726250;65535;

696405;148.000000;20.125000;0.672500;3.676250;65535;

696614;142.666748;20.125000;0.447083;3.432083;65535;

696824;146.666748;20.062500;0.227500;3.441251;65535;

697037;148.000000;20.125000;0.090417;3.438334;65535;

697246;148.000000;20.125000;0.031250;3.437083;65535;

697468;148.000000;20.125000;0.022500;3.437500;65535;

697677;146.666748;20.125000;0.028333;3.437083;65535;

697885;150.666748;20.125000;0.044583;3.437500;65535;

698096;150.666748;20.125000;0.049583;3.440417;65535;

698320;138.666748;20.125000;0.040000;3.442500;65535;

698524;136.000000;20.125000;0.037500;3.442500;65535;

698762;128.000000;20.125000;0.038750;3.442500;65535;

698998;128.000000;20.125000;0.036667;3.442500;65535;

699229;122.666748;20.125000;0.095000;3.442500;65535;

699438;132.000000;20.125000;0.321667;3.279167;65535;

699667;124.000000;20.125000;0.654583;3.281250;65535;

699874;129.333252;20.125000;0.846250;3.269167;65535;

700084;121.333252;20.125000;0.933750;3.257500;65535;

700298;117.333252;20.125000;1.047500;3.246667;65535;

700504;97.333252;20.125000;1.177083;3.242500;65535;

700714;65.333252;20.125000;1.229167;3.330833;65535;

700927;38.666626;20.187500;1.237917;3.247083;65535;

701134;12.000000;20.125000;1.222083;3.255000;65535;

701347;-17.333374;20.187500;1.286667;3.262084;65535;

701569;-50.666626;20.187500;0.906250;3.253333;65535;

701784;-68.000000;20.187500;0.745000;3.258333;65535;

701994;-84.000000;20.187500;0.613750;3.250834;65535;

702207;-94.666626;20.187500;0.415833;0.399583;65535;

702426;-116.000000;20.187500;0.172500;0.157083;65535;

702647;-104.000000;20.187500;0.038750;3.257500;65535;

702872;-116.000000;20.187500;0.021667;3.257500;65535;

703090;-125.333374;20.187500;0.021667;3.262917;65535;

703294;-118.666626;20.187500;0.030833;3.262917;65535;

703505;-145.333374;20.250000;0.047500;3.268333;65535;

703728;-153.333374;20.187500;0.097917;3.267083;65535;

703936;-152.000000;20.250000;0.075000;3.267917;65535;

704160;-138.666626;20.250000;0.094167;3.273334;65535;

704364;-161.333374;20.250000;0.035417;3.273750;65535;

704574;-142.666626;20.250000;0.110417;3.276250;65535;

704787;-133.333374;20.250000;0.107917;3.275417;65535;

704994;-121.333374;20.250000;0.121667;3.295834;65535;

705204;-118.666626;20.250000;0.076667;3.279167;65535;

705414;-118.666626;20.250000;0.020833;3.279167;65535;

705627;-125.333374;20.250000;0.021667;3.284167;65535;

705835;-129.333374;20.250000;0.021250;3.284167;65535;

706061;-142.666626;20.250000;3.284167;3.284583;65535;

706295;-142.666626;20.250000;0.021667;3.284167;65535;

706517;-142.666626;20.250000;0.021667;3.284167;65535;

706739;-152.000000;20.250000;0.021667;3.289583;65535;

706955;-153.333374;20.312500;0.021250;3.289583;65535;

707169;-153.333374;20.250000;0.021250;3.290000;65535;

707374;-157.333374;20.312500;0.021667;3.295000;65535;

707594;-158.666626;20.312500;0.021667;3.295000;65535;

707807;-156.000000;20.312500;0.022083;3.295000;65535;

708014;-160.000000;20.312500;0.022083;3.295000;65535;

708226;-164.000000;20.312500;0.021667;3.295000;65535;

708434;-160.000000;20.312500;0.021667;3.300417;65535;

708647;-164.000000;20.312500;0.021667;3.300417;65535;

708854;-158.666626;20.375000;0.022917;3.300417;65535;

709066;-161.333374;20.312500;0.021667;3.300417;65535;

709278;-158.666626;20.375000;0.022083;3.300417;65535;

709484;-161.333374;20.375000;0.024583;3.301250;65535;

709706;-158.666626;20.375000;0.024583;3.305417;65535;

709941;-161.333374;20.375000;0.022500;3.305417;65535;

710167;-158.666626;20.375000;0.024583;3.305834;65535;

710387;-156.000000;20.375000;0.022500;3.305417;65535;

710596;-166.666626;20.375000;0.024583;3.305417;65535;

710817;-168.000000;20.375000;0.022083;3.305834;65535;

711027;-170.666626;20.375000;0.022083;3.305834;65535;

711234;-170.666626;20.437500;0.022083;3.305417;65535;

711454;-178.666626;20.437500;0.021667;3.305834;65535;

711668;-190.666626;20.437500;0.022917;3.305834;65535;

711874;-190.666626;20.437500;0.022500;3.310000;65535;

712084;-189.333374;20.437500;0.021667;3.305417;65535;

712297;-197.333374;20.437500;0.021667;3.305834;65535;

712505;-193.333374;20.437500;0.021667;3.305834;65535;

712717;-188.000000;20.437500;0.021667;3.306250;65535;

712940;-178.666626;20.437500;0.023750;3.310834;65535;

713148;-174.666626;20.437500;0.023333;3.310834;65535;

713364;-172.000000;20.437500;0.022083;3.311250;65535;

713601;-169.333374;20.437500;0.024583;3.310834;65535;

713828;-164.000000;20.437500;0.022917;3.310834;65535;

714034;-170.666626;20.437500;0.021667;3.310834;65535;

714247;-174.666626;20.500000;0.022917;3.310834;65535;

714454;-172.000000;20.500000;0.022917;3.310834;65535;

714667;-170.666626;20.500000;0.022917;3.312917;65535;

714877;-170.666626;20.500000;0.022917;3.315833;65535;

715084;-168.000000;20.500000;0.021667;3.316250;65535;

715296;-164.000000;20.500000;0.022917;3.316250;65535;

715505;-164.000000;20.500000;0.021667;3.310834;65535;

715717;-160.000000;20.562500;0.023333;3.310834;65535;

715924;-161.333374;20.562500;0.021667;3.316667;65535;

716135;-154.666626;20.562500;0.022083;3.316250;65535;

716345;-161.333374;20.562500;0.021667;3.314167;65535;

716572;-158.666626;20.562500;0.021667;3.316250;65535;

716808;-158.666626;20.562500;0.021667;3.316250;65535;

717014;-158.666626;20.562500;0.022917;3.316250;65535;

717255;-164.000000;20.562500;0.022917;3.316250;65535;

717477;-164.000000;20.562500;0.024167;3.316250;65535;

717684;-172.000000;20.562500;0.024583;3.316250;65535;

717894;-172.000000;20.625000;0.024167;3.316667;65535;

718107;-161.333374;20.625000;0.023750;3.316250;65535;

718317;-157.333374;20.562500;0.023750;3.316250;65535;

718540;-152.000000;20.625000;0.024167;3.316250;65535;

718744;-138.666626;20.625000;0.022917;3.316250;65535;

718954;-133.333374;20.625000;0.021667;3.316250;65535;

719164;-125.333374;20.625000;0.022917;3.316250;65535;

719380;-118.666626;20.625000;0.021667;3.316667;65535;

719584;-110.666626;20.625000;0.022917;3.316250;65535;

719794;-104.000000;20.625000;0.023333;3.316250;65535;

720009;-104.000000;20.687500;0.024583;3.316250;65535;

720214;-104.000000;20.687500;0.024583;3.316250;65535;

720445;-108.000000;20.687500;0.022500;3.316250;65535;

720671;-117.333374;20.687500;3.316250;3.316250;65535;

720903;-118.666626;20.687500;0.024167;3.316250;65535;

721128;-118.666626;20.687500;0.022500;3.316250;65535;

721334;-116.000000;20.687500;0.023333;3.316250;65535;

721544;-118.666626;20.687500;0.023333;3.316250;65535;

721757;-112.000000;20.687500;0.022917;3.316667;65535;

721967;-101.333374;20.687500;0.023333;3.316250;65535;

722174;-89.333374;20.687500;0.022917;3.316250;65535;

722386;-84.000000;20.750000;0.022917;3.316250;65535;

722610;-76.000000;20.750000;0.024583;3.316250;65535;

722814;-76.000000;20.750000;0.023333;3.316250;65535;

723027;-64.000000;20.750000;0.022917;3.316250;65535;

723244;-66.666626;20.750000;0.024167;3.316250;65535;

723454;-60.000000;20.750000;0.022083;3.316250;65535;

723670;-57.333374;20.750000;0.022083;3.316250;65535;

723875;-56.000000;20.750000;0.021667;3.316250;65535;

724095;-53.333374;20.750000;0.022083;3.316250;65535;

724314;-50.666626;20.750000;0.021667;3.316250;65535;

724544;-49.333374;20.750000;0.023750;3.316250;65535;

724757;-41.333374;20.812500;0.024167;3.316250;65535;

724964;-38.666626;20.812500;0.024583;3.316250;65535;

725177;-36.000000;20.812500;0.021667;3.316250;65535;

725387;-37.333374;20.812500;0.022500;3.315833;65535;

725594;-29.333374;20.812500;0.022917;3.316250;65535;

725804;-26.666626;20.812500;0.024167;3.316250;65535;

726020;-34.666626;20.812500;0.022917;3.316250;65535;

726224;-34.666626;20.812500;0.022500;3.316250;65535;

726434;-37.333374;20.812500;0.022500;3.316250;65535;

726649;-41.333374;20.812500;0.025000;3.316250;65535;

726854;-48.000000;20.875000;0.023333;3.316250;65535;

727064;-50.666626;20.875000;0.022083;3.316250;65535;

727274;-56.000000;20.875000;0.022917;3.316250;65535;

727489;-58.666626;20.875000;0.022083;3.316250;65535;

727715;-58.666626;20.875000;0.024583;3.316250;65535;

727942;-53.333374;20.875000;3.316250;3.316250;65535;

728168;-70.666626;20.875000;0.021667;3.316250;65535;

728387;-64.000000;20.875000;0.023333;3.316250;65535;

728597;-68.000000;20.875000;0.021667;3.316250;65535;

728804;-66.666626;20.937500;0.023333;3.316250;65535;

729017;-76.000000;20.875000;0.021667;3.316250;65535;

729240;-70.666626;20.875000;0.022917;3.316250;65535;

729444;-70.666626;20.937500;0.024167;3.316250;65535;

729654;-70.666626;20.937500;0.023750;3.316250;65535;

729869;-70.666626;20.937500;0.025000;3.316250;65535;

730087;-70.666626;20.937500;0.024583;3.316250;65535;

730295;-70.666626;20.937500;0.024583;3.316250;65535;

730509;-70.666626;20.937500;0.025000;3.315833;65535;

730727;-66.666626;20.937500;0.024167;3.313750;65535;

730937;-68.000000;20.937500;0.024167;3.315417;65535;

731144;-64.000000;20.937500;0.024167;3.312917;65535;

731366;-64.000000;20.937500;0.023333;3.314584;65535;

731589;-57.333374;20.937500;0.022083;3.314584;65535;

731818;-56.000000;21.000000;0.022500;3.310834;65535;

732040;-58.666626;21.000000;0.023333;3.310834;65535;

732247;-53.333374;21.000000;0.024167;3.311667;65535;

732454;-48.000000;21.000000;0.022917;3.310834;65535;

732667;-50.666626;21.000000;0.022083;3.310834;65535;

732887;-48.000000;21.000000;0.022500;3.310834;65535;

733094;-42.666626;21.000000;0.022917;3.310834;65535;

733304;-41.333374;21.000000;0.022500;3.310834;65535;

733516;-36.000000;21.000000;0.022917;3.310834;65535;

733740;-36.000000;21.000000;0.024167;3.310834;65535;

733944;-50.666626;21.000000;0.022500;3.310834;65535;

734157;-50.666626;21.000000;0.024167;3.310834;65535;

734366;-50.666626;21.000000;0.022917;3.310834;65535;

734585;-50.666626;21.000000;0.023333;3.310834;65535;

734798;-53.333374;21.062500;0.023333;3.311250;65535;

735015;-50.666626;21.062500;0.021667;3.310834;65535;

735251;-48.000000;21.062500;3.310834;3.310834;65535;

735467;-36.000000;21.062500;0.024167;3.310834;65535;

735674;-36.000000;21.062500;0.022083;3.310834;65535;

735886;-45.333374;21.062500;0.024167;3.310834;65535;

736110;-36.000000;21.062500;0.024167;3.310834;65535;

736314;-50.666626;21.062500;0.022917;3.310834;65535;

736524;-38.666626;21.062500;0.024167;3.310834;65535;

736737;-50.666626;21.062500;0.022500;3.310834;65535;

736947;-50.666626;21.062500;0.023333;3.310834;65535;

737154;-48.000000;21.062500;0.021667;3.310834;65535;

737365;-53.333374;21.062500;0.023750;3.310834;65535;

737589;-53.333374;21.062500;0.022500;3.310834;65535;

737807;-50.666626;21.062500;0.024167;3.310834;65535;

738017;-56.000000;21.125000;0.024167;3.310834;65535;

738225;-57.333374;21.062500;0.023333;3.310834;65535;

738434;-57.333374;21.125000;0.023333;3.310834;65535;

738656;-56.000000;21.125000;0.022083;3.310834;65535;

738892;-60.000000;21.125000;0.022083;3.310834;65535;

739119;-57.333374;21.125000;0.022083;3.310834;65535;

739337;-58.666626;21.125000;0.022917;3.311250;65535;

739545;-57.333374;21.125000;0.023750;3.310834;65535;

739754;-58.666626;21.125000;0.022917;3.310834;65535;

739967;-60.000000;21.125000;0.023333;3.310834;65535;

740175;-64.000000;21.125000;0.024167;3.310834;65535;

740387;-64.000000;21.125000;0.022083;3.309583;65535;

740598;-58.666626;21.125000;0.023333;3.307083;65535;

740805;-62.666626;21.125000;0.022083;3.305417;65535;

741014;-58.666626;21.125000;0.024167;3.305417;65535;

741226;-58.666626;21.125000;0.022083;3.305417;65535;

741449;-62.666626;21.125000;0.022917;3.305417;65535;

741654;-66.666626;21.187500;0.021667;3.305417;65535;

741867;-62.666626;21.187500;0.023333;3.305417;65535;

742084;-57.333374;21.187500;0.022500;3.305417;65535;

742306;-53.333374;21.187500;0.023750;3.305417;65535;

742536;-49.333374;21.187500;0.022083;3.305417;65535;

742748;-50.666626;21.187500;0.022083;3.305417;65535;

742954;-32.000000;21.187500;0.022500;3.305417;65535;

743165;-29.333374;21.187500;0.022083;3.305417;65535;

743378;-34.666626;21.187500;0.022083;3.305834;65535;

743584;-25.333374;21.187500;0.022500;3.305417;65535;

743795;-29.333374;21.187500;0.024583;3.305417;65535;

744004;-25.333374;21.187500;0.023750;3.305834;65535;

744229;-25.333374;21.187500;0.025000;3.305417;65535;

744447;-29.333374;21.187500;0.023333;3.305417;65535;

744657;-32.000000;21.187500;0.024583;3.305417;65535;

744864;-36.000000;21.187500;0.022083;3.305417;65535;

745075;-36.000000;21.250000;0.021667;3.305417;65535;

745288;-34.666626;21.187500;0.024167;3.305834;65535;

745494;-38.666626;21.187500;0.022917;3.305417;65535;

745725;-38.666626;21.250000;0.023333;3.305834;65535;

745962;-36.000000;21.187500;0.022500;3.305417;65535;

746187;-36.000000;21.250000;0.022917;3.305417;65535;

746397;-38.666626;21.250000;0.024167;3.305834;65535;

746631;-32.000000;21.250000;0.024167;3.305834;65535;

746848;-36.000000;21.250000;0.025000;3.305834;65535;

747054;-34.666626;21.250000;0.024167;3.305834;65535;

747267;-30.666626;21.250000;0.023750;3.305417;65535;

747487;-30.666626;21.250000;0.023750;3.305417;65535;

747707;-30.666626;21.250000;0.022917;3.305417;65535;

747927;-30.666626;21.250000;0.022917;3.305417;65535;

748137;-25.333374;21.250000;0.022500;3.305417;65535;

748359;-22.666626;21.250000;0.023750;3.305417;65535;

748568;-22.666626;21.250000;0.022083;3.305417;65535;

748774;-21.333374;21.250000;0.021667;3.305417;65535;

748997;-29.333374;21.250000;0.021667;3.305834;65535;

749217;-25.333374;21.250000;0.022500;3.305417;65535;

749444;-25.333374;21.250000;0.023750;3.305417;65535;

749672;-30.666626;21.250000;0.024167;3.305834;65535;

749874;-30.666626;21.250000;0.023333;3.305834;65535;

750084;-25.333374;21.250000;0.023333;3.305417;65535;

750300;-30.666626;21.250000;0.022500;3.304584;65535;

750504;-80.000000;21.250000;0.025000;3.302083;65535;

750714;-58.666626;21.250000;0.021667;3.300833;65535;

750937;-30.666626;21.250000;0.024583;3.301667;65535;

751157;-70.666626;21.312500;0.022917;3.300417;65535;

751368;-36.000000;21.250000;0.023333;3.300417;65535;

751577;-25.333374;21.312500;0.022500;3.300417;65535;

751795;-25.333374;21.312500;0.022083;3.300000;65535;

752007;-34.666626;21.312500;0.023750;3.300417;65535;

752218;-34.666626;21.312500;0.021667;3.300417;65535;

752446;-36.000000;21.312500;0.024583;3.300417;65535;

752686;-34.666626;21.312500;0.024583;3.300000;65535;

752924;-50.666626;21.312500;0.022917;3.300417;65535;

753151;-34.666626;21.312500;0.023333;3.300000;65535;

753365;-32.000000;21.312500;0.022083;3.300417;65535;

753577;-30.666626;21.312500;0.022083;3.300417;65535;

753787;-66.666626;21.312500;0.022917;3.300417;65535;

754009;-60.000000;21.312500;0.023750;3.300000;65535;

754217;-104.000000;21.312500;0.022917;3.300417;65535;

754439;-45.333374;21.312500;0.024167;3.300000;65535;

754655;-32.000000;21.312500;0.024167;3.300417;65535;

754867;-36.000000;21.312500;0.022917;3.300417;65535;

755074;-38.666626;21.312500;0.023750;3.300417;65535;

755301;-41.333374;21.312500;0.023750;3.300417;65535;

755507;-34.666626;21.312500;0.024167;3.300417;65535;

755718;-30.666626;21.312500;0.022917;3.300417;65535;

755935;-22.666626;21.312500;0.022083;3.300417;65535;

756162;-18.666626;21.312500;0.021667;3.300000;65535;

756402;-17.333374;21.312500;0.022500;3.300417;65535;

756628;-16.000000;21.312500;0.021667;3.300417;65535;

756838;-17.333374;21.312500;0.023333;3.300417;65535;

757057;-17.333374;21.375000;0.022083;3.300417;65535;

757271;-20.000000;21.375000;0.022083;3.300417;65535;

757475;-22.666626;21.375000;0.024583;3.298750;65535;

757689;-26.666626;21.312500;0.022083;3.300417;65535;

757904;-25.333374;21.375000;0.023750;3.297500;65535;

758115;-30.666626;21.375000;0.021667;3.297500;65535;

758330;-36.000000;21.375000;0.022083;3.298333;65535;

758544;-25.333374;21.375000;0.023750;3.295000;65535;

758754;-22.666626;21.312500;0.022917;3.295000;65535;

758980;-25.333374;21.375000;0.025000;3.295000;65535;

759199;-21.333374;21.312500;0.023750;3.295000;65535;

759404;-18.666626;21.375000;0.022500;3.295000;65535;

759641;-22.666626;21.375000;3.295000;3.295000;65535;

759875;-20.000000;21.375000;0.022083;3.295000;65535;

760112;-17.333374;21.375000;0.022083;3.295000;65535;

760337;-18.666626;21.375000;0.021667;3.295000;65535;

760547;-18.666626;21.375000;0.022083;3.295000;65535;

760764;-17.333374;21.375000;0.021667;3.294584;65535;

760975;-21.333374;21.375000;0.021667;3.295000;65535;

761190;-25.333374;21.375000;0.022917;3.295000;65535;

761395;-21.333374;21.375000;0.023750;3.295000;65535;

761608;-25.333374;21.375000;0.025000;3.295000;65535;

761828;-26.666626;21.375000;0.021667;3.295000;65535;

762034;-32.000000;21.375000;0.022083;3.295000;65535;

762278;-30.666626;21.375000;0.021667;3.295000;65535;

762499;-30.666626;21.375000;0.021667;3.295000;65535;

762715;-30.666626;21.375000;0.022083;3.295000;65535;

762924;-22.666626;21.375000;0.022083;3.295000;65535;

763155;-18.666626;21.375000;0.021667;3.295000;65535;

763389;-25.333374;21.375000;0.022083;3.295000;65535;

763614;-21.333374;21.375000;0.021667;3.295000;65535;

763827;-18.666626;21.375000;0.021667;3.295000;65535;

764035;-17.333374;21.375000;0.021667;3.295000;65535;

764248;-17.333374;21.375000;0.021667;3.295000;65535;

764454;-17.333374;21.437500;0.021667;3.295000;65535;

764664;-22.666626;21.437500;0.022083;3.291667;65535;

764874;-17.333374;21.375000;0.022083;3.292500;65535;

765097;-26.666626;21.375000;0.022083;3.291250;65535;

765305;-22.666626;21.375000;0.022083;3.290000;65535;

765520;-21.333374;21.375000;0.021667;3.289583;65535;

765724;-22.666626;21.437500;0.021667;3.289583;65535;

765934;-29.333374;21.375000;0.021667;3.289583;65535;

766145;-32.000000;21.375000;0.021667;3.289583;65535;

766361;-36.000000;21.437500;0.022083;3.289583;65535;

766564;-36.000000;21.437500;0.021667;3.289583;65535;

766786;-40.000000;21.437500;0.021667;3.289583;65535;

767022;-38.666626;21.375000;0.022083;3.289583;65535;

767247;-34.666626;21.437500;0.021667;3.289583;65535;

767455;-34.666626;21.375000;0.022083;3.289583;65535;

767670;-32.000000;21.437500;0.021667;3.289583;65535;

767874;-32.000000;21.437500;0.022083;3.289583;65535;

768084;-34.666626;21.437500;0.021667;3.289583;65535;

768295;-36.000000;21.437500;0.021667;3.289583;65535;

768508;-50.666626;21.437500;0.021667;3.289583;65535;

768715;-50.666626;21.437500;0.022083;3.289583;65535;

768924;-50.666626;21.437500;0.021667;3.289583;65535;

769137;-50.666626;21.437500;0.022083;3.289583;65535;

769354;-56.000000;21.437500;0.022083;3.288750;65535;

769565;-58.666626;21.437500;0.022083;3.289583;65535;

769777;-60.000000;21.375000;0.022083;3.284167;65535;

769985;-66.666626;21.437500;0.021667;3.284167;65535;

770205;-70.666626;21.437500;0.021667;3.284167;65535;

770448;-70.666626;21.437500;0.021667;3.284167;65535;

770669;-70.666626;21.437500;0.022083;3.284167;65535;

770890;-70.666626;21.437500;0.022083;3.284167;65535;

771095;-66.666626;21.437500;0.022083;3.284167;65535;

771304;-70.666626;21.437500;0.022083;3.284167;65535;

771517;-70.666626;21.437500;0.022083;3.284167;65535;

771725;-70.666626;21.437500;0.022083;3.284167;65535;

771934;-66.666626;21.437500;0.022083;3.284167;65535;

772145;-70.666626;21.437500;0.022083;3.284167;65535;

772357;-70.666626;21.437500;0.021667;3.284167;65535;

772564;-68.000000;21.437500;0.022083;3.284167;65535;

772774;-66.666626;21.437500;0.021667;3.284167;65535;

772987;-70.666626;21.437500;0.021250;3.284167;65535;

773197;-70.666626;21.437500;0.021250;3.284167;65535;

773404;-64.000000;21.437500;0.022083;3.284167;65535;

773614;-68.000000;21.437500;0.022083;3.284167;65535;

773844;-70.666626;21.437500;0.021667;3.284167;65535;

774080;-70.666626;21.437500;0.022083;3.284167;65535;

774294;-68.000000;21.437500;0.021667;3.284167;65535;

774517;-64.000000;21.437500;0.021667;3.284167;65535;

774724;-64.000000;21.437500;0.021667;3.284167;65535;

774949;-57.333374;21.437500;0.021667;3.284167;65535;

775167;-56.000000;21.437500;0.022083;3.284167;65535;

775377;-57.333374;21.437500;0.021667;3.284167;65535;

775585;-58.666626;21.437500;0.021250;3.284167;65535;

775795;-50.666626;21.437500;0.021667;3.284167;65535;

776005;-56.000000;21.437500;0.022083;3.284167;65535;

776217;-57.333374;21.437500;0.022083;3.284167;65535;

776424;-53.333374;21.437500;0.022083;3.284167;65535;

776634;-53.333374;21.437500;0.021667;3.284167;65535;

776859;-58.666626;21.437500;0.022083;3.284167;65535;

777064;-58.666626;21.437500;0.022083;3.284167;65535;

777304;-57.333374;21.437500;0.021667;3.284167;65535;

777543;-53.333374;21.437500;0.021667;3.284583;65535;

777769;-58.666626;21.437500;0.022083;3.284167;65535;

777975;-56.000000;21.437500;0.022083;3.284167;65535;

778184;-58.666626;21.437500;0.021667;3.284167;65535;

778397;-57.333374;21.437500;0.022083;3.284167;65535;

778604;-50.666626;21.437500;0.021667;3.284583;65535;

778814;-57.333374;21.437500;0.022083;3.284167;65535;

779024;-53.333374;21.437500;0.021667;3.282917;65535;

779237;-56.000000;21.437500;0.021667;3.279584;65535;

779444;-53.333374;21.437500;0.022083;3.281250;65535;

779654;-57.333374;21.437500;0.021250;3.278750;65535;

779869;-53.333374;21.437500;0.021667;3.280417;65535;

780085;-53.333374;21.437500;0.021667;3.278750;65535;

780295;-50.666626;21.437500;0.021667;3.278750;65535;

780507;-58.666626;21.437500;0.022083;3.278750;65535;

780725;-57.333374;21.437500;0.021667;3.278750;65535;

780964;-58.666626;21.500000;0.022083;3.278750;65535;

781185;-60.000000;21.437500;0.021250;3.279167;65535;

781394;-58.666626;21.437500;0.021667;3.278750;65535;

781605;-58.666626;21.437500;0.021667;3.279167;65535;

781817;-53.333374;21.437500;0.022083;3.278750;65535;

782026;-56.000000;21.437500;0.022083;3.278750;65535;

782234;-56.000000;21.437500;0.021250;3.278750;65535;

782444;-58.666626;21.437500;0.021667;3.279167;65535;

782660;-50.666626;21.437500;0.022083;3.278750;65535;

782864;-53.333374;21.500000;0.021667;3.279167;65535;

783074;-53.333374;21.437500;0.022083;3.279167;65535;

783287;-50.666626;21.437500;0.021667;3.278750;65535;

783495;-50.666626;21.437500;0.022083;3.278750;65535;

783705;-50.666626;21.500000;0.022083;3.278750;65535;

783931;-50.666626;21.437500;0.022083;3.279167;65535;

784135;-48.000000;21.437500;0.022083;3.278750;65535;

784364;-50.666626;21.500000;0.022083;3.278750;65535;

784604;-38.666626;21.437500;0.022083;3.278750;65535;

784829;-48.000000;21.500000;0.021667;3.278750;65535;

785037;-36.000000;21.437500;0.022083;3.278750;65535;

785244;-36.000000;21.500000;0.022083;3.278750;65535;

785457;-41.333374;21.437500;0.022083;3.278750;65535;

785664;-36.000000;21.437500;0.022083;3.278334;65535;

785877;-41.333374;21.500000;0.021667;3.278750;65535;

786088;-50.666626;21.500000;0.022083;3.275833;65535;

786294;-50.666626;21.437500;0.021667;3.275000;65535;

786507;-50.666626;21.500000;0.021667;3.276250;65535;

786715;-40.000000;21.500000;0.022083;3.275000;65535;

786926;-50.666626;21.500000;0.022083;3.278750;65535;

787149;-50.666626;21.500000;0.022083;3.273334;65535;

787354;-49.333374;21.500000;0.022083;3.273750;65535;

787564;-49.333374;21.500000;0.022083;3.273750;65535;

787786;-50.666626;21.500000;0.022083;3.273750;65535;

788019;-50.666626;21.437500;0.021667;3.273750;65535;

788248;-50.666626;21.437500;0.022083;3.278750;65535;

788467;-57.333374;21.500000;0.022083;3.277500;65535;

788674;-58.666626;21.500000;0.022083;3.273750;65535;

788887;-57.333374;21.500000;0.021667;3.273334;65535;

789096;-60.000000;21.500000;0.021667;3.273750;65535;

789314;-56.000000;21.500000;0.022083;3.273750;65535;

789528;-57.333374;21.500000;0.022083;3.273750;65535;

789735;-53.333374;21.500000;0.022083;3.273750;65535;

789944;-50.666626;21.437500;0.022083;3.273750;65535;

790154;-38.666626;21.500000;0.022083;3.273334;65535;

790367;-50.666626;21.500000;0.022083;3.273334;65535;

790574;-48.000000;21.500000;0.021250;3.273750;65535;

790785;-48.000000;21.500000;0.021667;3.273334;65535;

791012;-41.333374;21.500000;0.022083;3.273750;65535;

791251;-48.000000;21.500000;0.022083;3.273334;65535;

791465;-50.666626;21.500000;0.021667;3.273750;65535;

791677;-50.666626;21.500000;0.021667;3.273334;65535;

791889;-57.333374;21.500000;0.021667;3.273334;65535;

792109;-50.666626;21.500000;0.021667;3.273334;65535;

792314;-58.666626;21.500000;0.022083;3.273334;65535;

792524;-58.666626;21.500000;0.022083;3.273750;65535;

792736;-60.000000;21.500000;0.021667;3.273750;65535;

792957;-64.000000;21.500000;0.022083;3.273750;65535;

793166;-64.000000;21.500000;0.022083;3.273334;65535;

793387;-68.000000;21.500000;0.021667;3.273750;65535;

793594;-66.666626;21.500000;0.022083;3.273750;65535;

793817;-64.000000;21.500000;0.022083;3.273750;65535;

794024;-64.000000;21.500000;0.021667;3.273750;65535;

794234;-70.666626;21.500000;0.022083;3.273750;65535;

794447;-66.666626;21.500000;0.022083;3.273750;65535;

794680;-64.000000;21.500000;0.021667;3.273750;65535;

794928;-58.666626;21.500000;0.021667;3.273750;65535;

795137;-57.333374;21.500000;0.021667;3.273334;65535;

795345;-58.666626;21.500000;0.022083;3.273750;65535;

795555;-58.666626;21.500000;0.022083;3.273334;65535;

795767;-57.333374;21.500000;0.022083;3.273750;65535;

795974;-56.000000;21.500000;0.021667;3.273750;65535;

796186;-53.333374;21.500000;0.022083;3.273334;65535;

796407;-53.333374;21.500000;0.021667;3.273750;65535;

796614;-57.333374;21.500000;0.022083;3.273334;65535;

796824;-53.333374;21.500000;0.022083;3.273750;65535;

797037;-53.333374;21.500000;0.022083;3.273750;65535;

797246;-48.000000;21.500000;0.022083;3.273334;65535;

797467;-38.666626;21.500000;0.022083;3.273750;65535;

797677;-36.000000;21.500000;0.021667;3.273334;65535;

797884;-30.666626;21.500000;0.022083;3.272500;65535;

798111;-34.666626;21.500000;0.022083;3.270000;65535;

798351;-25.333374;21.500000;0.022083;3.268333;65535;

798591;-21.333374;21.500000;0.022083;3.268750;65535;

798807;-34.666626;21.500000;0.022083;3.268750;65535;

799014;-22.666626;21.500000;0.021667;3.268333;65535;

799230;-34.666626;21.500000;0.021667;3.268333;65535;

799444;-34.666626;21.500000;0.022083;3.268333;65535;

799654;-30.666626;21.500000;0.022083;3.268333;65535;

799867;-32.000000;21.500000;0.022083;3.268333;65535;

800074;-18.666626;21.500000;0.022083;3.268333;65535;

800284;-20.000000;21.500000;0.021667;3.268333;65535;

800497;-21.333374;21.500000;0.021667;3.268333;65535;

800704;-22.666626;21.500000;0.022083;3.268333;65535;

800916;-13.333374;21.500000;0.022083;3.268333;65535;

801140;-13.333374;21.500000;0.022083;3.268333;65535;

801344;-18.666626;21.500000;0.021667;3.268333;65535;

801554;-25.333374;21.500000;0.022083;3.268333;65535;

801779;-36.000000;21.500000;0.022083;3.268333;65535;

801990;-29.333374;21.500000;0.021667;3.268333;65535;

802197;-29.333374;21.500000;0.022083;3.268333;65535;

802429;-30.666626;21.500000;0.022083;3.268333;65535;

802647;-25.333374;21.500000;0.021667;3.268333;65535;

802854;-30.666626;21.500000;0.022083;3.268333;65535;

803065;-22.666626;21.500000;0.022083;3.268333;65535;

803278;-17.333374;21.500000;0.021667;3.268333;65535;

803484;-21.333374;21.500000;0.021667;3.268333;65535;

803694;-25.333374;21.500000;0.022083;3.268333;65535;

803904;-25.333374;21.500000;0.022083;3.268333;65535;

804117;-29.333374;21.500000;0.022083;3.268333;65535;

804325;-22.666626;21.500000;0.021667;3.268333;65535;

804535;-34.666626;21.500000;0.021667;3.268333;65535;

804747;-38.666626;21.500000;0.022083;3.268333;65535;

804954;-34.666626;21.500000;0.021667;3.267917;65535;

805174;-34.666626;21.500000;0.022083;3.267917;65535;

805387;-32.000000;21.500000;0.021667;3.265000;65535;

805601;-34.666626;21.500000;0.021667;3.263750;65535;

805823;-45.333374;21.500000;0.021667;3.262917;65535;

806066;-38.666626;21.500000;0.022083;3.262917;65535;

806287;-38.666626;21.500000;0.022083;3.262917;65535;

806499;-34.666626;21.500000;0.022083;3.262917;65535;

806715;-32.000000;21.500000;0.021667;3.262917;65535;

806939;-29.333374;21.500000;0.022083;3.262917;65535;

807144;-34.666626;21.500000;0.022083;3.262917;65535;

807354;-32.000000;21.500000;0.021667;3.262917;65535;

807564;-22.666626;21.500000;0.022083;3.262917;65535;

807779;-22.666626;21.500000;0.022083;3.262917;65535;

807994;-21.333374;21.500000;0.022083;3.262917;65535;

808207;-29.333374;21.500000;0.022083;3.262917;65535;

808415;-32.000000;21.562500;0.022083;3.262917;65535;

808624;-22.666626;21.500000;0.021250;3.262917;65535;

808847;-22.666626;21.500000;0.022083;3.262917;65535;

809055;-22.666626;21.500000;0.021667;3.262917;65535;

809286;-32.000000;21.500000;0.021667;3.262917;65535;

809510;-32.000000;21.500000;0.022083;3.262917;65535;

809732;-36.000000;21.500000;3.262917;3.262917;65535;

809948;-25.333374;21.500000;0.021667;3.262917;65535;

810157;-22.666626;21.500000;0.022083;3.262917;65535;

810364;-22.666626;21.562500;0.022083;3.262917;65535;

810575;-30.666626;21.500000;0.022083;3.262500;65535;

810787;-30.666626;21.500000;0.021667;3.263333;65535;

811007;-22.666626;21.500000;0.021250;3.262917;65535;

811214;-16.000000;21.500000;0.021250;3.262917;65535;

811427;-16.000000;21.500000;0.022083;3.262917;65535;

811634;-22.666626;21.500000;0.022083;3.262917;65535;

811845;-22.666626;21.500000;0.022083;3.262917;65535;

812069;-20.000000;21.500000;0.022083;3.262917;65535;

812274;-18.666626;21.500000;0.022083;3.262500;65535;

812484;-17.333374;21.500000;0.021667;3.260417;65535;

812708;-22.666626;21.500000;0.021667;3.258333;65535;

812941;-26.666626;21.500000;0.021667;3.257500;65535;

813169;-29.333374;21.500000;0.021667;3.257500;65535;

813377;-21.333374;21.500000;0.021667;3.257500;65535;

813585;-18.666626;21.500000;0.021667;3.257500;65535;

813797;-25.333374;21.500000;0.022083;3.257500;65535;

814004;-32.000000;21.500000;0.022083;3.257500;65535;

814217;-25.333374;21.500000;0.022083;3.257500;65535;

814428;-22.666626;21.500000;0.022083;3.257917;65535;

814634;-22.666626;21.500000;0.021667;3.257500;65535;

814847;-30.666626;21.500000;0.021667;3.257500;65535;

815054;-26.666626;21.500000;0.022083;3.257500;65535;

815265;-32.000000;21.500000;0.021667;3.257500;65535;

815475;-25.333374;21.562500;0.021250;3.257500;65535;

815688;-21.333374;21.500000;0.022083;3.257500;65535;

815894;-29.333374;21.500000;0.022083;3.257500;65535;

816104;-34.666626;21.500000;0.022083;3.257500;65535;

816331;-34.666626;21.562500;3.257500;3.257500;65535;

816559;-30.666626;21.500000;0.022083;3.257500;65535;

816774;-22.666626;21.500000;0.022083;3.257500;65535;

816997;-30.666626;21.500000;0.021667;3.257500;65535;

817207;-41.333374;21.500000;0.022083;3.257500;65535;

817414;-34.666626;21.500000;0.022083;3.257500;65535;

817627;-32.000000;21.562500;0.022083;3.257500;65535;

817834;-30.666626;21.500000;0.021667;3.257500;65535;

818044;-32.000000;21.500000;0.021667;3.257500;65535;

818267;-38.666626;21.500000;0.021250;3.257500;65535;

818474;-36.000000;21.500000;0.021667;3.257500;65535;

818684;-36.000000;21.500000;0.022083;3.257500;65535;

818897;-32.000000;21.500000;0.022083;3.257500;65535;

819104;-32.000000;21.500000;0.021667;3.257500;65535;

819325;-26.666626;21.500000;0.022083;3.257500;65535;

819538;-32.000000;21.500000;0.021667;3.257500;65535;

819745;-32.000000;21.500000;0.021667;3.252917;65535;

819978;-26.666626;21.500000;0.021667;3.252500;65535;

820213;-21.333374;21.500000;0.021667;3.252917;65535;

820437;-22.666626;21.500000;0.022083;3.252084;65535;

820648;-29.333374;21.500000;0.022083;3.252084;65535;

820854;-29.333374;21.500000;0.021667;3.252084;65535;

821064;-25.333374;21.500000;0.022083;3.252084;65535;

821275;-22.666626;21.562500;0.021667;3.252500;65535;

821487;-22.666626;21.500000;0.022083;3.252084;65535;

821696;-25.333374;21.500000;0.021667;3.252084;65535;

821914;-25.333374;21.500000;0.022083;3.252084;65535;

822127;-32.000000;21.500000;0.022083;3.252084;65535;

822334;-26.666626;21.562500;0.021250;3.252084;65535;

822546;-20.000000;21.500000;0.021667;3.252084;65535;

822758;-22.666626;21.500000;0.022083;3.252084;65535;

822965;-32.000000;21.562500;0.021667;3.252084;65535;

823174;-30.666626;21.500000;0.021250;3.252084;65535;

823396;-21.333374;21.500000;0.021667;3.252084;65535;

823630;-22.666626;21.562500;0.021667;3.252084;65535;

823857;-18.666626;21.562500;0.021667;3.252500;65535;

824067;-22.666626;21.500000;0.022083;3.252084;65535;

824277;-22.666626;21.562500;0.021667;3.252084;65535;

824497;-25.333374;21.500000;0.022083;3.252084;65535;

824707;-22.666626;21.500000;0.021667;3.252084;65535;

824915;-17.333374;21.500000;0.021667;3.252500;65535;

825125;-20.000000;21.500000;0.022083;3.252500;65535;

825339;-17.333374;21.562500;0.022083;3.252084;65535;

825544;-22.666626;21.500000;0.021667;3.252084;65535;

825754;-17.333374;21.500000;0.022083;3.252084;65535;

825964;-13.333374;21.500000;0.022083;3.252084;65535;

826180;-21.333374;21.500000;0.022083;3.252084;65535;

826384;-20.000000;21.500000;0.021667;3.252084;65535;

826598;-20.000000;21.500000;0.021250;3.252084;65535;

826816;-17.333374;21.562500;0.022083;3.249583;65535;

827053;-21.333374;21.500000;0.021667;3.249167;65535;

827277;-22.666626;21.500000;0.021667;3.246667;65535;

827487;-26.666626;21.500000;0.022083;3.246667;65535;

827698;-30.666626;21.500000;0.022083;3.246667;65535;

827904;-32.000000;21.500000;0.021667;3.247083;65535;

828114;-37.333374;21.500000;0.021667;3.246667;65535;

828328;-21.333374;21.562500;0.022083;3.246667;65535;

828536;-32.000000;21.562500;0.022083;3.246667;65535;

828744;-30.666626;21.562500;0.021667;3.246667;65535;

828958;-26.666626;21.500000;0.021250;3.246667;65535;

829164;-32.000000;21.562500;0.022083;3.246667;65535;

829375;-21.333374;21.562500;0.022083;3.246667;65535;

829585;-21.333374;21.500000;0.022083;3.246667;65535;

829798;-25.333374;21.562500;0.021667;3.247083;65535;

830005;-25.333374;21.500000;0.022083;3.246667;65535;

830225;-25.333374;21.562500;0.021667;3.246667;65535;

830461;-25.333374;21.500000;0.022083;3.246667;65535;

830687;-20.000000;21.500000;0.021667;3.246667;65535;

830894;-22.666626;21.500000;0.021667;3.246667;65535;

831107;-32.000000;21.500000;0.022083;3.246667;65535;

831314;-34.666626;21.500000;0.021667;3.246667;65535;

831524;-21.333374;21.500000;0.021667;3.246667;65535;

831737;-25.333374;21.562500;0.022083;3.246667;65535;

831944;-25.333374;21.500000;0.022083;3.246667;65535;

832155;-29.333374;21.562500;0.022083;3.246667;65535;

832367;-32.000000;21.500000;0.021667;3.247083;65535;

832587;-34.666626;21.562500;0.021667;3.246667;65535;

832794;-36.000000;21.500000;0.021667;3.246667;65535;

833004;-30.666626;21.562500;0.022083;3.246667;65535;

833217;-36.000000;21.562500;0.022083;3.246667;65535;

833440;-41.333374;21.500000;0.022083;3.246667;65535;

833676;-38.666626;21.562500;0.021667;3.247083;65535;

833910;-41.333374;21.562500;0.022083;3.245833;65535;

834138;-32.000000;21.562500;0.021667;3.243334;65535;

834344;-36.000000;21.562500;0.022083;3.242083;65535;

834556;-37.333374;21.562500;0.022083;3.241667;65535;

834780;-36.000000;21.562500;0.022083;3.241667;65535;

834984;-48.000000;21.500000;0.022083;3.241250;65535;

835198;-40.000000;21.562500;0.021667;3.241250;65535;

835405;-34.666626;21.500000;0.021667;3.241250;65535;

835617;-30.666626;21.562500;0.022083;3.241667;65535;

835824;-36.000000;21.562500;0.021667;3.241250;65535;

836037;-34.666626;21.500000;0.021250;3.241667;65535;

836244;-34.666626;21.500000;0.022083;3.241667;65535;

836469;-32.000000;21.562500;0.022083;3.241250;65535;

836674;-30.666626;21.562500;0.022083;3.241250;65535;

836884;-30.666626;21.562500;0.022083;3.241250;65535;

837105;-34.666626;21.562500;0.022083;3.241667;65535;

837343;-36.000000;21.562500;0.021250;3.241250;65535;

837560;-25.333374;21.500000;0.022083;3.241250;65535;

837764;-32.000000;21.500000;0.021667;3.241667;65535;

837979;-30.666626;21.562500;0.022083;3.241250;65535;

838184;-34.666626;21.500000;0.021667;3.241250;65535;

838394;-34.666626;21.500000;0.021250;3.241667;65535;

838604;-36.000000;21.500000;0.021667;3.241667;65535;

838819;-30.666626;21.562500;0.022083;3.241667;65535;

839034;-32.000000;21.500000;0.022083;3.241250;65535;

839244;-37.333374;21.562500;0.022083;3.241667;65535;

839457;-34.666626;21.562500;0.021667;3.241667;65535;

839666;-37.333374;21.562500;0.022083;3.241250;65535;

839875;-30.666626;21.500000;0.022083;3.241250;65535;

840087;-22.666626;21.562500;0.021250;3.241250;65535;

840294;-25.333374;21.562500;0.022083;3.241667;65535;

840520;-36.000000;21.562500;0.022083;3.241250;65535;

840761;-34.666626;21.562500;3.241250;3.241250;65535;

840992;-32.000000;21.500000;0.021667;3.241667;65535;

841207;-30.666626;21.562500;0.022083;3.241250;65535;

841414;-34.666626;21.562500;0.022083;3.241250;65535;

841624;-32.000000;21.562500;0.021250;3.241667;65535;

841837;-36.000000;21.562500;0.021667;3.241667;65535;

842044;-37.333374;21.562500;0.022083;3.241250;65535;

842254;-32.000000;21.562500;0.022083;3.241667;65535;

842464;-36.000000;21.562500;0.022083;3.241667;65535;

842680;-25.333374;21.562500;0.021667;3.241667;65535;

842884;-32.000000;21.562500;0.022083;3.241250;65535;

843094;-36.000000;21.562500;0.021667;3.241667;65535;

843310;-41.333374;21.562500;0.022083;3.241250;65535;

843524;-34.666626;21.562500;0.022083;3.241250;65535;

843734;-30.666626;21.562500;0.021667;3.241667;65535;

843947;-30.666626;21.562500;0.021667;3.241667;65535;

844159;-30.666626;21.500000;0.021667;3.241250;65535;

844376;-26.666626;21.562500;0.021667;3.240417;65535;

844592;-22.666626;21.562500;0.022083;3.238750;65535;

844818;-18.666626;21.562500;0.022083;3.236250;65535;

845024;-13.333374;21.562500;0.021250;3.236250;65535;

845235;-16.000000;21.562500;0.021667;3.236250;65535;

845444;-22.666626;21.562500;0.022083;3.236250;65535;

845661;-30.666626;21.562500;0.022083;3.235833;65535;

845864;-32.000000;21.562500;0.022083;3.235833;65535;

846074;-25.333374;21.562500;0.021667;3.236250;65535;

846290;-25.333374;21.562500;0.022083;3.236250;65535;

846494;-34.666626;21.562500;0.022083;3.236250;65535;

846705;-34.666626;21.500000;0.022083;3.236250;65535;

846916;-34.666626;21.500000;0.021667;3.236250;65535;

847137;-34.666626;21.562500;0.022083;3.236250;65535;

847344;-41.333374;21.562500;0.021667;3.236250;65535;

847566;-50.666626;21.562500;0.021250;3.235833;65535;

847798;-50.666626;21.562500;0.022083;3.235833;65535;

848018;-45.333374;21.562500;3.236250;3.235833;65535;

848243;-50.666626;21.562500;0.022083;3.236250;65535;

848446;-48.000000;21.562500;0.022083;3.235833;65535;

848664;-49.333374;21.562500;0.022083;3.235833;65535;

848877;-50.666626;21.562500;0.022083;3.236250;65535;

849085;-42.666626;21.562500;0.021250;3.234167;65535;

849294;-50.666626;21.562500;0.022083;3.236250;65535;

849507;-42.666626;21.562500;0.022083;3.234167;65535;

849726;-48.000000;21.562500;0.022083;3.233750;65535;

849949;-50.666626;21.562500;0.022083;3.230417;65535;

850155;-48.000000;21.562500;0.022083;3.230833;65535;

850365;-48.000000;21.562500;0.021667;3.230833;65535;

850589;-48.000000;21.562500;0.021250;3.230833;65535;

850794;-50.666626;21.562500;0.021667;3.230833;65535;

851004;-53.333374;21.562500;0.022083;3.230833;65535;

851217;-50.666626;21.562500;0.021667;3.230833;65535;

851445;-50.666626;21.562500;0.021667;3.230833;65535;

851670;-50.666626;21.562500;0.021667;3.230833;65535;

851897;-36.000000;21.562500;0.022083;3.230833;65535;

852104;-49.333374;21.562500;0.021667;3.230833;65535;

852316;-49.333374;21.562500;0.021667;3.230833;65535;

852537;-53.333374;21.562500;0.021250;3.230833;65535;

852745;-53.333374;21.562500;0.021667;3.230417;65535;

852954;-48.000000;21.562500;0.022083;3.230833;65535;

853167;-50.666626;21.562500;0.022083;3.230833;65535;

853376;-56.000000;21.562500;0.021250;3.230833;65535;

853597;-57.333374;21.562500;0.022083;3.230833;65535;

853808;-58.666626;21.562500;0.021667;3.230833;65535;

854014;-50.666626;21.500000;0.022083;3.230833;65535;

854226;-50.666626;21.562500;0.022083;3.230833;65535;

854450;-45.333374;21.562500;0.022083;3.230833;65535;

854665;-36.000000;21.562500;0.022083;3.230833;65535;

854889;-38.666626;21.562500;0.021667;3.230833;65535;

855106;-38.666626;21.562500;0.021667;3.230833;65535;

855327;-34.666626;21.562500;0.022083;3.230833;65535;

855534;-25.333374;21.562500;0.022083;3.230833;65535;

855747;-30.666626;21.562500;0.021667;3.230833;65535;

855954;-34.666626;21.562500;0.022083;3.230833;65535;

856167;-32.000000;21.562500;0.022083;3.230833;65535;

856374;-36.000000;21.562500;0.021667;3.230833;65535;

856587;-34.666626;21.562500;0.021667;3.230833;65535;

856797;-34.666626;21.562500;0.022083;3.230833;65535;

857004;-36.000000;21.562500;0.021667;3.230833;65535;

857217;-48.000000;21.562500;0.021667;3.230833;65535;

857435;-36.000000;21.562500;0.022083;3.230833;65535;

857644;-48.000000;21.562500;0.022083;3.230833;65535;

857860;-38.666626;21.500000;0.022083;3.230833;65535;

858074;-36.000000;21.562500;0.021250;3.230833;65535;

858294;-53.333374;21.562500;0.021667;3.230833;65535;

858515;-50.666626;21.562500;0.022083;3.230417;65535;

858736;-57.333374;21.562500;0.022083;3.228750;65535;

858957;-53.333374;21.562500;0.021667;3.227500;65535;

