Time;Load cell reading [N];Temperature [C];Pressure sensor 1 [bar];Pressure sensor 2 [bar];Distance [mm];

162886;-49.333374;23.250000;0.021250;3.722500;141;

163031;-57.333374;23.187500;0.021667;3.722500;143;

163173;-50.666626;23.187500;0.021667;3.727500;137;

163316;-53.333374;23.250000;0.021667;3.733333;141;

163453;-53.333374;23.250000;0.021667;3.738333;141;

163596;-64.000000;23.250000;0.021667;3.738333;143;

163734;-58.666626;23.250000;0.021667;3.741250;141;

163876;-53.333374;23.250000;0.021667;3.746667;141;

164013;-50.666626;23.250000;0.021667;3.752500;141;

164156;-50.666626;23.250000;0.021667;3.752500;140;

164296;-50.666626;23.250000;0.021667;3.757917;138;

164433;-38.666626;23.250000;0.021667;3.762917;140;

164576;-41.333374;23.250000;0.021667;3.768333;141;

164713;-50.666626;23.250000;0.021667;3.773334;138;

164856;-50.666626;23.250000;0.021250;3.777084;139;

164993;-45.333374;23.250000;0.021667;3.778750;138;

165136;-38.666626;23.250000;0.021667;3.778750;142;

165273;-49.333374;23.250000;0.021667;3.784583;139;

165420;-38.666626;23.250000;0.021667;3.789167;140;

165566;-48.000000;23.250000;0.021667;3.794167;140;

165713;-45.333374;23.250000;0.021667;3.794584;141;

165862;-41.333374;23.250000;0.021667;3.800000;139;

166005;-36.000000;23.250000;0.021667;3.800834;141;

166145;-40.000000;23.250000;0.021667;3.805834;137;

166288;-36.000000;23.250000;0.021667;3.810834;139;

166433;-50.666626;23.312500;0.021667;3.815833;140;

166579;-40.000000;23.250000;0.021667;3.821250;138;

166728;-38.666626;23.312500;0.021250;3.822083;139;

166873;-36.000000;23.250000;0.021667;3.826667;139;

167016;-38.666626;23.312500;0.021667;3.832083;141;

167153;-48.000000;23.312500;0.021667;3.837500;142;

167296;-48.000000;23.250000;0.021667;3.842500;141;

167438;-48.000000;23.312500;0.021667;3.842500;140;

167583;-50.666626;23.312500;0.021667;3.847917;141;

167726;-50.666626;23.312500;0.021667;3.850000;140;

167865;-48.000000;23.312500;0.021667;3.852500;142;

168006;-41.333374;23.312500;0.021667;3.853333;140;

168143;-48.000000;23.312500;0.021667;3.858334;140;

168292;-48.000000;23.312500;0.021667;3.863750;142;

168441;-48.000000;23.312500;0.021667;3.868750;139;

168586;-48.000000;23.312500;3.874167;3.873750;141;

168713;-50.666626;23.312500;0.021667;3.876667;139;

168851;-49.333374;23.312500;0.021667;3.879584;139;

169000;-48.000000;23.312500;0.021667;3.885000;139;

169147;-36.000000;23.312500;0.021667;3.887084;140;

169296;-32.000000;23.312500;0.021667;3.890417;142;

169436;-37.333374;23.312500;0.021667;3.895416;140;

169573;-30.666626;23.312500;0.021667;3.898750;142;

169716;-34.666626;23.312500;0.021667;3.900833;139;

169853;-32.000000;23.312500;0.021667;3.900833;141;

169997;-29.333374;23.312500;0.021667;3.906250;140;

170146;-22.666626;23.312500;0.021667;3.911250;142;

170285;-36.000000;23.375000;0.021667;3.915834;139;

170426;-30.666626;23.375000;0.021250;3.920834;138;

170564;-25.333374;23.375000;0.021250;3.926250;141;

170706;-22.666626;23.312500;0.021667;3.927500;140;

170843;-25.333374;23.375000;0.021250;3.927500;140;

170987;-22.666626;23.375000;0.021667;3.935833;141;

171137;-25.333374;23.375000;0.021250;3.933334;140;

171267;-21.333374;23.375000;0.021667;3.938334;141;

171420;-22.666626;23.375000;0.021250;3.943334;140;

171566;-25.333374;23.375000;0.021667;3.943334;139;

171720;-26.666626;23.375000;0.021667;3.950000;139;

171870;-32.000000;23.375000;0.021250;3.954167;140;

172016;-38.666626;23.375000;0.021667;3.955833;141;

172154;-38.666626;23.375000;0.021667;3.959167;139;

172296;-38.666626;23.375000;0.021667;3.964583;141;

172433;-48.000000;23.375000;0.021667;3.970000;140;

172576;-38.666626;23.375000;0.021667;3.973750;139;

172713;-60.000000;23.375000;0.021667;3.975834;139;

172858;-58.666626;23.375000;0.021667;3.980417;139;

173006;-58.666626;23.375000;0.021250;3.985833;138;

173143;-64.000000;23.375000;0.021667;3.985833;139;

173288;-66.666626;23.375000;0.021667;3.990833;138;

173433;-70.666626;23.375000;0.021667;3.991250;141;

173576;-73.333374;23.375000;0.021667;3.994584;143;

173715;-73.333374;23.375000;0.021667;3.996250;140;

173856;-73.333374;23.375000;0.021667;4.001667;142;

174000;-76.000000;23.375000;0.021667;4.007083;142;

174146;-77.333374;23.375000;0.021250;4.008334;142;

174286;-76.000000;23.437500;0.021667;4.016250;140;

174426;-73.333374;23.437500;0.021250;4.017500;137;

174576;-73.333374;23.375000;0.021250;4.022917;141;

174705;-76.000000;23.437500;4.022917;4.022917;139;

174844;-73.333374;23.375000;0.021667;4.022917;139;

174984;-73.333374;23.437500;0.021667;4.028333;139;

175128;-66.666626;23.375000;0.021667;4.028750;139;

175276;-64.000000;23.375000;0.021667;4.034167;141;

175414;-64.000000;23.437500;0.021667;4.038750;138;

175558;-58.666626;23.375000;0.021667;4.044167;140;

175706;-57.333374;23.375000;0.021667;4.046250;141;

175843;-53.333374;23.437500;0.021667;4.049167;139;

175988;-53.333374;23.437500;0.021667;4.054167;138;

176133;-53.333374;23.437500;0.021250;4.055833;140;

176276;-48.000000;23.437500;0.021667;4.060000;139;

176415;-48.000000;23.437500;0.021667;4.060000;140;

176556;-45.333374;23.437500;0.021667;4.063750;141;

176693;-32.000000;23.437500;0.021667;4.069167;140;

176836;-34.666626;23.437500;0.021667;4.072500;142;

176973;-34.666626;23.437500;0.021667;4.075834;140;

177121;-34.666626;23.437500;0.021667;4.077084;140;

177255;-22.666626;23.437500;0.021667;4.079167;140;

177410;-26.666626;23.437500;0.021250;4.089167;141;

177555;-26.666626;23.437500;0.021667;4.089584;141;

177683;-29.333374;23.437500;0.021667;4.089584;140;

177836;-25.333374;23.437500;0.021667;4.095000;138;

177979;-18.666626;23.437500;0.021667;4.100417;141;

178113;-22.666626;23.437500;0.021667;4.105834;140;

178256;-21.333374;23.437500;0.021667;4.110417;139;

178393;-17.333374;23.437500;0.021667;4.110834;140;

178536;-17.333374;23.437500;0.021667;4.111250;139;

178673;-17.333374;23.437500;0.021250;4.116667;139;

178816;-20.000000;23.437500;0.021250;4.116251;140;

178954;-16.000000;23.437500;0.021667;4.121666;139;

179096;-17.333374;23.437500;0.021667;4.127083;139;

179235;-13.333374;23.437500;0.021667;4.127083;138;

179376;-13.333374;23.437500;0.021667;4.122084;142;

179515;-18.666626;23.437500;0.021250;4.122084;143;

179656;-20.000000;23.437500;0.021667;4.122084;138;

179793;-20.000000;23.437500;0.021667;4.121250;137;

179936;-21.333374;23.437500;0.021667;4.116251;141;

180075;-25.333374;23.437500;0.021667;4.116667;139;

180231;-29.333374;23.437500;0.021667;4.116667;141;

180375;-34.666626;23.437500;4.116667;4.116667;140;

180516;-32.000000;23.437500;4.116667;4.116667;144;

180663;-38.666626;23.437500;0.021667;4.116667;142;

180810;-42.666626;23.437500;0.021667;4.114583;140;

180956;-38.666626;23.437500;0.021667;4.111250;141;

181093;-34.666626;23.437500;0.021667;4.111250;139;

181236;-38.666626;23.437500;0.021667;4.111250;142;

181373;-36.000000;23.437500;0.021667;4.111250;140;

181517;-48.000000;23.437500;0.021250;4.111250;141;

181653;-45.333374;23.437500;0.021667;4.111250;138;

181796;-36.000000;23.437500;0.021667;4.110000;142;

181933;-36.000000;23.437500;0.021667;4.105417;141;

182078;-38.666626;23.437500;0.021667;4.105834;141;

182226;-36.000000;23.437500;0.021667;4.105834;140;

182363;-36.000000;23.437500;0.021667;4.105834;142;

182508;-34.666626;23.437500;0.021667;4.105834;142;

182653;-41.333374;23.437500;0.021667;4.105834;142;

182796;-50.666626;23.437500;0.021667;4.105834;140;

182940;-45.333374;23.437500;0.021667;4.102500;140;

183092;-50.666626;23.437500;0.021667;4.101250;140;

183242;-40.000000;23.437500;0.021667;4.100417;140;

183394;-45.333374;23.437500;0.021667;4.100417;144;

183536;-48.000000;23.437500;0.021667;4.100417;139;

183686;-48.000000;23.437500;0.021667;4.100417;142;

183827;-38.666626;23.437500;0.021667;4.100417;142;

183963;-40.000000;23.437500;0.021667;4.100417;140;

184106;-50.666626;23.437500;0.021667;4.100417;138;

184243;-50.666626;23.437500;0.021667;4.100417;142;

184386;-42.666626;23.437500;0.021250;4.100000;139;

184525;-50.666626;23.437500;0.021667;4.095417;139;

184666;-50.666626;23.437500;0.021250;4.095000;139;

184805;-48.000000;23.437500;0.021667;4.095000;137;

184946;-41.333374;23.437500;0.021667;4.095000;139;

185083;-45.333374;23.437500;0.021667;4.095000;139;

185226;-34.666626;23.500000;0.021667;4.095000;139;

185366;-34.666626;23.437500;0.021667;4.095000;141;

185505;-30.666626;23.437500;0.021667;4.095000;141;

185646;-34.666626;23.437500;0.021667;4.095000;139;

185799;-22.666626;23.437500;0.021667;4.095000;137;

185954;-17.333374;23.437500;4.095000;4.095000;140;

186103;-18.666626;23.437500;0.021667;4.092083;140;

186247;-22.666626;23.500000;4.089584;4.089584;137;

186387;-26.666626;23.437500;0.021250;4.089584;141;

186541;-22.666626;23.437500;0.021667;4.089584;143;

186686;-22.666626;23.437500;0.021667;4.089584;139;

186823;-22.666626;23.437500;0.021667;4.089584;141;

186966;-21.333374;23.437500;0.021667;4.089584;140;

187103;-18.666626;23.437500;0.021667;4.089584;141;

187247;-17.333374;23.437500;0.021250;4.089584;141;

187396;-13.333374;23.437500;0.021667;4.089584;140;

187533;-16.000000;23.437500;0.021667;4.089584;140;

187676;-21.333374;23.500000;0.021667;4.089584;142;

187813;-30.666626;23.437500;0.021667;4.089584;140;

187956;-50.666626;23.437500;0.021667;4.089167;139;

188094;-50.666626;23.437500;0.021667;4.084167;141;

188238;-30.666626;23.437500;0.021667;4.081667;140;

188383;-16.000000;23.437500;0.021250;4.081250;138;

188526;-4.000000;23.437500;0.021667;4.081250;141;

188666;-4.000000;23.437500;0.021667;4.080833;139;

188811;-4.000000;23.437500;0.021250;4.080833;140;

188964;-18.666626;23.437500;4.081250;4.081250;142;

189111;-25.333374;23.437500;0.021667;4.081250;140;

189253;-30.666626;23.437500;0.021667;4.081250;140;

189399;-21.333374;23.437500;0.021667;4.081250;139;

189546;-10.666626;23.437500;0.021667;4.081250;140;

189683;-1.333374;23.437500;0.021667;4.081250;143;

189826;0.000000;23.500000;0.021667;4.081250;140;

189963;-4.000000;23.437500;0.021667;4.080833;139;

190108;-20.000000;23.437500;0.021667;4.081250;138;

190256;-32.000000;23.437500;0.021667;4.078750;142;

190393;-36.000000;23.437500;0.021667;4.077500;138;

190537;-36.000000;23.437500;0.021250;4.075834;138;

190684;-22.666626;23.437500;0.021250;4.075834;139;

190828;-17.333374;23.437500;0.021667;4.075834;140;

190976;-25.333374;23.437500;0.021667;4.075834;138;

191113;-36.000000;23.437500;0.021250;4.075834;139;

191258;-41.333374;23.437500;0.021667;4.075834;139;

191403;-22.666626;23.437500;0.021667;4.075834;140;

191553;-30.666626;23.437500;0.021667;4.075834;141;

191700;-41.333374;23.437500;0.021667;4.075834;138;

191845;-34.666626;23.437500;0.021667;4.075834;139;

192000;-21.333374;23.437500;0.021667;4.075834;137;

192154;-36.000000;23.437500;0.021667;4.075834;140;

192287;-45.333374;23.437500;0.021667;4.075834;141;

192425;-36.000000;23.437500;0.021667;4.075834;140;

192566;-30.666626;23.437500;0.021250;4.075834;137;

192703;-17.333374;23.437500;0.021667;4.075834;141;

192846;-16.000000;23.437500;0.021667;4.075834;140;

192983;-30.666626;23.437500;0.021667;4.075834;138;

193126;-38.666626;23.437500;0.021667;4.075834;138;

193263;-36.000000;23.437500;0.021667;4.075834;140;

193407;-22.666626;23.437500;0.021667;4.075834;140;

193543;-17.333374;23.437500;0.021667;4.075834;142;

193686;-17.333374;23.437500;0.021667;4.073750;141;

193823;-34.666626;23.437500;0.021667;4.071667;141;

193966;-36.000000;23.437500;0.021250;4.070417;142;

194103;-30.666626;23.437500;0.021667;4.070834;142;

194245;-13.333374;23.437500;0.021667;4.070417;140;

194377;-17.333374;23.437500;0.021667;4.070417;139;

194530;-25.333374;23.437500;0.021250;4.070417;140;

194664;-38.666626;23.437500;0.021667;4.070417;141;

194804;-36.000000;23.437500;0.021667;4.070417;141;

194945;-21.333374;23.437500;0.021667;4.070417;140;

195097;-13.333374;23.437500;0.021667;4.070417;142;

195246;-16.000000;23.437500;0.021667;4.070417;141;

195386;-22.666626;23.437500;0.021667;4.070417;141;

195523;-36.000000;23.437500;0.021667;4.070417;141;

195666;-34.666626;23.437500;0.021667;4.070417;141;

195803;-18.666626;23.437500;0.021667;4.070417;141;

195946;-10.666626;23.437500;0.021667;4.070417;139;

196083;-18.666626;23.437500;0.021250;4.070417;136;

196228;-32.000000;23.437500;0.021667;4.070417;139;

196373;-36.000000;23.437500;0.021250;4.070417;138;

196517;-32.000000;23.437500;0.021667;4.070834;143;

196658;-18.666626;23.437500;0.021667;4.070834;140;

196803;-13.333374;23.437500;0.021667;4.067917;141;

196946;-21.333374;23.437500;0.021667;4.065834;142;

197083;-37.333374;23.437500;4.065834;4.065417;139;

197233;-32.000000;23.437500;0.021667;4.065000;142;

197366;-22.666626;23.437500;0.021667;4.065000;140;

197519;-16.000000;23.437500;0.021667;4.065417;141;

197671;-21.333374;23.437500;0.021667;4.065000;140;

197821;-34.666626;23.437500;0.021667;4.065000;140;

197964;-41.333374;23.437500;0.021667;4.065000;139;

198106;-36.000000;23.437500;0.021667;4.065000;142;

198243;-21.333374;23.437500;0.021250;4.065417;140;

198386;-22.666626;23.437500;0.021667;4.065000;141;

198526;-30.666626;23.437500;0.021667;4.065417;140;

198665;-36.000000;23.437500;0.021667;4.065417;141;

198806;-41.333374;23.437500;0.021667;4.065417;140;

198945;-34.666626;23.437500;0.021667;4.065000;141;

199086;-21.333374;23.437500;0.021667;4.065417;139;

199225;-22.666626;23.437500;0.021667;4.065417;140;

199366;-36.000000;23.437500;0.021667;4.065417;138;

199503;-45.333374;23.437500;0.021667;4.065417;138;

199646;-38.666626;23.437500;0.021667;4.065000;138;

199783;-32.000000;23.437500;0.021667;4.065417;139;

199931;-30.666626;23.437500;0.021667;4.065000;140;

200076;-36.000000;23.437500;0.021667;4.064583;140;

200211;-50.666626;23.437500;0.021667;4.063750;143;

200351;-50.666626;23.437500;0.021667;4.061667;142;

200494;-36.000000;23.437500;0.021667;4.060417;138;

200626;-29.333374;23.437500;0.021250;4.060000;140;

200776;-25.333374;23.375000;0.021667;4.059583;142;

200916;-38.666626;23.437500;0.021667;4.060000;139;

201053;-50.666626;23.437500;0.021667;4.059583;140;

201196;-50.666626;23.375000;0.021667;4.060000;139;

201333;-48.000000;23.375000;0.021667;4.059583;140;

201476;-29.333374;23.375000;0.021667;4.060000;140;

201613;-25.333374;23.437500;0.021667;4.059583;137;

201757;-36.000000;23.437500;0.021667;4.060000;144;

201907;-50.666626;23.375000;0.021250;4.059583;140;

202043;-50.666626;23.375000;0.021667;4.060000;139;

202186;-36.000000;23.437500;0.021250;4.060000;143;

202323;-20.000000;23.375000;0.021667;4.060000;138;

202466;-21.333374;23.375000;0.021667;4.060000;138;

202605;-26.666626;23.375000;0.021667;4.060000;140;

202753;-36.000000;23.375000;0.021667;4.060000;139;

202898;-34.666626;23.375000;0.021667;4.060000;139;

203042;-34.666626;23.375000;0.021667;4.060000;140;

203176;-16.000000;23.375000;0.021667;4.060000;142;

203313;-4.000000;23.375000;0.021667;4.060000;141;

203449;-8.000000;23.375000;0.021250;4.060000;141;

203600;-13.333374;23.375000;0.021667;4.059583;142;

203750;-32.000000;23.375000;0.021250;4.059583;141;

203896;-26.666626;23.375000;0.021667;4.060000;139;

204033;-20.000000;23.375000;0.021667;4.060000;142;

204176;-16.000000;23.375000;0.021667;4.059583;139;

204315;-1.333374;23.375000;0.021250;4.060000;142;

204456;-4.000000;23.375000;0.021667;4.060000;140;

204595;-13.333374;23.375000;0.021250;4.059583;140;

204736;-18.666626;23.375000;0.021667;4.059167;142;

204875;-25.333374;23.375000;0.021667;4.059583;143;

205016;-17.333374;23.375000;0.021667;4.059583;141;

205153;-13.333374;23.375000;0.021667;4.059167;141;

205296;-13.333374;23.375000;0.021667;4.058334;141;

205433;-18.666626;23.375000;0.021667;4.056667;142;

205576;-30.666626;23.375000;0.021667;4.055417;141;

205714;-36.000000;23.375000;0.021667;4.054584;139;

205859;-34.666626;23.375000;0.021667;4.054584;139;

206010;-25.333374;23.375000;0.021667;4.054584;139;

206153;-22.666626;23.375000;0.021667;4.054584;138;

206305;-34.666626;23.375000;0.021667;4.054584;141;

206449;-48.000000;23.375000;0.021667;0.021667;139;

206596;-50.666626;23.375000;0.021667;4.054584;139;

206737;-34.666626;23.375000;0.021667;4.054584;139;

206886;-29.333374;23.375000;0.021667;4.054584;139;

207025;-30.666626;23.312500;0.021667;4.054584;140;

207167;-34.666626;23.375000;0.021250;4.054584;144;

207306;-41.333374;23.312500;0.021667;4.054584;139;

207446;-50.666626;23.375000;0.021667;4.054584;140;

207585;-53.333374;23.375000;0.021667;4.054167;137;

207726;-53.333374;23.312500;0.021667;4.053334;140;

207865;-58.666626;23.375000;0.021250;4.054167;141;

208006;-50.666626;23.312500;0.021667;4.052083;141;

208147;-38.666626;23.312500;0.021667;4.049584;139;

208283;-37.333374;23.312500;0.021667;4.049167;139;

208426;-29.333374;23.312500;0.021667;4.050000;140;

208564;-20.000000;23.312500;0.021667;4.049584;140;

208712;-18.666626;23.312500;0.021667;4.049167;138;

208860;-16.000000;23.312500;0.021667;4.049167;141;

209015;-17.333374;23.312500;0.021667;4.049167;141;

209169;-25.333374;23.312500;0.021667;4.049584;140;

209321;-36.000000;23.312500;0.021667;4.049584;140;

209466;-25.333374;23.312500;0.021667;4.049167;140;

209604;-20.000000;23.312500;0.021667;4.049167;139;

209746;-21.333374;23.312500;0.021250;4.049584;140;

209885;-32.000000;23.312500;0.021250;4.049584;143;

210026;-21.333374;23.312500;0.021667;4.049167;139;

210165;-18.666626;23.312500;0.021250;4.049167;139;

210306;-25.333374;23.312500;0.021667;4.049584;139;

210443;-20.000000;23.312500;0.021667;4.049167;139;

210586;-16.000000;23.312500;0.021667;4.049167;140;

210723;-22.666626;23.312500;0.021667;4.049167;140;

210868;-18.666626;23.312500;0.021667;4.049167;138;

211016;-20.000000;23.312500;0.021667;4.049584;143;

211153;-17.333374;23.312500;0.021667;4.049167;140;

211298;-18.666626;23.312500;0.021667;4.049167;140;

211443;-18.666626;23.312500;4.049167;4.049167;142;

211590;-4.000000;23.312500;0.021667;4.049584;140;

211727;-20.000000;23.312500;0.021667;4.049167;140;

211880;-8.000000;23.312500;0.021667;4.049584;139;

212033;-16.000000;23.312500;0.021667;4.048334;141;

212176;-5.333374;23.312500;0.021250;4.048750;140;

212313;-13.333374;23.312500;0.021667;4.045833;138;

212456;-4.000000;23.312500;0.021667;4.046667;139;

212594;-16.000000;23.312500;0.021667;4.044167;140;

212736;-5.333374;23.312500;0.021667;4.044167;139;

212873;-16.000000;23.312500;0.021250;4.044167;139;

213016;-17.333374;23.312500;0.021667;4.044167;140;

213156;-17.333374;23.312500;0.021667;4.044167;142;

213295;-13.333374;23.312500;0.021667;4.044167;138;

213436;-21.333374;23.250000;0.021667;4.044167;140;

213573;-18.666626;23.312500;0.021667;4.044167;139;

213717;-21.333374;23.250000;0.021667;4.044167;140;

213854;-21.333374;23.250000;0.021250;4.044167;140;

213998;-32.000000;23.312500;0.021667;4.044167;138;

214143;-25.333374;23.250000;0.021250;4.044167;138;

214290;-29.333374;23.250000;0.021250;4.044167;140;

214445;-30.666626;23.250000;0.021667;4.044167;142;

214586;-30.666626;23.250000;0.021667;0.021667;142;

214726;-25.333374;23.250000;0.021250;4.044167;139;

214865;-25.333374;23.250000;0.021250;4.044167;140;

215001;-32.000000;23.250000;0.021667;4.044167;140;

215148;-22.666626;23.250000;0.021667;4.044167;141;

215296;-25.333374;23.250000;0.021250;4.043750;136;

215438;-30.666626;23.250000;0.021667;4.044167;139;

215586;-21.333374;23.250000;0.021667;4.044167;140;

215723;-38.666626;23.250000;0.021667;4.044167;139;

215866;-29.333374;23.250000;0.021250;4.044167;141;

216003;-32.000000;23.250000;0.021667;4.044167;140;

216146;-41.333374;23.250000;0.021667;4.044167;138;

216285;-38.666626;23.250000;0.021667;4.044167;140;

216426;-40.000000;23.250000;0.021667;4.044167;138;

216565;-48.000000;23.250000;0.021667;4.043750;140;

216706;-41.333374;23.250000;0.021667;4.044167;142;

216844;-38.666626;23.250000;0.021667;4.044167;140;

216986;-50.666626;23.250000;0.021667;4.044167;140;

217125;-41.333374;23.250000;0.021667;4.044167;140;

217269;-45.333374;23.250000;0.021250;4.044167;140;

217421;-36.000000;23.250000;0.021667;4.044167;138;

217566;-48.000000;23.250000;4.044167;4.044167;137;

217700;-38.666626;23.250000;0.021667;4.044167;140;

217841;-34.666626;23.250000;0.021667;4.044167;141;

217976;-32.000000;23.250000;0.021667;4.044167;141;

218116;-26.666626;23.250000;4.044167;4.044167;139;

218260;-30.666626;23.250000;0.021667;4.044167;143;

218408;-25.333374;23.250000;0.021667;4.042500;141;

218553;-25.333374;23.187500;0.021667;4.040000;141;

218696;-22.666626;23.250000;0.021250;4.039584;140;

218834;-25.333374;23.250000;0.021250;4.040000;139;

218976;-21.333374;23.250000;0.021667;4.038750;142;

219115;-20.000000;23.250000;0.021667;4.039167;140;

219256;-18.666626;23.250000;0.021667;4.038750;140;

219394;-21.333374;23.187500;0.021667;4.038750;141;

219536;-22.666626;23.250000;0.021667;4.038750;136;

219676;-18.666626;23.187500;0.021667;4.038750;140;

219813;-22.666626;23.250000;0.021667;4.038750;140;

219956;-16.000000;23.187500;0.021667;4.038750;139;

220093;-17.333374;23.187500;0.021667;4.039167;138;

220236;-17.333374;23.187500;0.021667;4.038750;139;

220376;-18.666626;23.187500;0.021667;4.038750;138;

220501;-17.333374;23.187500;0.021250;4.038750;140;

220640;-17.333374;23.187500;0.021667;4.038750;140;

220786;-21.333374;23.187500;0.021250;4.038750;142;

220929;-22.666626;23.187500;0.021667;4.038750;140;

221082;-21.333374;23.187500;0.021667;4.038750;141;

221224;-30.666626;23.187500;4.038750;4.038750;139;

221356;-22.666626;23.187500;0.021250;4.038750;140;

221493;-16.000000;23.187500;0.021667;4.038750;139;

221636;-17.333374;23.187500;0.021667;4.038750;141;

221773;-18.666626;23.187500;0.021250;4.038750;142;

221916;-18.666626;23.187500;0.021667;4.038750;139;

222053;-17.333374;23.187500;0.021667;4.038750;142;

222198;-18.666626;23.187500;0.021667;4.038750;142;

222346;-20.000000;23.187500;0.021667;4.038750;140;

222483;-17.333374;23.187500;0.021667;4.038750;140;

222628;-17.333374;23.187500;0.021667;4.038750;141;

222773;-17.333374;23.187500;0.021667;4.039167;143;

222916;-16.000000;23.187500;0.021667;4.038750;139;

223057;-21.333374;23.187500;0.021667;4.038333;140;

223203;-21.333374;23.187500;0.021667;4.035834;140;

223351;-25.333374;23.187500;0.021667;4.035834;142;

223495;-22.666626;23.187500;0.021667;4.035417;139;

223650;-25.333374;23.187500;0.021250;4.033333;139;

223804;-29.333374;23.187500;0.021667;4.033750;142;

223951;-22.666626;23.187500;0.021667;4.033750;140;

224096;-25.333374;23.125000;0.021667;4.033333;141;

224234;-26.666626;23.125000;0.021667;4.033750;143;

224376;-21.333374;23.187500;0.021667;4.033333;140;

224515;-22.666626;23.125000;0.021667;4.033333;138;

224658;-22.666626;23.125000;0.021667;4.033333;140;

224807;-22.666626;23.125000;0.021667;4.033750;142;

224943;-21.333374;23.125000;0.021250;4.033333;140;

225089;-17.333374;23.187500;0.021667;4.033750;140;

225235;-20.000000;23.125000;0.021667;4.033750;141;

225376;-18.666626;23.125000;0.021667;4.033750;138;

225513;-16.000000;23.125000;0.021667;4.033750;142;

225657;-18.666626;23.125000;0.021667;4.033750;140;

225816;-21.333374;23.125000;0.021667;4.033333;142;

225944;-25.333374;23.125000;0.021667;4.033750;140;

226090;-25.333374;23.125000;0.021250;4.033750;140;

226239;-22.666626;23.125000;0.021667;4.033750;138;

226389;-29.333374;23.125000;0.021667;4.033750;140;

226545;-32.000000;23.125000;0.021667;4.033750;140;

226686;-36.000000;23.125000;0.021667;0.021667;140;

226824;-41.333374;23.125000;0.021667;4.033333;140;

226972;-49.333374;23.125000;0.021250;4.033333;142;

227121;-50.666626;23.125000;0.021667;4.033333;138;

227263;-50.666626;23.125000;0.021667;4.033333;140;

227409;-60.000000;23.125000;0.021667;4.033750;137;

227559;-58.666626;23.125000;0.021667;4.033333;140;

227709;-56.000000;23.125000;0.021667;4.033750;140;

227853;-60.000000;23.125000;0.021667;4.033750;142;

227997;-64.000000;23.125000;0.021667;4.033333;142;

228155;-66.666626;23.125000;0.021667;4.031667;139;

228296;-60.000000;23.062500;0.021250;4.028750;144;

228436;-57.333374;23.125000;0.021667;4.031667;140;

228574;-57.333374;23.125000;0.021667;4.030000;141;

228719;-50.666626;23.062500;0.021667;4.031250;139;

228866;-50.666626;23.125000;0.021667;4.031250;139;

229007;-50.666626;23.062500;0.021667;4.029167;141;

229156;-48.000000;23.062500;0.021667;4.028333;141;

229294;-40.000000;23.062500;0.021667;4.028333;139;

229439;-41.333374;23.125000;0.021667;4.028333;141;

229598;-34.666626;23.062500;0.021667;4.028333;141;

229749;-34.666626;23.062500;0.021667;4.028333;141;

229902;-34.666626;23.125000;0.021667;4.028333;142;

230047;-30.666626;23.062500;0.021667;4.028333;139;

230192;-25.333374;23.062500;0.021667;4.028333;138;

230340;-34.666626;23.062500;0.021667;4.027917;140;

230484;-34.666626;23.062500;0.021667;4.028333;140;

230635;-22.666626;23.062500;0.021667;4.028333;141;

230763;-22.666626;23.062500;0.021667;4.028333;139;

230908;-26.666626;23.062500;0.021667;4.028333;138;

231056;-22.666626;23.062500;0.021667;4.028333;139;

231193;-30.666626;23.062500;0.021667;4.028333;139;

231338;-25.333374;23.062500;0.021667;4.028333;137;

231486;-26.666626;23.062500;0.021667;4.028333;140;

231624;-34.666626;23.062500;0.021667;4.028333;141;

231768;-34.666626;23.062500;0.021250;4.028333;144;

231913;-36.000000;23.062500;0.021250;4.028333;139;

232056;-34.666626;23.062500;0.021667;4.028333;141;

232193;-30.666626;23.062500;0.021667;4.028333;140;

232336;-30.666626;23.062500;0.021667;4.027917;140;

232481;-34.666626;23.062500;0.021667;4.028333;141;

232629;-34.666626;23.062500;0.021667;4.028333;140;

232777;-26.666626;23.062500;0.021667;4.028333;140;

232916;-34.666626;23.062500;0.021667;4.028333;141;

233051;-29.333374;23.062500;0.021667;4.028333;138;

233200;-22.666626;23.062500;0.021667;4.028333;140;

233346;-30.666626;23.062500;0.021667;4.028333;140;

233486;-30.666626;23.062500;0.021667;4.027917;140;

233625;-25.333374;23.062500;0.021667;4.028333;139;

233766;-18.666626;23.062500;0.021667;4.027917;140;

233905;-26.666626;23.000000;0.021667;4.028333;141;

234046;-34.666626;23.062500;0.021667;4.027500;142;

234183;-26.666626;23.000000;0.021667;4.027084;143;

234326;-29.333374;23.000000;0.021667;4.027084;141;

234466;-32.000000;23.000000;0.021667;4.022917;141;

234605;-25.333374;23.000000;0.021250;4.022917;139;

234746;-34.666626;23.000000;0.021667;4.022917;138;

234883;-30.666626;23.000000;0.021667;4.022917;140;

235026;-32.000000;23.000000;0.021667;4.022917;141;

235163;-30.666626;23.000000;0.021667;4.022917;141;

235311;-34.666626;23.000000;0.021667;4.022917;140;

235451;-34.666626;23.000000;0.021667;4.022917;141;

235586;-34.666626;23.000000;4.022917;4.022917;141;

235727;-34.666626;23.000000;0.021667;4.022917;141;

235879;-29.333374;23.000000;0.021667;4.022917;142;

236030;-30.666626;23.000000;0.021250;4.023333;142;

236176;-41.333374;23.000000;0.021667;4.022917;139;

236320;-30.666626;23.000000;0.021250;4.022917;139;

236468;-30.666626;23.000000;0.021667;4.022917;144;

236616;-34.666626;23.000000;0.021667;4.022917;137;

236753;-25.333374;23.000000;0.021667;4.022917;142;

236897;-32.000000;23.000000;0.021667;4.022917;140;

237034;-32.000000;23.000000;0.021667;4.022917;141;

237176;-32.000000;23.000000;0.021667;4.022917;140;

237314;-30.666626;23.000000;0.021667;4.022917;142;

237456;-34.666626;23.000000;0.021667;4.022917;142;

237593;-30.666626;23.000000;0.021667;4.022917;138;

237737;-32.000000;23.000000;0.021667;4.022917;138;

237886;-36.000000;23.000000;0.021667;4.022917;143;

238023;-36.000000;23.000000;0.021667;4.022917;139;

238167;-34.666626;23.000000;0.021667;4.022917;141;

238313;-37.333374;22.937500;0.021667;0.021667;141;

238461;-38.666626;22.937500;0.021667;4.022917;140;

238610;-37.333374;23.000000;0.021667;4.022917;139;

238754;-38.666626;23.000000;0.021667;4.022917;140;

238890;-40.000000;22.937500;0.021667;4.022917;142;

239034;-41.333374;22.937500;0.021667;4.022917;141;

239170;-50.666626;22.937500;0.021667;4.022917;141;

239317;-38.666626;22.937500;0.021667;4.022917;143;

239463;-41.333374;22.937500;0.021667;4.022917;140;

239606;-36.000000;22.937500;0.021667;4.022917;142;

239745;-38.666626;22.937500;0.021667;4.023333;139;

239886;-34.666626;22.937500;0.021667;4.022917;139;

240025;-38.666626;22.937500;0.021667;4.022917;140;

240166;-32.000000;22.937500;0.021667;4.022917;142;

240303;-25.333374;22.937500;0.021667;4.022917;140;

240446;-25.333374;22.937500;0.021667;4.022917;139;

240584;-21.333374;22.937500;0.021667;4.022917;139;

240728;-22.666626;22.937500;0.021667;4.022917;142;

240876;-20.000000;22.937500;0.021667;4.022917;141;

241013;-18.666626;22.937500;0.021667;4.022917;140;

241157;-13.333374;22.937500;0.021667;4.022917;140;

241304;-16.000000;22.937500;0.021667;4.022917;139;

241453;-16.000000;22.937500;0.021250;4.022917;140;

241605;-8.000000;22.937500;4.018750;4.021250;140;

241750;-16.000000;22.937500;0.021667;4.018333;141;

241895;-16.000000;22.937500;0.021667;4.017500;139;

242040;-13.333374;22.937500;0.021667;4.017500;140;

242186;-17.333374;22.937500;0.021667;4.017917;141;

242323;-16.000000;22.937500;0.021667;4.017500;137;

242468;-18.666626;22.937500;0.021667;4.017500;140;

242616;-18.666626;22.937500;0.021667;4.017917;141;

242753;-22.666626;22.937500;0.021667;4.017500;140;

242896;-21.333374;22.937500;0.021667;4.017917;143;

243033;-18.666626;22.875000;0.021667;4.017500;141;

243176;-17.333374;22.875000;0.021250;4.017500;140;

243315;-17.333374;22.875000;0.021667;4.017500;137;

243457;-22.666626;22.875000;0.021667;4.017500;140;

243593;-17.333374;22.937500;0.021667;4.017500;140;

243737;-17.333374;22.875000;0.021250;4.017917;140;

243883;-16.000000;22.937500;0.021667;4.017500;141;

244028;-17.333374;22.875000;0.021667;4.017500;140;

244180;-16.000000;22.875000;0.021250;4.017917;140;

244324;-18.666626;22.875000;4.017500;4.017500;138;

244469;-18.666626;22.875000;0.021667;4.017500;140;

244620;-25.333374;22.875000;0.021667;4.017500;140;

244760;-20.000000;22.875000;0.021250;4.017917;139;

244899;-25.333374;22.875000;0.021667;4.017917;139;

245046;-22.666626;22.875000;0.021667;4.017500;142;

245185;-22.666626;22.875000;0.021667;4.017917;140;

245326;-25.333374;22.875000;0.021667;4.017500;141;

245465;-25.333374;22.875000;0.021667;4.017917;142;

245606;-20.000000;22.875000;0.021667;4.017500;140;

245744;-32.000000;22.875000;0.021667;4.017500;140;

245888;-26.666626;22.875000;0.021667;4.017917;139;

246036;-26.666626;22.875000;0.021667;4.017917;140;

246174;-22.666626;22.875000;0.021250;4.017500;140;

246318;-34.666626;22.875000;0.021667;4.017500;140;

246463;-25.333374;22.875000;0.021667;4.017917;140;

246606;-34.666626;22.875000;0.021667;4.017500;141;

246744;-25.333374;22.875000;0.021667;4.017500;140;

246886;-34.666626;22.812500;0.021667;4.016250;138;

247029;-21.333374;22.875000;0.021667;4.017084;140;

247176;-34.666626;22.812500;0.021667;4.016667;139;

247317;-22.666626;22.875000;0.021667;4.017084;139;

247456;-25.333374;22.812500;0.021667;4.015000;139;

247592;-25.333374;22.875000;0.021667;4.016250;139;

247726;-25.333374;22.812500;0.021667;4.015000;141;

247879;-29.333374;22.875000;0.021250;4.014167;140;

248026;-22.666626;22.875000;0.021667;4.013334;142;

248168;-34.666626;22.812500;0.021667;4.013750;140;

248316;-25.333374;22.875000;0.021250;4.012917;141;

248453;-30.666626;22.812500;0.021667;4.012500;140;

248598;-22.666626;22.812500;0.021250;4.012084;140;

248747;-37.333374;22.812500;0.021667;4.012500;141;

248883;-21.333374;22.812500;0.021667;4.012500;141;

249027;-30.666626;22.812500;0.021667;4.012500;141;

249176;-22.666626;22.812500;0.021667;4.012500;141;

249314;-36.000000;22.812500;0.021250;4.012500;140;

249456;-26.666626;22.812500;0.021667;4.012500;141;

249593;-25.333374;22.812500;0.021250;4.012500;140;

249738;-34.666626;22.812500;0.021667;4.012500;140;

249883;-25.333374;22.812500;0.021667;4.012500;141;

250026;-36.000000;22.812500;0.021250;4.012500;139;

250162;-30.666626;22.812500;0.021667;4.012500;139;

250299;-36.000000;22.812500;0.021667;4.012500;139;

250445;-22.666626;22.812500;4.012084;4.012500;140;

250590;-25.333374;22.812500;0.021667;4.012500;141;

250742;-25.333374;22.812500;0.021667;4.012500;138;

250885;-34.666626;22.812500;0.021667;4.012500;140;

251036;-32.000000;22.812500;0.021667;4.012500;139;

251176;-25.333374;22.812500;0.021667;4.012500;141;

251314;-26.666626;22.812500;0.021667;4.012500;141;

251457;-34.666626;22.812500;0.021667;4.012084;141;

251595;-32.000000;22.812500;0.021667;4.012500;143;

251736;-22.666626;22.812500;0.021667;4.012084;140;

251873;-34.666626;22.812500;0.021667;4.012500;142;

252016;-37.333374;22.812500;0.021667;4.012084;142;

252153;-30.666626;22.812500;0.021667;4.012500;140;

252297;-25.333374;22.812500;0.021667;4.012500;140;

252446;-30.666626;22.812500;0.021667;4.012500;139;

252584;-25.333374;22.812500;0.021250;4.012084;141;

252726;-30.666626;22.812500;0.021667;4.012084;140;

252863;-41.333374;22.812500;0.021667;4.012500;139;

253010;-41.333374;22.812500;0.021250;4.012084;140;

253160;-34.666626;22.812500;0.021667;4.010417;140;

253305;-50.666626;22.750000;0.021667;4.008750;142;

253453;-41.333374;22.750000;4.011250;4.009583;142;

253606;-38.666626;22.812500;0.021667;4.011250;143;

253740;-50.666626;22.812500;0.021250;4.008750;139;

253885;-36.000000;22.750000;0.021667;4.007500;139;

254026;-34.666626;22.750000;0.021667;4.007083;136;

254163;-45.333374;22.750000;0.021667;4.007083;141;

254308;-32.000000;22.750000;0.021667;4.007083;139;

254453;-36.000000;22.750000;0.021667;4.007083;140;

254596;-22.666626;22.750000;0.021667;4.007083;138;

254735;-25.333374;22.750000;0.021667;4.007083;140;

254876;-21.333374;22.750000;0.021667;4.007083;139;

255013;-21.333374;22.750000;0.021667;4.007083;136;

255157;-22.666626;22.750000;0.021250;4.007083;143;

255306;-17.333374;22.750000;0.021667;4.007083;140;

255443;-8.000000;22.750000;0.021667;4.007083;140;

255586;-17.333374;22.750000;0.021667;4.007083;142;

255723;-17.333374;22.750000;0.021667;4.007083;139;

255868;-16.000000;22.750000;0.021667;4.007083;140;

256016;-17.333374;22.750000;0.021667;0.021667;142;

256160;-18.666626;22.750000;0.021667;4.007083;144;

256310;-17.333374;22.750000;0.021667;4.007083;140;

256442;-18.666626;22.750000;0.021667;4.007083;140;

256580;-17.333374;22.750000;0.021667;4.007083;138;

256722;-20.000000;22.750000;0.021667;4.007083;139;

256864;-21.333374;22.750000;0.021250;4.007083;142;

257005;-21.333374;22.750000;0.021667;4.007083;142;

257146;-22.666626;22.750000;0.021667;4.007083;140;

257286;-34.666626;22.750000;0.021667;4.007083;139;

257423;-30.666626;22.750000;0.021667;4.007083;141;

257566;-30.666626;22.750000;0.021250;4.007083;142;

257703;-29.333374;22.750000;0.021667;4.007083;140;

257846;-29.333374;22.687500;0.021667;4.007083;142;

257983;-30.666626;22.750000;0.021667;4.007083;140;

258127;-34.666626;22.750000;0.021250;4.007083;139;

258273;-32.000000;22.750000;0.021667;4.007083;140;

258416;-36.000000;22.750000;0.021667;4.007083;140;

258553;-30.666626;22.687500;0.021667;4.007083;141;

258696;-34.666626;22.687500;0.021667;4.007083;140;

258835;-30.666626;22.750000;0.021667;0.021250;142;

258980;-34.666626;22.750000;0.021250;4.007083;141;

259112;-25.333374;22.687500;0.021667;4.007083;140;

259254;-30.666626;22.687500;0.021667;4.007083;142;

259394;-25.333374;22.687500;0.021667;4.006667;141;

259539;-34.666626;22.687500;0.021667;4.005000;142;

259680;-30.666626;22.687500;0.021667;4.005417;141;

259816;-26.666626;22.687500;0.021667;4.001667;140;

259945;-29.333374;22.687500;0.021250;4.002501;141;

260086;-22.666626;22.687500;0.021667;4.001667;143;

260225;-21.333374;22.687500;0.021667;4.001667;139;

260366;-22.666626;22.687500;0.021667;4.002083;140;

260508;-21.333374;22.687500;0.021667;4.001667;138;

260653;-18.666626;22.687500;0.021667;4.001667;140;

260796;-22.666626;22.687500;0.021667;4.001667;140;

260933;-22.666626;22.687500;0.021667;4.001667;142;

261076;-25.333374;22.687500;0.021667;4.001667;138;

261213;-30.666626;22.687500;0.021667;4.001667;139;

261357;-32.000000;22.687500;0.021667;4.001667;142;

261493;-22.666626;22.687500;0.021667;4.001667;141;

261638;-25.333374;22.687500;0.021667;4.001667;139;

261786;-22.666626;22.687500;0.021667;4.001667;140;

261925;-25.333374;22.687500;0.021667;4.001667;139;

262069;-22.666626;22.687500;0.021667;4.001667;138;

262211;-22.666626;22.687500;0.021667;4.001667;140;

262362;-25.333374;22.687500;0.021667;4.001667;143;

262512;-22.666626;22.687500;0.021667;4.001667;142;

262646;-22.666626;22.687500;0.021250;4.001667;137;

262777;-22.666626;22.687500;0.021250;4.001667;140;

262923;-22.666626;22.687500;0.021667;4.001667;141;

263068;-22.666626;22.687500;0.021250;4.001667;139;

263216;-22.666626;22.687500;0.021667;4.001667;141;

263354;-32.000000;22.625000;0.021667;4.001667;141;

263498;-34.666626;22.687500;0.021667;4.001667;139;

263643;-34.666626;22.687500;0.021667;4.001667;142;

263786;-34.666626;22.625000;0.021667;4.001667;138;

263927;-38.666626;22.687500;0.021667;4.002083;144;

264073;-34.666626;22.687500;0.021667;4.001667;140;

264216;-37.333374;22.625000;0.021667;4.001667;138;

264353;-38.666626;22.625000;0.021667;4.001667;139;

264496;-36.000000;22.625000;0.021667;4.001667;139;

264633;-40.000000;22.625000;0.021667;4.001667;138;

264781;-34.666626;22.625000;0.021667;4.000834;140;

264929;-37.333374;22.625000;0.021667;4.001250;141;

265074;-37.333374;22.625000;0.021667;4.000417;139;

265216;-36.000000;22.625000;0.021667;4.001250;139;

265345;-26.666626;22.625000;3.997917;3.997084;140;

265485;-32.000000;22.625000;3.996250;3.996250;140;

265613;-29.333374;22.625000;0.021667;3.999583;139;

265755;-30.666626;22.625000;0.021667;3.996667;140;

265906;-22.666626;22.625000;0.021667;3.996250;140;

266046;-29.333374;22.625000;0.021667;3.996667;141;

266184;-26.666626;22.625000;0.021667;3.996250;139;

266326;-25.333374;22.625000;0.021250;3.996250;141;

266465;-25.333374;22.625000;0.021250;3.996667;140;

266606;-30.666626;22.625000;0.021250;3.996250;138;

266744;-32.000000;22.625000;0.021667;3.996667;140;

266887;-30.666626;22.625000;0.021667;3.996250;137;

267036;-22.666626;22.625000;0.021667;3.996667;141;

267175;-21.333374;22.625000;0.021667;3.996667;140;

267316;-26.666626;22.625000;0.021667;3.996250;141;

267455;-25.333374;22.625000;0.021667;3.996250;138;

267596;-25.333374;22.625000;0.021667;3.996250;139;

267733;-21.333374;22.562500;0.021667;3.996250;142;

267876;-30.666626;22.625000;3.996250;3.996667;142;

268007;-25.333374;22.625000;0.021667;3.996250;142;

268160;-26.666626;22.625000;0.021667;3.996667;140;

268295;-30.666626;22.625000;0.021667;3.996667;142;

268449;-32.000000;22.625000;0.021250;3.996667;142;

268600;-30.666626;22.625000;0.021667;3.996250;142;

268753;-34.666626;22.625000;0.021250;3.996667;138;

268896;-30.666626;22.625000;0.021667;3.996250;139;

269033;-22.666626;22.562500;0.021667;3.996667;141;

269177;-22.666626;22.625000;0.021667;3.996250;140;

269323;-34.666626;22.625000;0.021250;3.996667;140;

269468;-32.000000;22.562500;0.021667;3.996250;139;

269616;-34.666626;22.562500;0.021667;3.996667;139;

269753;-38.666626;22.562500;0.021667;3.996667;140;

269898;-50.666626;22.562500;0.021667;3.996667;141;

270043;-53.333374;22.625000;0.021667;3.996250;141;

270186;-58.666626;22.562500;0.021667;3.996250;139;

270325;-70.666626;22.562500;0.021667;3.996667;141;

270466;-77.333374;22.562500;0.021667;3.996667;141;

270606;-90.666626;22.562500;0.021667;3.996250;140;

270744;-96.000000;22.562500;0.021667;3.996250;140;

270883;-108.000000;22.562500;0.021250;3.995000;141;

271033;-121.333374;22.562500;0.021667;3.994584;139;

271180;-128.000000;22.562500;0.021667;3.993750;138;

271327;-134.666626;22.562500;0.021667;3.991250;139;

271467;-142.666626;22.562500;3.991250;3.991250;140;

271609;-153.333374;22.562500;0.021667;3.991250;142;

271753;-152.000000;22.562500;0.021667;3.991250;140;

271898;-157.333374;22.562500;0.021667;3.991250;143;

272046;-158.666626;22.562500;0.021667;3.991250;140;

272183;-158.666626;22.562500;0.021667;3.991250;140;

272328;-158.666626;22.562500;0.021667;3.991250;142;

272476;-160.000000;22.562500;0.021667;3.991250;142;

272613;-169.333374;22.562500;0.021667;3.991250;141;

272757;-164.000000;22.562500;0.021667;3.991250;143;

272903;-158.666626;22.562500;0.021667;3.991250;142;

273047;-158.666626;22.562500;0.021667;3.991250;139;

273196;-164.000000;22.562500;0.021250;3.991250;141;

273333;-164.000000;22.562500;0.021667;3.991250;141;

273476;-161.333374;22.562500;0.021667;3.991250;140;

273613;-164.000000;22.562500;0.021667;3.991250;143;

273759;-168.000000;22.562500;0.021250;3.991250;140;

273893;-174.666626;22.562500;0.021667;3.991250;138;

274036;-170.666626;22.562500;3.991250;3.991250;141;

274163;-173.333374;22.562500;0.021667;3.991250;142;

274305;-170.666626;22.562500;0.021667;3.991250;139;

274447;-174.666626;22.562500;0.021667;3.991250;140;

274580;-173.333374;22.562500;0.021667;3.991250;141;

274728;-170.666626;22.562500;0.021667;3.991250;139;

274879;-170.666626;22.562500;0.021250;3.991250;141;

275031;-169.333374;22.562500;0.021667;3.991250;140;

275164;-172.000000;22.500000;0.021667;3.991250;141;

275308;-168.000000;22.500000;0.021667;3.991250;144;

275456;-164.000000;22.500000;0.021667;3.990833;140;

275593;-170.666626;22.500000;0.021667;3.991250;143;

275737;-170.666626;22.562500;0.021667;3.991250;140;

275884;-168.000000;22.500000;0.021250;3.991250;142;

276026;-174.666626;22.562500;0.021667;3.991250;141;

276163;-177.333374;22.500000;0.021250;3.991250;141;

276306;-174.666626;22.500000;0.021667;3.991250;140;

276444;-174.666626;22.500000;0.021667;3.990833;141;

276586;-184.000000;22.562500;0.021667;3.990833;141;

276723;-174.666626;22.500000;0.021250;3.990833;141;

276866;-177.333374;22.500000;0.021667;3.987500;139;

277006;-177.333374;22.500000;0.021667;3.985833;139;

277147;-174.666626;22.500000;0.021250;3.986667;140;

277300;-177.333374;22.500000;0.021667;3.985833;140;

277438;-174.666626;22.500000;0.021667;3.985833;141;

277590;-178.666626;22.500000;0.021667;3.985833;141;

277738;-170.666626;22.500000;0.021667;3.985833;138;

277889;-174.666626;22.500000;0.021667;3.985833;141;

278035;-174.666626;22.500000;0.021667;3.985833;139;

278176;-174.666626;22.500000;0.021667;3.985833;141;

278315;-170.666626;22.500000;0.021667;3.985833;143;

278456;-170.666626;22.500000;0.021667;3.985833;141;

278593;-170.666626;22.500000;0.021667;3.985833;139;

278736;-174.666626;22.500000;0.021667;3.986250;140;

278876;-170.666626;22.500000;0.021250;3.985833;139;

279013;-168.000000;22.500000;0.021667;3.985833;140;

279158;-169.333374;22.500000;0.021667;3.985833;140;

279303;-174.666626;22.500000;0.021667;3.985833;139;

279446;-170.666626;22.500000;0.021667;3.985833;140;

279585;-174.666626;22.500000;0.021667;3.985833;143;

279726;-172.000000;22.500000;0.021667;3.985833;142;

279863;-169.333374;22.500000;0.021667;3.985833;141;

280011;-177.333374;22.500000;0.021667;3.985833;142;

280145;-178.666626;22.500000;0.021667;3.985833;140;

280279;-170.666626;22.500000;0.021250;3.985833;141;

280421;-169.333374;22.500000;0.021667;3.985833;141;

280569;-164.000000;22.500000;0.021250;3.985833;140;

280720;-170.666626;22.500000;0.021667;3.985833;140;

280866;-174.666626;22.500000;0.021250;3.985833;138;

281005;-168.000000;22.500000;0.021667;3.985833;142;

281147;-169.333374;22.500000;0.021667;3.985833;142;

281283;-168.000000;22.500000;0.021667;3.985833;141;

281427;-170.666626;22.500000;0.021667;3.985833;140;

281564;-173.333374;22.500000;0.021667;3.985833;138;

281706;-172.000000;22.500000;0.021667;3.985833;141;

281844;-173.333374;22.437500;0.021667;3.985833;138;

281986;-164.000000;22.437500;0.021667;3.985833;140;

282125;-164.000000;22.437500;0.021667;3.985833;141;

282266;-169.333374;22.437500;0.021667;3.985833;141;

282405;-178.666626;22.437500;0.021250;3.985833;142;

282546;-188.000000;22.437500;0.021250;3.985833;141;

282683;-188.000000;22.437500;0.021667;3.985000;143;

282831;-180.000000;22.437500;0.021667;3.985000;140;

282978;-190.666626;22.437500;0.021667;3.984584;141;

283127;-188.000000;22.437500;0.021667;3.983750;143;

283281;-170.666626;22.437500;3.983334;3.983334;141;

283424;-184.000000;22.437500;3.980834;3.980417;141;

283553;-177.333374;22.437500;0.021667;3.980417;141;

283696;-178.666626;22.437500;0.021667;3.980834;137;

283825;-174.666626;22.437500;0.021667;3.980834;140;

283953;-174.666626;22.437500;0.021667;3.980417;140;

284098;-169.333374;22.437500;0.021250;3.980417;142;

284246;-164.000000;22.437500;0.021250;3.980417;139;

284383;-164.000000;22.437500;0.021667;3.980417;143;

284528;-161.333374;22.437500;0.021667;3.980417;140;

284673;-164.000000;22.437500;0.021667;3.980834;140;

284816;-172.000000;22.437500;0.021667;3.980417;143;

284955;-161.333374;22.437500;0.021667;3.980417;138;

285096;-158.666626;22.437500;0.021667;3.980417;142;

285236;-161.333374;22.437500;0.021667;3.980417;141;

285374;-157.333374;22.437500;0.021667;3.980834;139;

285516;-161.333374;22.437500;0.021667;3.980834;142;

285655;-161.333374;22.437500;0.021250;3.980834;142;

285796;-158.666626;22.437500;0.021667;3.980417;140;

285937;-157.333374;22.437500;0.021250;3.980834;141;

286091;-154.666626;22.437500;0.021667;3.980417;140;

286239;-154.666626;22.437500;0.021667;3.980834;140;

286383;-156.000000;22.437500;0.021250;3.980834;141;

286524;-145.333374;22.437500;0.021667;3.980417;144;

286662;-144.000000;22.437500;0.021667;3.980417;141;

286800;-142.666626;22.437500;0.021667;3.980417;142;

286933;-142.666626;22.375000;0.021667;3.980417;139;

287080;-145.333374;22.375000;0.021667;3.980417;141;

287213;-144.000000;22.375000;0.021667;3.980834;139;

287358;-137.333374;22.375000;0.021667;3.980417;141;

287506;-137.333374;22.375000;0.021667;3.980417;142;

287643;-142.666626;22.375000;0.021667;3.980417;140;

287787;-145.333374;22.437500;0.021250;3.980417;140;

287933;-134.666626;22.437500;0.021667;3.980417;141;

288076;-137.333374;22.375000;0.021667;3.980417;139;

288215;-133.333374;22.375000;0.021667;3.980834;140;

288356;-144.000000;22.375000;0.021667;3.980834;143;

288496;-140.000000;22.375000;0.021667;3.980417;142;

288634;-133.333374;22.375000;0.021667;3.980834;140;

288776;-128.000000;22.375000;0.021667;3.980417;139;

288915;-125.333374;22.375000;0.021667;3.980417;140;

289056;-129.333374;22.375000;0.021250;3.980417;141;

289197;-137.333374;22.375000;0.021667;3.980417;141;

289335;-133.333374;22.375000;0.021667;3.980417;138;

289476;-121.333374;22.375000;3.980417;3.980834;141;

289622;-134.666626;22.375000;0.021667;3.980417;142;

289763;-142.666626;22.375000;0.021250;3.980417;142;

289892;-133.333374;22.375000;0.021667;3.980834;142;

290031;-121.333374;22.375000;0.021667;3.980417;141;

290163;-128.000000;22.375000;0.021667;3.980417;140;

290300;-145.333374;22.375000;0.021667;3.980417;142;

290445;-138.666626;22.375000;0.021250;3.980417;142;

290577;-137.333374;22.375000;0.021667;3.980000;140;

290713;-136.000000;22.375000;0.021667;3.980000;142;

290856;-136.000000;22.375000;0.021250;3.980000;139;

290993;-121.333374;22.375000;0.021667;3.976667;138;

291137;-133.333374;22.375000;0.021667;3.975834;142;

291273;-124.000000;22.375000;0.021667;3.977500;139;

291416;-121.333374;22.375000;0.021667;3.975417;139;

291553;-98.666626;22.375000;0.021667;3.975417;142;

291698;-77.333374;22.375000;0.021667;3.975834;141;

291846;-64.000000;22.375000;0.021667;3.975417;138;

291983;-50.666626;22.375000;0.021250;3.975417;142;

292128;-53.333374;22.375000;0.021667;3.976250;140;

292276;-57.333374;22.375000;0.021667;3.975417;141;

292413;-21.333374;22.375000;0.021667;3.975417;140;

292557;-8.000000;22.375000;0.021667;3.975000;139;

292705;14.666626;22.375000;0.090417;3.987917;130;

292853;38.666626;22.375000;0.187083;3.979584;119;

293003;48.000000;22.375000;0.107917;3.975417;112;

293134;66.666748;22.375000;0.100417;3.988750;102;

293281;85.333252;22.375000;0.087500;3.975417;93;

293424;88.000000;22.375000;0.165417;4.167500;87;

293566;105.333252;22.375000;0.421250;4.007917;90;

293706;113.333252;22.375000;0.455417;4.095000;95;

293844;117.333252;22.375000;0.435833;4.041250;95;

293986;121.333252;22.375000;0.071250;3.986250;96;

294125;124.000000;22.375000;0.068333;3.984584;95;

294266;136.000000;22.375000;0.117917;3.976250;94;

294405;133.333252;22.375000;0.099167;3.980834;96;

294546;136.000000;22.375000;0.048333;3.975417;96;

294685;136.000000;22.312500;0.021667;3.975000;102;

294826;133.333252;22.375000;0.039167;3.975000;114;

294965;136.000000;22.375000;0.061667;3.975000;122;

295106;128.000000;22.375000;0.055833;3.975000;133;

295243;136.000000;22.312500;0.085000;3.975000;139;

295387;138.666748;22.312500;0.147083;3.988333;148;

295534;132.000000;22.312500;0.078333;3.975834;159;

295684;132.000000;22.312500;0.055000;3.975417;173;

295827;128.000000;22.312500;0.137500;3.977500;183;

295962;133.333252;22.312500;0.127917;3.982917;194;

296107;129.333252;22.312500;0.085833;3.975417;202;

296245;130.666748;22.312500;0.146250;3.976250;205;

296394;121.333252;22.312500;0.231250;3.980000;213;

296541;121.333252;22.312500;0.685833;3.990833;218;

296685;121.333252;22.312500;1.007917;3.954583;217;

296826;121.333252;22.312500;0.882500;3.800834;214;

296966;142.666748;22.312500;0.859583;3.777500;208;

297107;154.666748;22.312500;0.884583;3.762500;198;

297233;169.333252;22.312500;0.947917;3.760000;191;

297377;194.666748;22.312500;1.036250;3.757917;178;

297526;196.000000;22.312500;1.076250;3.739166;166;

297665;169.333252;22.312500;1.101667;3.733333;159;

297806;132.000000;22.312500;1.161667;3.740417;150;

297945;132.000000;22.312500;1.185833;3.730417;137;

298086;133.333252;22.312500;1.195417;3.729167;128;

298225;137.333252;22.312500;1.237500;3.723750;120;

298366;137.333252;22.312500;1.136667;3.730000;110;

298505;136.000000;22.312500;0.991667;3.732500;102;

298646;132.000000;22.312500;0.879167;3.727917;91;

298783;137.333252;22.312500;1.080000;3.853333;96;

298929;138.666748;22.312500;0.755000;3.744167;95;

299063;138.666748;22.312500;0.653333;3.732084;93;

299209;138.666748;22.312500;3.740834;3.738750;95;

299357;136.000000;22.312500;0.532083;3.741250;93;

299506;140.000000;22.312500;0.387500;3.733333;92;

299646;140.000000;22.312500;0.231250;3.733333;94;

299783;138.666748;22.312500;0.103333;3.733333;92;

299926;137.333252;22.312500;0.035833;3.733333;95;

300066;137.333252;22.312500;0.021667;3.732917;94;

300209;136.000000;22.312500;0.026250;3.735833;101;

300357;137.333252;22.312500;0.030000;3.738750;108;

300508;132.000000;22.312500;0.049167;3.737917;120;

300653;140.000000;22.312500;0.079583;3.738750;129;

300796;140.000000;22.312500;0.095417;3.737917;136;

301001;138.666748;22.312500;0.068333;3.737917;155;

301146;138.666748;22.312500;0.118333;3.738750;164;

301283;132.000000;22.312500;0.058333;3.741667;173;

301426;132.000000;22.312500;0.114167;3.740417;182;

301566;128.000000;22.312500;0.080417;3.738750;196;

301708;124.000000;22.312500;0.061667;3.738333;205;

301857;118.666748;22.312500;0.115000;3.767917;211;

302003;118.666748;22.312500;0.235000;3.631667;218;

302141;109.333252;22.312500;0.643750;3.617500;219;

302283;104.000000;22.312500;0.965000;3.702500;218;

302420;121.333252;22.312500;0.814167;3.600417;217;

302566;138.666748;22.312500;0.877083;3.597501;209;

302707;150.666748;22.312500;0.907083;3.540833;201;

302856;173.333252;22.312500;0.968750;3.528750;192;

302995;200.000000;22.312500;1.011250;3.518333;183;

303132;237.333252;22.312500;1.084583;3.518333;175;
