Time;Load cell reading [N];Temperature [C];Pressure sensor 1 [bar];Pressure sensor 2 [bar];Distance [mm];

362050;-64.000000;23.000000;0.021667;3.996250;208;

362200;-56.000000;23.000000;0.021667;3.996250;210;

362347;-58.666626;23.000000;0.021667;3.996250;210;

362484;-58.666626;23.000000;0.021667;3.996250;206;

362627;-58.666626;23.000000;0.021667;3.996250;205;

362765;-58.666626;23.000000;0.021250;3.996250;204;

362908;-57.333374;23.000000;0.021667;3.996250;205;

363044;-58.666626;23.000000;0.021667;3.996250;209;

363187;-41.333374;23.000000;0.021667;3.996250;207;

363327;-50.666626;23.000000;0.021667;3.996250;208;

363464;-38.666626;23.000000;0.021250;3.996250;207;

363607;-36.000000;23.000000;0.021667;3.996250;205;

363744;-36.000000;23.000000;0.021667;3.996250;207;

363887;-32.000000;23.000000;0.021667;3.996667;205;

364025;-32.000000;23.000000;0.021667;3.991250;207;

364167;-32.000000;23.000000;0.021667;3.996250;207;

364304;-36.000000;23.000000;0.021667;3.995000;208;

364447;-32.000000;23.000000;0.021667;3.996250;207;

364589;-36.000000;23.000000;0.021667;3.994584;204;

364747;-41.333374;23.000000;0.021250;0.021250;204;

364899;-50.666626;23.000000;0.021667;3.990833;206;

365047;-57.333374;23.000000;0.021667;3.990833;203;

365185;-48.000000;23.000000;0.021667;3.991250;204;

365327;-58.666626;23.000000;0.021667;3.990833;207;

365464;-57.333374;23.000000;0.021667;3.990833;206;

365607;-66.666626;23.000000;0.021667;3.990833;206;

365756;-60.000000;23.000000;0.021250;3.990833;209;

365897;-64.000000;23.000000;0.021667;3.990833;208;

366037;-64.000000;23.000000;0.021667;3.990833;206;

366175;-58.666626;23.000000;0.021250;3.990833;204;

366317;-70.666626;23.000000;0.021667;3.990833;206;

366456;-68.000000;23.000000;0.021250;3.990833;205;

366597;-64.000000;23.000000;0.021250;3.990833;207;

366734;-58.666626;23.000000;0.021667;3.990833;206;

366878;-64.000000;23.000000;0.021250;3.990833;207;

367015;-64.000000;23.000000;0.021667;3.991250;207;

367166;-60.000000;23.000000;3.990833;3.990833;206;

367319;-64.000000;23.000000;0.021667;3.990833;207;

367466;-56.000000;23.000000;3.990833;3.990833;208;

367602;-64.000000;23.000000;0.021667;3.990833;207;

367747;-58.666626;23.000000;0.021667;3.990833;207;

367884;-64.000000;23.000000;0.021250;3.991250;204;

368027;-64.000000;23.000000;0.021667;3.988750;207;

368164;-62.666626;23.000000;0.021667;3.990417;204;

368307;-70.666626;23.000000;0.021667;3.990833;207;

368446;-58.666626;22.937500;0.021667;3.990833;207;

368587;-64.000000;23.000000;0.021667;3.990833;208;

368727;-57.333374;23.000000;0.021667;3.990833;204;

368867;-60.000000;23.000000;0.021667;3.990833;210;

369005;-57.333374;22.937500;0.021667;3.990833;203;

369147;-58.666626;22.937500;0.021667;3.990833;205;

369284;-60.000000;23.000000;0.021667;3.990833;205;

369429;-64.000000;22.937500;0.021667;3.990833;206;

369577;-64.000000;22.937500;0.021250;3.990833;207;

369720;-58.666626;23.000000;0.021667;3.990000;209;

369857;-64.000000;23.000000;3.988750;3.987083;206;

370001;-57.333374;22.937500;0.021667;3.989584;203;

370157;-64.000000;22.937500;0.021667;0.021667;208;

370298;-60.000000;22.937500;0.021667;3.986250;205;

370447;-58.666626;22.937500;0.021667;3.985833;207;

370585;-64.000000;22.937500;0.021667;3.985417;207;

370727;-58.666626;22.937500;0.021667;3.985833;205;

370865;-64.000000;22.937500;0.021250;3.985833;203;

371008;-56.000000;22.937500;0.021667;3.985833;204;

371145;-57.333374;22.937500;0.021250;3.985417;208;

371289;-53.333374;22.937500;0.021667;3.985833;208;

371439;-56.000000;22.937500;0.021667;3.985833;204;

371584;-58.666626;22.937500;0.021667;3.985833;206;

371727;-57.333374;22.937500;0.021667;3.985833;207;

371866;-57.333374;22.937500;0.021667;3.985833;209;

372007;-57.333374;22.937500;0.021667;3.985417;214;

372146;-56.000000;22.937500;0.021667;3.985833;208;

372290;-53.333374;22.937500;0.021250;3.985833;206;

372448;-53.333374;22.937500;0.021250;3.985833;207;

372604;-57.333374;22.937500;3.985833;3.985833;207;

372751;-41.333374;22.937500;0.021667;3.985833;203;

372897;-48.000000;22.937500;0.021667;3.985833;209;

373037;-36.000000;22.937500;0.021667;3.985833;206;

373176;-38.666626;22.937500;0.021667;3.985417;205;

373318;-41.333374;22.937500;0.021250;3.985833;205;

373456;-34.666626;22.937500;0.021667;3.985833;206;

373597;-38.666626;22.937500;0.021667;3.985833;205;

373736;-36.000000;22.937500;0.021667;3.985833;206;

373877;-34.666626;22.937500;0.021667;3.985833;206;

374014;-36.000000;22.937500;0.021667;3.985833;206;

374158;-38.666626;22.937500;0.021250;3.985417;204;

374307;-38.666626;22.937500;0.021667;3.985833;208;

374445;-32.000000;22.937500;0.021667;3.985417;210;

374588;-36.000000;22.937500;0.021667;3.985833;207;

374737;-34.666626;22.937500;0.021250;3.985833;205;

374883;-41.333374;22.937500;0.021667;3.985833;207;

375042;-34.666626;22.937500;0.021667;3.983750;201;

375199;-41.333374;22.937500;0.021667;3.985833;209;

375337;-53.333374;22.937500;0.021667;3.982500;207;

375475;-49.333374;22.937500;0.021667;3.982917;206;

375618;-58.666626;22.937500;0.021667;3.981250;209;

375755;-53.333374;22.937500;0.021667;3.980417;206;

375897;-64.000000;22.937500;0.021667;3.980417;206;

376035;-58.666626;22.937500;0.021250;3.980417;208;

376177;-62.666626;22.875000;0.021667;3.980417;206;

376314;-64.000000;22.875000;0.021667;3.980417;207;

376457;-66.666626;22.875000;0.021250;3.980417;208;

376595;-66.666626;22.875000;0.021250;3.980417;204;

376739;-68.000000;22.937500;0.021667;3.980417;205;

376895;-66.666626;22.875000;0.021667;3.980417;205;

377036;-58.666626;22.875000;0.021667;3.980417;207;

377177;-60.000000;22.875000;0.021250;3.980417;207;

377321;-58.666626;22.937500;0.021667;3.980417;208;

377479;-58.666626;22.875000;0.021667;3.980417;207;

377641;-68.000000;22.875000;0.021250;3.980417;203;

377797;-66.666626;22.875000;0.021667;3.980417;207;

377946;-61.333374;22.875000;0.021667;3.980000;206;

378087;-64.000000;22.875000;0.021667;3.980417;208;

378225;-66.666626;22.875000;0.021250;3.980417;211;

378367;-68.000000;22.875000;0.021667;3.980417;209;

378507;-66.666626;22.937500;0.021667;3.980417;206;

378647;-89.333374;22.875000;0.021667;3.980417;207;

378784;-121.333374;22.937500;0.021250;3.980417;203;

378930;-121.333374;22.875000;0.021667;3.980417;206;

379097;-76.000000;22.875000;0.021667;3.980417;205;

379248;-38.666626;22.875000;0.021667;3.980417;207;

379385;-34.666626;22.875000;0.021667;3.980417;211;

379530;-70.666626;22.875000;0.021667;3.980417;208;

379685;-89.333374;22.875000;0.021667;3.980417;204;

379830;-93.333374;22.875000;0.021667;3.980417;207;

379980;-37.333374;22.875000;0.021667;3.980417;208;

380140;-13.333374;22.875000;0.021667;3.980417;206;

380293;10.666626;22.875000;0.021667;3.980417;205;

380447;-17.333374;22.875000;0.021667;3.980000;207;

380600;-38.666626;22.875000;0.021667;3.980417;204;

380748;-34.666626;22.875000;0.021667;3.980417;207;

380885;-16.000000;22.875000;0.021667;3.980417;206;

381027;-25.333374;22.875000;0.021250;3.980417;206;

381164;-64.000000;22.875000;0.021667;3.980417;205;

381311;-34.666626;22.875000;0.021667;3.980417;208;

381457;-4.000000;22.875000;0.021667;3.980417;206;

381595;-21.333374;22.875000;0.021667;3.980417;205;

381737;-76.000000;22.875000;0.021250;3.980417;206;

381875;-48.000000;22.875000;0.021250;3.980417;209;

382005;-21.333374;22.875000;0.021667;3.980417;206;

382147;-34.666626;22.875000;0.021667;3.980417;206;

382287;-58.666626;22.875000;0.021250;3.980417;206;

382427;-29.333374;22.875000;0.021250;3.979584;207;

382570;-32.000000;22.875000;0.021250;3.980417;206;

382726;-60.000000;22.875000;0.021667;3.977500;204;

382890;-73.333374;22.875000;0.021667;3.977500;207;

383047;-66.666626;22.812500;0.021667;3.976667;204;

383205;-145.333374;22.875000;3.975000;3.975000;207;

383347;-128.000000;22.812500;0.021667;3.975000;209;

383488;-32.000000;22.812500;0.021667;3.975000;204;

383625;-5.333374;22.812500;0.021250;3.975000;209;

383767;34.666626;22.812500;0.021250;3.975000;207;

383902;76.000000;22.812500;0.021250;3.975000;211;

384050;136.000000;22.812500;0.021667;3.975000;207;

384195;122.666748;22.875000;0.021667;3.975000;203;

384337;98.666748;22.812500;0.021667;3.975000;205;

384471;105.333252;22.812500;0.021667;3.975000;207;

384618;73.333252;22.812500;0.021667;3.975000;207;

384767;86.666748;22.812500;0.021667;3.975000;206;

384906;86.666748;22.812500;0.021667;3.975000;206;

385054;122.666748;22.812500;0.021667;3.975000;203;

385197;138.666748;22.812500;0.021667;3.975000;206;

385339;86.666748;22.812500;0.021667;3.975000;206;

385497;73.333252;22.812500;0.021250;3.975000;205;

385658;60.000000;22.812500;0.021667;3.975000;206;

385816;38.666626;22.812500;0.021667;3.975000;207;

385958;14.666626;22.812500;0.021667;3.975000;205;

386095;-2.666626;22.812500;0.021667;3.975000;207;

386237;-10.666626;22.812500;0.021250;3.975000;206;

386380;-18.666626;22.812500;0.021667;3.975000;204;

386527;-18.666626;22.812500;0.021667;3.975000;209;

386670;-62.666626;22.812500;0.021250;3.975000;209;

386814;-76.000000;22.812500;0.021250;3.975000;205;

386960;-66.666626;22.812500;0.021667;3.975000;209;

387095;-89.333374;22.812500;0.021667;3.975000;202;

387237;-89.333374;22.812500;0.021667;3.975000;209;

387375;-86.666626;22.812500;0.021667;3.975000;206;

387517;-62.666626;22.812500;0.021667;3.975000;209;

387655;-56.000000;22.812500;0.021250;3.975000;207;

387797;-70.666626;22.812500;0.021250;3.975000;206;

387945;-64.000000;22.812500;0.021250;3.974584;209;

388098;-37.333374;22.812500;0.021250;3.975000;208;

388257;-22.666626;22.812500;0.021667;3.975000;205;

388424;-50.666626;22.812500;0.021667;3.972500;206;

388563;-48.000000;22.812500;0.021667;3.970000;207;

388697;-48.000000;22.812500;0.021667;3.969584;208;

388835;-41.333374;22.812500;0.021667;3.970000;206;

388978;-41.333374;22.812500;0.021667;3.969584;207;

389120;-48.000000;22.812500;0.021250;3.969584;208;

389270;-38.666626;22.812500;0.021667;3.969584;207;

389417;-57.333374;22.812500;0.021667;3.970000;208;

389556;-53.333374;22.812500;0.021667;3.970000;209;

389704;-58.666626;22.812500;0.021667;3.969584;207;

389844;-57.333374;22.812500;0.021250;3.969584;207;

389980;-42.666626;22.812500;0.021250;3.969584;206;

390127;-41.333374;22.812500;0.021250;3.969584;207;

390265;-36.000000;22.750000;0.021667;3.969584;205;

390416;-49.333374;22.812500;0.021667;3.970000;207;

390579;-36.000000;22.812500;0.021667;3.970000;210;

390736;-32.000000;22.750000;0.021667;3.969584;207;

390895;-37.333374;22.750000;0.021667;0.021667;207;

391032;-25.333374;22.812500;0.021667;3.970000;209;

391170;-37.333374;22.750000;0.021250;3.970000;208;

391317;-41.333374;22.750000;0.021667;3.970000;207;

391455;-32.000000;22.750000;0.021667;3.970000;206;

391597;-29.333374;22.750000;0.021667;3.969584;206;

391734;-36.000000;22.750000;0.021667;3.969584;205;

391877;-50.666626;22.750000;0.021667;3.969584;203;

392018;-50.666626;22.750000;0.021667;3.970000;207;

392157;-36.000000;22.750000;0.021250;3.969584;206;

392295;-38.666626;22.750000;0.021667;3.969584;206;

392446;-50.666626;22.750000;0.021667;3.969584;205;

392597;-68.000000;22.750000;0.021667;3.970000;205;

392735;-89.333374;22.750000;0.021667;3.969584;208;

392880;-81.333374;22.750000;0.021250;3.969584;209;

393029;-50.666626;22.750000;0.021250;3.970000;206;

393186;-50.666626;22.750000;0.021667;3.969584;206;

393325;-45.333374;22.750000;0.021250;3.969584;207;

393455;-48.000000;22.750000;0.021667;3.969584;205;

393597;-53.333374;22.750000;0.021250;3.969584;208;

393724;-38.666626;22.750000;0.021667;3.969584;208;

393881;-48.000000;22.750000;0.021667;3.969584;206;

394042;-48.000000;22.750000;0.021667;3.969584;205;

394184;-48.000000;22.750000;0.021667;3.970000;208;

394325;-57.333374;22.750000;0.021250;3.969584;207;

394467;-56.000000;22.750000;0.021250;3.969584;206;

394608;-49.333374;22.750000;0.021667;3.969584;208;

394758;-36.000000;22.750000;0.021667;3.969584;207;

394901;-48.000000;22.750000;0.021667;3.969584;209;

395044;-30.666626;22.750000;0.021250;3.969584;208;

395194;-50.666626;22.750000;0.021667;3.970000;207;

395337;-64.000000;22.687500;0.021667;3.969584;208;

395477;-76.000000;22.750000;0.021667;3.970000;207;

395617;-84.000000;22.750000;0.021667;3.970000;208;

395763;-53.333374;22.687500;0.021667;3.968333;207;

395907;-57.333374;22.750000;0.021667;3.967084;206;

396045;-48.000000;22.687500;0.021667;3.965417;204;

396188;-58.666626;22.750000;0.021667;3.964583;207;

396341;-64.000000;22.750000;0.021667;3.964583;203;

396489;-58.666626;22.750000;0.021667;3.964583;209;

396652;-64.000000;22.687500;0.021667;3.964583;209;

396807;-68.000000;22.687500;0.021667;3.964583;206;

396959;-64.000000;22.687500;0.021250;3.964167;206;

397121;-57.333374;22.687500;0.021667;3.964167;204;

397267;-50.666626;22.687500;0.021250;3.964167;209;

397408;-53.333374;22.687500;0.021667;3.964583;206;

397555;-53.333374;22.687500;0.021667;3.964167;210;

397704;-50.666626;22.687500;0.021667;3.964583;209;

397847;-57.333374;22.687500;0.021667;3.964583;206;

397986;-34.666626;22.687500;0.021250;3.964583;205;

398127;-48.000000;22.687500;0.021667;3.964583;206;

398266;-30.666626;22.687500;0.021667;3.964167;206;

398409;-38.666626;22.687500;0.021667;3.964583;208;

398558;-34.666626;22.687500;0.021667;3.964583;210;

398697;-34.666626;22.687500;0.021667;3.964583;203;

398837;-32.000000;22.687500;0.021667;3.964583;209;

398979;-25.333374;22.687500;0.021667;3.964583;209;

399136;-29.333374;22.687500;0.021667;3.964583;209;

399298;-32.000000;22.687500;3.964583;3.964167;205;

399444;-22.666626;22.687500;0.021667;3.964583;205;

399582;-34.666626;22.687500;0.021667;3.964167;206;

399725;-34.666626;22.687500;3.964583;3.964167;207;

399867;-48.000000;22.687500;0.021667;3.964583;203;

400009;-36.000000;22.687500;0.021667;3.964583;205;

400157;-49.333374;22.687500;0.021250;3.964583;204;

400295;-38.666626;22.687500;0.021667;3.964583;207;

400440;-50.666626;22.687500;0.021250;3.964583;208;

400599;-48.000000;22.687500;0.021667;3.964583;205;

400748;-41.333374;22.687500;0.021667;3.964583;206;

400885;-50.666626;22.625000;0.021667;3.964583;209;

401030;-36.000000;22.625000;0.021667;3.964583;208;

401177;-38.666626;22.687500;0.021667;0.021250;206;

401315;-30.666626;22.625000;0.021250;3.964167;207;

401457;-32.000000;22.687500;0.021667;3.963333;209;

401598;-34.666626;22.625000;0.021667;3.960000;206;

401737;-32.000000;22.687500;0.021667;3.960834;206;

401877;-22.666626;22.625000;0.021667;3.961250;208;

402022;-25.333374;22.625000;0.021250;3.959167;206;

402172;-25.333374;22.625000;0.021250;3.959167;209;

402307;-25.333374;22.625000;0.021667;3.959167;204;

402443;-17.333374;22.625000;0.021667;3.959583;205;

402597;-22.666626;22.625000;0.021667;3.959167;207;

402758;-18.666626;22.625000;0.021250;3.959167;207;

402918;-32.000000;22.625000;0.021667;3.959167;205;

403067;-22.666626;22.625000;0.021667;3.959167;206;

403210;-34.666626;22.625000;0.021667;3.959167;205;

403354;-36.000000;22.625000;0.021667;3.959167;210;

403508;-36.000000;22.625000;0.021667;3.959167;209;

403657;-38.666626;22.625000;0.021250;3.959167;205;

403795;-36.000000;22.625000;0.021667;3.959167;206;

403937;-41.333374;22.625000;0.021250;3.959167;210;

404078;-41.333374;22.625000;0.021667;3.959167;207;

404219;-41.333374;22.625000;0.021667;3.959167;210;

404370;-41.333374;22.625000;0.021667;3.959167;209;

404517;-36.000000;22.625000;0.021667;3.959167;210;

404654;-36.000000;22.625000;0.021667;3.959167;207;

404798;-30.666626;22.625000;0.021667;3.959167;205;

404947;-34.666626;22.625000;3.959167;3.959167;210;

405087;-30.666626;22.625000;0.021667;3.959167;206;

405212;-22.666626;22.625000;0.021667;3.959167;207;

405351;-22.666626;22.625000;0.021667;3.959167;204;

405507;-22.666626;22.625000;0.021667;3.959167;207;

405664;-22.666626;22.625000;3.959167;3.959167;208;

405814;-22.666626;22.625000;3.959167;3.959167;204;

405957;-22.666626;22.625000;0.021250;3.959167;206;

406095;-25.333374;22.562500;0.021250;3.959167;203;

406240;-25.333374;22.625000;0.021667;3.959167;207;

406384;-25.333374;22.562500;0.021667;3.959167;203;

406531;-22.666626;22.562500;0.021250;3.959167;206;

406677;-25.333374;22.562500;0.021667;3.959167;204;

406817;-32.000000;22.562500;0.021667;3.959167;206;

406957;-20.000000;22.562500;3.959167;3.959167;207;

407096;-32.000000;22.562500;0.021667;3.959167;208;

407238;-25.333374;22.562500;0.021667;3.959167;205;

407375;-30.666626;22.562500;0.021250;3.958750;207;

407517;-25.333374;22.562500;0.021667;3.957500;208;

407664;-32.000000;22.562500;0.021667;3.954583;208;

407798;-30.666626;22.562500;0.021667;3.959167;211;

407955;-30.666626;22.562500;0.021667;3.955417;204;

408101;-34.666626;22.562500;0.021667;3.953750;206;

408252;-32.000000;22.562500;0.021250;3.953750;206;

408397;-34.666626;22.562500;0.021667;3.953750;209;

408537;-34.666626;22.562500;0.021667;3.953750;209;

408676;-34.666626;22.562500;0.021667;3.953750;209;

408817;-34.666626;22.562500;0.021250;3.953750;205;

408956;-38.666626;22.562500;0.021667;3.953750;206;

409097;-36.000000;22.562500;0.021667;3.953750;208;

409234;-41.333374;22.562500;0.021667;3.953750;205;

409379;-41.333374;22.562500;0.021667;3.954167;212;

409527;-30.666626;22.562500;0.021667;3.953750;207;

409665;-34.666626;22.562500;0.021667;3.954167;209;

409809;-32.000000;22.562500;0.021667;3.953750;207;

409954;-30.666626;22.562500;0.021667;3.953750;209;

410098;-37.333374;22.562500;0.021667;3.953750;207;

410235;-37.333374;22.562500;0.021250;0.021667;204;

410375;-40.000000;22.562500;0.021667;3.953750;209;

410518;-30.666626;22.562500;0.021667;3.953750;212;

410675;-36.000000;22.562500;3.953750;3.953750;207;

410824;-48.000000;22.562500;0.021667;3.953750;205;

410967;-41.333374;22.562500;0.021667;3.953750;207;

411105;-41.333374;22.562500;0.021250;3.953750;207;

411247;-36.000000;22.562500;0.021250;3.954167;208;

411386;-48.000000;22.500000;0.021250;3.953750;206;

411527;-36.000000;22.562500;0.021667;3.953750;209;

411666;-48.000000;22.500000;0.021667;3.953750;207;

411807;-45.333374;22.500000;0.021667;3.953750;209;

411944;-50.666626;22.500000;0.021667;3.953750;206;

412087;-45.333374;22.562500;0.021667;3.953750;204;

412224;-48.000000;22.500000;0.021667;3.953750;204;

412367;-53.333374;22.500000;0.021667;3.953750;207;

412507;-50.666626;22.500000;0.021667;3.953750;201;

412645;-49.333374;22.500000;0.021667;3.953750;205;

412789;-48.000000;22.500000;0.021667;3.953750;206;

412940;-36.000000;22.500000;0.021250;3.954167;210;

413094;-48.000000;22.500000;0.021667;3.953750;205;

413246;-25.333374;22.500000;0.021667;3.953750;208;

413394;-32.000000;22.500000;0.021667;3.952500;207;

413534;-32.000000;22.500000;0.021667;3.954167;206;

413677;-32.000000;22.500000;0.021250;3.949167;207;

413816;-32.000000;22.500000;0.021250;3.950417;207;

413957;-22.666626;22.500000;0.021667;3.949167;205;

414099;-25.333374;22.500000;0.021667;3.948334;205;

414244;-17.333374;22.500000;0.021667;3.948750;206;

414387;-25.333374;22.500000;0.021667;3.948334;208;

414526;-20.000000;22.500000;0.021667;3.948334;206;

414667;-36.000000;22.500000;0.021667;3.948334;205;

414806;-22.666626;22.500000;0.021667;3.950000;204;

414947;-30.666626;22.500000;0.021667;3.948334;207;

415085;-34.666626;22.437500;0.021667;3.948750;206;

415227;-34.666626;22.500000;0.021667;3.948334;206;

415364;-37.333374;22.500000;0.021667;3.948334;209;

415510;-25.333374;22.500000;0.021250;3.948334;212;

415664;-32.000000;22.500000;3.948334;3.948334;210;

415810;-36.000000;22.500000;0.021667;3.948334;209;

415957;-30.666626;22.500000;0.021667;3.948750;204;

416098;-34.666626;22.437500;0.021667;3.948334;210;

416235;-26.666626;22.437500;0.021667;3.948334;207;

416378;-41.333374;22.500000;0.021667;3.948334;205;

416515;-34.666626;22.500000;0.021250;3.943334;208;

416657;-38.666626;22.437500;0.021250;3.942917;207;

416795;-36.000000;22.437500;0.021667;3.948334;208;

416937;-38.666626;22.437500;0.021667;3.948334;206;

417076;-41.333374;22.437500;0.021667;3.948334;207;

417218;-48.000000;22.437500;0.021667;3.948750;205;

417356;-48.000000;22.437500;0.021667;3.948334;208;

417497;-50.666626;22.437500;0.021667;3.947917;208;

417639;-57.333374;22.437500;0.021250;3.946667;208;

417784;-41.333374;22.437500;0.021667;3.945417;207;

417927;-42.666626;22.437500;0.021250;0.021667;208;

418072;-49.333374;22.437500;0.021250;3.943750;204;

418231;-36.000000;22.437500;0.021667;3.943750;209;

418367;-38.666626;22.437500;0.021667;0.021667;205;

418493;-25.333374;22.437500;0.021667;3.943334;203;

418644;-36.000000;22.437500;0.021667;3.943334;207;

418772;-34.666626;22.437500;0.021667;3.943334;205;

418917;-34.666626;22.437500;0.021667;3.943334;207;

419054;-36.000000;22.437500;0.021667;3.943334;205;

419199;-34.666626;22.437500;0.021250;3.943334;207;

419347;-38.666626;22.437500;0.021667;3.943334;208;

419484;-34.666626;22.375000;0.021667;3.943334;206;

419628;-48.000000;22.437500;0.021250;3.943334;207;

419775;-48.000000;22.437500;0.021667;3.943334;208;

419917;-50.666626;22.437500;0.021667;3.943334;209;

420055;-56.000000;22.437500;0.021250;3.943334;204;

420197;-50.666626;22.437500;0.021667;3.942917;207;

420336;-50.666626;22.375000;0.021667;3.942917;202;

420477;-41.333374;22.375000;0.021667;3.943334;206;

420615;-53.333374;22.437500;0.021667;3.943334;207;

420759;-40.000000;22.375000;0.021667;3.943334;204;

420916;-38.666626;22.375000;0.021667;3.943334;205;

421057;-41.333374;22.437500;0.021667;3.942917;207;

421193;-37.333374;22.375000;0.021250;3.943334;201;

421325;-36.000000;22.375000;0.021667;3.943334;206;

421477;-34.666626;22.375000;0.021250;3.943334;208;

421635;-34.666626;22.375000;0.021667;3.943334;209;

421787;-30.666626;22.437500;0.021250;3.943334;207;

421925;-22.666626;22.375000;0.021667;3.943334;206;

422067;-34.666626;22.375000;0.021667;3.943334;203;

422204;-22.666626;22.375000;0.021667;3.943334;209;

422347;-30.666626;22.375000;0.021667;3.943334;204;

422488;-25.333374;22.375000;0.021667;3.943334;203;

422624;-25.333374;22.375000;0.021667;3.943334;208;

422769;-30.666626;22.375000;0.021667;3.943334;205;

422915;-26.666626;22.375000;0.021667;3.943334;207;

423057;-34.666626;22.375000;0.021667;3.943334;204;

423195;-21.333374;22.375000;0.021667;3.943334;208;

423337;-37.333374;22.375000;0.021250;3.943334;208;

423474;-32.000000;22.375000;0.021667;3.943334;206;

423619;-36.000000;22.375000;0.021667;3.943334;206;

423774;-34.666626;22.375000;0.021667;3.943334;208;

423919;-30.666626;22.375000;0.021667;3.943334;208;

424076;-34.666626;22.375000;0.021667;3.943334;205;

424225;-38.666626;22.375000;0.021667;3.942917;207;

424377;-26.666626;22.375000;0.021667;3.943334;209;

424517;-36.000000;22.375000;0.021667;3.943334;209;

424657;-34.666626;22.375000;0.021667;3.942917;208;

424797;-37.333374;22.375000;0.021667;3.943334;207;

424936;-30.666626;22.375000;0.021667;3.943334;204;

425077;-32.000000;22.375000;0.021667;3.942500;208;

425215;-25.333374;22.375000;0.021667;3.943334;208;

425358;-22.666626;22.375000;0.021667;3.942917;207;

425495;-32.000000;22.312500;0.021667;3.942083;207;

425639;-30.666626;22.375000;0.021667;3.942500;209;

425789;-34.666626;22.375000;0.021667;3.942083;202;

425935;-32.000000;22.375000;0.021667;3.937917;208;

426077;-32.000000;22.375000;0.021667;3.937917;207;

426216;-22.666626;22.375000;0.021667;3.937917;205;

426366;-25.333374;22.312500;3.937917;3.937917;208;

426519;-30.666626;22.375000;0.021250;3.937917;202;

426677;-25.333374;22.312500;0.021667;3.937917;206;

426833;-32.000000;22.375000;0.021667;3.937917;205;

426975;-34.666626;22.312500;0.021667;3.937917;204;

427119;-25.333374;22.312500;0.021250;3.937917;205;

427267;-34.666626;22.375000;0.021667;3.937917;204;

427404;-25.333374;22.312500;0.021667;3.937917;203;

427548;-25.333374;22.312500;0.021667;3.937917;205;

427685;-32.000000;22.312500;0.021667;3.937917;204;

427827;-37.333374;22.375000;0.021250;3.937917;205;

427964;-34.666626;22.312500;0.021667;3.937917;210;

428107;-34.666626;22.312500;0.021667;3.937917;205;

428245;-36.000000;22.312500;0.021667;3.937917;207;

428387;-34.666626;22.312500;0.021667;3.937917;207;

428525;-34.666626;22.312500;0.021667;3.937917;205;

428668;-34.666626;22.312500;0.021667;3.937917;210;

428807;-36.000000;22.312500;0.021667;3.937917;205;

428953;-22.666626;22.312500;0.021667;3.937917;206;

429105;-29.333374;22.312500;0.021667;3.937917;208;

429243;-22.666626;22.312500;0.021667;3.937917;209;

429387;-22.666626;22.312500;0.021250;3.937917;207;

429528;-34.666626;22.312500;0.021667;3.937500;209;

429667;-22.666626;22.312500;0.021250;3.937917;208;

429809;-30.666626;22.312500;0.021667;3.937917;208;

429954;-21.333374;22.312500;0.021667;3.937917;205;

430097;-25.333374;22.312500;0.021667;3.937917;205;

430236;-34.666626;22.312500;0.021667;3.937917;207;

430377;-21.333374;22.312500;0.021667;3.937917;210;

430517;-30.666626;22.250000;0.021667;3.937917;205;

430656;-30.666626;22.312500;0.021667;3.937917;207;

430797;-36.000000;22.312500;0.021667;3.937917;208;

430936;-34.666626;22.312500;0.021250;3.937917;208;

431077;-36.000000;22.250000;0.021667;3.937917;210;

431217;-48.000000;22.312500;0.021667;3.937917;209;

431357;-41.333374;22.250000;0.021667;3.937917;208;

431495;-42.666626;22.312500;0.021250;3.935417;205;

431645;-41.333374;22.250000;0.021250;3.933750;208;

431774;-50.666626;22.250000;0.021667;3.933334;205;

431923;-41.333374;22.250000;0.021667;3.932500;206;

432068;-38.666626;22.250000;0.021667;3.933750;204;

432223;-40.000000;22.250000;0.021667;3.932500;210;

432367;-34.666626;22.250000;0.021667;3.932500;205;

432507;-38.666626;22.250000;0.021667;3.932500;207;

432645;-30.666626;22.250000;0.021667;3.932500;205;

432789;-34.666626;22.250000;0.021667;3.932500;205;

432935;-32.000000;22.250000;0.021667;3.932500;207;

433077;-32.000000;22.250000;0.021667;3.932500;208;

433214;-36.000000;22.250000;0.021667;3.932500;209;

433357;-32.000000;22.250000;0.021250;3.932500;206;

433495;-36.000000;22.250000;0.021250;3.932500;203;

433637;-34.666626;22.250000;0.021667;3.932500;206;

433777;-38.666626;22.250000;0.021250;3.932500;206;

433914;-38.666626;22.250000;0.021667;3.932500;209;

434057;-34.666626;22.250000;0.021250;3.932500;209;

434195;-38.666626;22.250000;0.021667;3.932500;202;

434335;-38.666626;22.250000;0.021667;0.021667;205;

434479;-38.666626;22.250000;0.021667;3.932500;206;

434634;-38.666626;22.250000;0.021250;3.932500;205;

434769;-38.666626;22.250000;0.021667;3.932500;206;

434925;-38.666626;22.250000;3.932500;3.932500;204;

435068;-34.666626;22.250000;0.021250;3.932500;207;

435217;-48.000000;22.250000;0.021250;3.932500;206;

435355;-34.666626;22.250000;0.021667;3.932500;206;

435499;-38.666626;22.250000;0.021667;3.932500;206;

435648;-36.000000;22.250000;0.021667;3.932500;204;

435785;-36.000000;22.250000;0.021667;3.932500;211;

435929;-42.666626;22.250000;0.021667;3.932500;203;

436074;-48.000000;22.250000;0.021667;3.932500;204;

436217;-50.666626;22.187500;0.021250;3.932500;209;

436355;-34.666626;22.187500;0.021667;3.932500;206;

436497;-48.000000;22.187500;0.021250;3.932500;203;

436635;-36.000000;22.187500;0.021667;3.932500;208;

436777;-36.000000;22.187500;0.021250;3.932500;205;

436915;-32.000000;22.187500;0.021667;3.932500;206;

437056;-34.666626;22.187500;0.021667;3.931250;209;

437199;-25.333374;22.187500;0.021667;3.932500;206;

437345;-22.666626;22.187500;0.021667;3.932500;204;

437493;-25.333374;22.187500;0.021667;3.930833;203;

437638;-22.666626;22.187500;0.021667;3.930417;208;

437794;-22.666626;22.187500;0.021667;3.930833;207;

437937;-20.000000;22.187500;0.021250;3.927500;205;

438079;-18.666626;22.187500;0.021667;3.927500;207;

438224;-18.666626;22.187500;0.021667;3.927500;209;

438367;-16.000000;22.187500;0.021667;3.927083;210;

438505;-18.666626;22.187500;0.021667;3.927500;206;

438648;-21.333374;22.187500;0.021667;3.927083;206;

438787;-16.000000;22.187500;0.021667;3.927083;208;

438924;-22.666626;22.187500;0.021667;3.927500;207;

439067;-21.333374;22.187500;0.021667;3.927500;210;

439204;-30.666626;22.187500;0.021667;3.927083;207;

439347;-34.666626;22.187500;0.021667;3.927500;203;

439484;-34.666626;22.187500;0.021667;3.927083;205;

439628;-34.666626;22.187500;0.021250;3.927083;206;

439775;-36.000000;22.187500;0.021667;3.927500;204;

439924;-38.666626;22.187500;0.021250;3.927083;209;

440072;-38.666626;22.187500;0.021667;3.927083;206;

440219;-38.666626;22.187500;0.021667;3.927500;207;

440373;-34.666626;22.187500;3.927500;3.927083;206;

440518;-34.666626;22.187500;0.021667;3.927500;205;

440657;-38.666626;22.187500;0.021667;3.927083;204;

440795;-38.666626;22.187500;0.021667;3.927083;204;

440937;-36.000000;22.187500;0.021250;3.927500;206;

441075;-37.333374;22.125000;0.021667;3.927083;208;

441219;-36.000000;22.187500;0.021667;3.927083;207;

441365;-36.000000;22.187500;0.021667;3.927500;205;

441508;-41.333374;22.187500;0.021667;3.927500;206;

441644;-41.333374;22.187500;0.021250;3.927500;206;

441787;-42.666626;22.187500;0.021667;3.927500;205;

441928;-49.333374;22.187500;0.021250;3.927500;207;

442075;-38.666626;22.187500;0.021667;3.927500;207;

442217;-38.666626;22.125000;0.021667;3.927083;205;

442357;-41.333374;22.125000;0.021667;3.927083;206;

442503;-38.666626;22.125000;0.021667;3.927500;204;

442655;-36.000000;22.187500;0.021250;3.927083;209;

442798;-36.000000;22.187500;3.927083;3.927083;205;

442944;-36.000000;22.125000;0.021667;3.927500;208;

443084;-50.666626;22.125000;0.021667;3.927500;206;

443225;-36.000000;22.125000;0.021667;3.927500;205;

443367;-48.000000;22.125000;0.021667;3.927083;203;

443506;-41.333374;22.125000;0.021667;3.927500;208;

443647;-36.000000;22.125000;0.021667;3.927500;206;

443786;-41.333374;22.125000;0.021250;3.927083;206;

443927;-36.000000;22.125000;0.021250;3.927500;204;

444065;-48.000000;22.125000;0.021667;3.927083;206;

444207;-48.000000;22.125000;0.021667;3.927500;204;

444345;-50.666626;22.125000;0.021667;3.927083;205;

444487;-38.666626;22.125000;0.021250;3.927083;207;

444625;-50.666626;22.125000;0.021250;3.927083;209;

444767;-50.666626;22.125000;0.021667;3.927500;206;

444904;-50.666626;22.125000;0.021667;3.927500;206;

445047;-50.666626;22.125000;0.021667;3.927083;206;

445189;-50.666626;22.125000;0.021667;3.927083;207;

445545;-50.666626;22.125000;0.021250;3.925417;208;

445693;-45.333374;22.125000;0.021250;3.924167;208;

445827;-34.666626;22.125000;0.021667;3.923750;210;

445968;-36.000000;22.125000;0.021667;3.923333;210;

446122;-34.666626;22.125000;0.021250;3.922084;206;

446267;-37.333374;22.125000;0.021667;3.922084;204;

446405;-32.000000;22.125000;0.021667;3.922084;205;

446547;-36.000000;22.125000;0.021667;3.922084;205;

446686;-34.666626;22.062500;0.021667;3.922084;205;

446827;-34.666626;22.125000;0.021667;3.922084;208;

446966;-30.666626;22.125000;0.021667;3.922084;207;

447107;-22.666626;22.062500;0.021667;3.922084;207;

447246;-20.000000;22.062500;0.021667;3.922084;209;

447387;-18.666626;22.062500;0.021250;3.922084;208;

447524;-18.666626;22.062500;0.021667;3.922084;208;

447670;-18.666626;22.062500;0.021250;3.922084;207;

447817;-18.666626;22.062500;0.021667;3.922084;205;

447955;-18.666626;22.062500;0.021667;3.922084;207;

448099;-18.666626;22.062500;0.021667;3.922084;207;

448250;-22.666626;22.062500;0.021250;3.922084;207;

448398;-22.666626;22.062500;0.021667;3.921667;208;

448543;-21.333374;22.062500;0.021667;3.922084;209;

448689;-34.666626;22.062500;0.021250;3.922084;205;

448843;-32.000000;22.062500;0.021667;3.922084;204;

448988;-25.333374;22.062500;0.021667;3.922084;208;

449137;-25.333374;22.062500;0.021667;3.922084;209;

449275;-22.666626;22.062500;0.021667;3.922084;207;

449417;-32.000000;22.062500;0.021667;3.922084;208;

449555;-22.666626;22.062500;0.021667;3.922084;208;

449698;-30.666626;22.062500;0.021667;3.922084;207;

449837;-32.000000;22.062500;0.021667;3.922084;206;

449977;-34.666626;22.062500;0.021667;3.922084;208;

450117;-34.666626;22.062500;0.021667;3.922084;206;

450254;-37.333374;22.062500;0.021667;3.922084;210;

450397;-34.666626;22.062500;0.021667;3.922084;209;

450534;-38.666626;22.062500;0.021667;3.922084;206;

450677;-38.666626;22.062500;0.021667;3.922084;205;

450815;-36.000000;22.062500;0.021667;3.922084;208;

450957;-36.000000;22.062500;0.021667;3.921667;209;

451094;-41.333374;22.062500;0.021667;0.021667;206;

451245;-50.666626;22.062500;0.021667;3.922084;207;

451405;-38.666626;22.062500;0.021667;3.921250;207;

451549;-34.666626;22.062500;0.021250;3.920000;208;

451702;-36.000000;22.062500;0.021667;3.917917;207;

451847;-38.666626;22.062500;0.021667;3.916667;207;

451987;-30.666626;22.062500;0.021667;3.916667;205;

452125;-34.666626;22.062500;0.021667;3.917500;205;

452267;-34.666626;22.062500;0.021667;3.916667;208;

452405;-32.000000;22.062500;0.021667;3.916667;205;

452547;-26.666626;22.000000;0.021667;3.916667;208;

452686;-32.000000;22.062500;0.021667;3.916667;203;

452827;-32.000000;22.000000;0.021667;3.916667;205;

452967;-25.333374;22.062500;0.021667;3.916667;205;

453107;-32.000000;22.062500;0.021667;3.916667;205;

453246;-36.000000;22.062500;0.021250;3.916667;207;

453387;-34.666626;22.000000;0.021667;3.916667;206;

453525;-29.333374;22.000000;0.021667;3.916667;204;

453667;-32.000000;22.000000;0.021667;3.916667;207;

453809;-29.333374;22.000000;0.021667;3.916667;209;

453963;-32.000000;22.000000;0.021667;3.916667;205;

454114;-34.666626;22.000000;0.021667;3.916667;206;

454266;-36.000000;22.000000;0.021250;3.916667;206;

454417;-36.000000;22.000000;0.021667;3.916667;205;

454556;-30.666626;22.000000;0.021667;3.916667;209;

454697;-32.000000;22.000000;0.021667;3.916667;208;

454837;-34.666626;22.000000;0.021667;3.916667;205;

454977;-34.666626;22.000000;0.021667;3.916667;206;

455116;-30.666626;22.000000;0.021250;3.916667;206;

455257;-34.666626;22.000000;0.021667;3.916667;207;

455394;-36.000000;22.000000;0.021667;3.916667;209;

455538;-32.000000;22.000000;0.021667;3.916667;208;

455687;-36.000000;22.000000;0.021667;3.916667;206;

455827;-41.333374;22.000000;0.021667;3.916667;207;

455967;-41.333374;22.000000;0.021667;3.916667;204;

456105;-36.000000;22.000000;0.021667;3.916667;206;

456248;-48.000000;22.000000;0.021667;3.916667;204;

456389;-34.666626;22.000000;0.021667;3.916667;207;

456543;-36.000000;22.000000;0.021667;3.916667;206;

456695;-36.000000;22.000000;0.021667;3.916667;205;

456838;-48.000000;22.000000;0.021250;3.916667;206;

456987;-32.000000;22.000000;0.021667;3.916667;206;

457129;-34.666626;22.000000;0.021250;3.915834;204;

457277;-26.666626;22.000000;0.021667;3.916667;208;

457415;-25.333374;22.000000;0.021667;3.916250;209;

457557;-25.333374;22.000000;0.021667;3.915000;208;

457695;-32.000000;22.000000;0.021667;3.914583;210;

457839;-34.666626;21.937500;0.021667;3.914167;204;

457985;-36.000000;22.000000;0.021667;3.912084;206;

458127;-34.666626;22.000000;0.021667;3.911250;203;

458270;-37.333374;22.000000;0.021250;3.911250;207;

458415;-36.000000;22.000000;0.021667;3.911250;207;

458557;-34.666626;22.000000;0.021667;3.911250;209;

458696;-36.000000;22.000000;0.021667;3.911250;206;

458837;-32.000000;22.000000;0.021667;3.911250;206;

458978;-37.333374;22.000000;0.021667;3.911250;204;

459136;-32.000000;22.000000;3.911250;3.911250;209;

459285;-34.666626;22.000000;0.021667;3.911250;206;

459428;-34.666626;22.000000;3.911250;3.911250;211;

459568;-36.000000;21.937500;0.021667;3.911250;206;

459718;-37.333374;21.937500;0.021250;3.911250;209;

459855;-36.000000;21.937500;0.021667;3.911667;207;

459998;-50.666626;21.937500;0.021667;3.911250;204;

460137;-50.666626;21.937500;0.021250;3.911250;208;

460276;-48.000000;21.937500;0.021667;3.911250;209;

460417;-50.666626;22.000000;0.021667;3.911667;207;

460554;-50.666626;22.000000;0.021667;3.911250;205;

460699;-48.000000;21.937500;0.021667;3.911250;207;

460845;-49.333374;21.937500;0.021667;3.911250;208;

460987;-48.000000;21.937500;0.021667;3.911250;204;

461126;-38.666626;21.937500;0.021667;3.911250;209;

461267;-45.333374;21.937500;0.021250;3.911250;205;

461406;-38.666626;21.937500;0.021667;3.911250;203;

461547;-36.000000;21.937500;0.021667;3.911250;208;

461702;-32.000000;21.937500;0.021250;3.911250;207;

461849;-38.666626;21.937500;0.021667;3.911250;209;

461996;-36.000000;21.937500;0.021250;3.911250;208;

462128;-30.666626;21.937500;0.021250;3.911250;207;

462280;-30.666626;21.937500;0.021667;3.911250;207;

462427;-30.666626;21.937500;0.021667;3.911250;205;

462567;-25.333374;21.937500;0.021667;3.911250;207;

462705;-29.333374;21.937500;0.021667;3.911250;208;

462847;-32.000000;21.937500;0.021667;3.911250;203;

462985;-22.666626;21.937500;0.021667;3.911250;210;

463127;-22.666626;21.937500;0.021667;3.911250;209;

463265;-26.666626;21.937500;0.021667;3.911250;208;

463410;-20.000000;21.937500;0.021667;3.911250;208;

463557;-22.666626;21.937500;0.021667;3.911250;204;

463694;-20.000000;21.937500;0.021667;3.911250;206;

463839;-22.666626;21.937500;0.021667;3.911250;205;

463984;-22.666626;21.875000;0.021250;3.911250;204;

464127;-17.333374;21.937500;0.021250;3.911250;206;

464277;-21.333374;21.937500;0.021667;3.911250;205;

464435;-25.333374;21.937500;3.911250;3.911250;205;

464583;-21.333374;21.937500;0.021667;3.911250;207;

464726;-22.666626;21.937500;0.021667;3.911250;207;

464884;-22.666626;21.937500;0.021250;3.911250;211;

465015;-25.333374;21.937500;0.021250;3.911250;203;

465157;-30.666626;21.937500;0.021250;3.910417;206;

465295;-32.000000;21.937500;0.021667;3.909167;207;

465439;-34.666626;21.875000;0.021667;3.909583;207;

465587;-36.000000;21.937500;0.021667;3.908334;204;

465725;-32.000000;21.875000;0.021667;3.907917;208;

465868;-36.000000;21.937500;0.021667;3.906667;203;

466015;-45.333374;21.937500;0.021667;3.907917;205;

466157;-32.000000;21.875000;0.021667;3.905833;209;

466295;-22.666626;21.875000;0.021667;3.906667;210;

466437;-34.666626;21.875000;0.021667;3.905833;207;

466577;-36.000000;21.875000;0.021667;3.905833;205;

466715;-34.666626;21.875000;0.021667;3.905833;204;

466859;-34.666626;21.875000;0.021667;3.905833;203;

467008;-25.333374;21.875000;0.021250;3.905833;206;

467164;-30.666626;21.875000;0.021667;3.905833;204;

467299;-37.333374;21.875000;0.021667;3.905833;206;

467444;-41.333374;21.875000;0.021250;3.905833;211;

467595;-29.333374;21.875000;0.021667;3.905833;206;

467725;-16.000000;21.875000;0.021667;3.905833;207;

467867;-30.666626;21.875000;0.021667;3.905833;208;

468005;-13.333374;21.875000;0.021667;3.905833;209;

468147;-16.000000;21.875000;0.021667;3.905833;206;

468289;-17.333374;21.875000;0.021250;3.905833;205;

468434;-22.666626;21.875000;0.021667;3.906250;205;

468578;-21.333374;21.875000;0.021667;3.906250;207;

468715;-21.333374;21.875000;0.021667;3.905833;207;

468858;-21.333374;21.875000;0.021667;3.906250;205;

468995;-22.666626;21.875000;0.021667;3.905833;206;

469139;-29.333374;21.875000;0.021667;3.905833;205;

469287;-32.000000;21.875000;0.021667;3.905833;207;

469424;-34.666626;21.875000;0.021667;3.905833;203;

469568;-40.000000;21.875000;0.021250;3.906250;208;

469712;-38.666626;21.875000;0.021667;3.905833;208;

469855;-38.666626;21.875000;0.021250;3.906250;207;

469999;-30.666626;21.875000;0.021667;3.905833;206;

470153;-34.666626;21.875000;0.021250;3.906250;205;

470305;-34.666626;21.875000;0.021667;3.906250;207;

470454;-34.666626;21.875000;3.906250;3.905833;208;

470597;-32.000000;21.875000;0.021667;3.905833;208;

470736;-32.000000;21.875000;0.021667;3.905833;208;

470877;-30.666626;21.875000;0.021250;3.905833;210;

471016;-25.333374;21.875000;0.021667;3.905417;208;

471158;-21.333374;21.875000;0.021667;3.905833;208;

471294;-25.333374;21.875000;0.021667;3.905833;207;

471437;-22.666626;21.875000;0.021250;3.902917;207;

471575;-25.333374;21.875000;0.021250;3.902917;207;

471717;-25.333374;21.875000;0.021250;3.901667;207;

471854;-32.000000;21.875000;0.021250;3.901250;206;

471997;-34.666626;21.812500;0.021250;3.900417;207;

472136;-37.333374;21.875000;0.021667;3.901250;207;

472277;-36.000000;21.812500;0.021667;3.900833;207;

472415;-36.000000;21.875000;0.021667;3.900833;203;

472564;-38.666626;21.875000;0.021667;3.900833;207;

472715;-38.666626;21.812500;0.021667;3.900833;206;

472860;-37.333374;21.812500;0.021667;3.900833;207;

473013;-36.000000;21.812500;0.021250;3.900417;204;

473157;-36.000000;21.812500;0.021667;3.900417;208;

473297;-36.000000;21.812500;0.021667;3.900417;209;

473435;-34.666626;21.812500;0.021667;3.900833;208;

473577;-34.666626;21.812500;0.021667;3.900417;210;

473715;-32.000000;21.875000;0.021250;3.900833;205;

473857;-34.666626;21.812500;0.021250;3.900833;209;

473996;-34.666626;21.812500;0.021250;3.900833;206;

474137;-32.000000;21.812500;0.021667;3.900833;205;

474275;-30.666626;21.812500;0.021667;3.900417;209;

474417;-30.666626;21.812500;0.021250;3.900833;208;

474555;-37.333374;21.812500;0.021667;3.900833;205;

474699;-30.666626;21.812500;0.021667;3.900833;204;

474847;-30.666626;21.812500;0.021250;3.900833;206;

474984;-30.666626;21.812500;0.021667;3.900833;207;

475139;-34.666626;21.812500;0.021667;3.900833;208;

475275;-34.666626;21.812500;0.021667;3.900417;208;

475423;-36.000000;21.812500;0.021667;3.900833;203;

475572;-38.666626;21.812500;0.021667;3.900833;206;

475719;-37.333374;21.812500;0.021667;3.900833;208;

475874;-36.000000;21.812500;0.021667;3.900833;207;

476023;-36.000000;21.812500;0.021667;3.900833;206;

476167;-30.666626;21.812500;0.021667;3.900417;207;

476306;-34.666626;21.812500;0.021667;3.899584;207;

476447;-30.666626;21.812500;0.021667;3.899584;207;

476584;-25.333374;21.812500;0.021667;3.897500;204;

476727;-32.000000;21.812500;0.021667;3.896667;205;

476865;-26.666626;21.812500;0.021667;3.897084;205;

477007;-26.666626;21.812500;0.021667;3.895416;205;

477146;-22.666626;21.812500;0.021667;3.895416;208;

477287;-22.666626;21.812500;0.021667;3.895416;206;

477426;-18.666626;21.812500;0.021667;3.895416;204;

477567;-20.000000;21.812500;0.021250;3.895833;205;

477704;-22.666626;21.812500;0.021667;3.895416;205;

477847;-22.666626;21.812500;0.021667;3.895416;207;

477987;-20.000000;21.812500;0.021667;3.895416;207;

478128;-22.666626;21.812500;0.021667;3.895416;207;

478285;-30.666626;21.812500;0.021250;3.895416;203;

478443;-32.000000;21.812500;0.021250;3.895000;205;

478586;-25.333374;21.812500;0.021250;3.895416;204;

478718;-25.333374;21.812500;3.895416;3.895416;204;

478854;-30.666626;21.812500;0.021250;3.895416;204;

478998;-22.666626;21.812500;0.021667;3.895416;208;

479135;-25.333374;21.812500;0.021667;3.895416;208;

479277;-22.666626;21.812500;0.021250;3.895416;207;

479418;-22.666626;21.812500;0.021667;3.895416;205;

479564;-21.333374;21.812500;0.021667;3.895416;207;

479707;-18.666626;21.812500;0.021667;3.895416;203;

479845;-22.666626;21.812500;0.021667;3.895416;209;

479987;-22.666626;21.812500;0.021667;3.895416;208;

480125;-18.666626;21.812500;0.021667;3.895416;205;

480267;-21.333374;21.812500;0.021667;3.895416;206;

480405;-21.333374;21.750000;0.021250;3.895416;207;

480549;-22.666626;21.812500;0.021667;3.895416;206;

480697;-21.333374;21.812500;0.021667;3.895416;205;

480840;-20.000000;21.812500;0.021250;3.895416;206;

480997;-22.666626;21.750000;0.021667;3.895416;210;

481144;-21.333374;21.750000;0.021667;3.895416;207;

481286;-22.666626;21.750000;0.021667;3.895416;206;

481420;-32.000000;21.750000;0.021250;3.895416;210;

481567;-25.333374;21.750000;0.021667;3.895416;208;

481704;-25.333374;21.812500;0.021667;3.895416;207;

481847;-30.666626;21.750000;0.021667;3.895416;205;

481985;-25.333374;21.750000;0.021667;3.895416;206;

482127;-25.333374;21.750000;0.021667;3.895000;208;

482265;-21.333374;21.750000;0.021667;3.895416;208;

482409;-22.666626;21.750000;0.021250;3.893750;209;

482555;-25.333374;21.750000;0.021667;3.890417;206;

482698;-22.666626;21.750000;0.021250;3.890000;208;

482839;-30.666626;21.750000;0.021667;3.890000;209;

482985;-36.000000;21.750000;0.021667;3.890834;209;

483127;-38.666626;21.750000;0.021250;3.890417;206;

483264;-34.666626;21.750000;0.021667;3.890417;206;

483407;-41.333374;21.750000;0.021667;3.890000;205;

483553;-48.000000;21.750000;0.021250;3.890000;210;

483709;-57.333374;21.750000;0.021667;3.890000;206;

483847;-66.666626;21.750000;0.021667;3.890000;208;

483979;-76.000000;21.750000;0.021667;3.890417;206;

484134;-88.000000;21.812500;0.021667;3.890417;203;

484283;-94.666626;21.750000;0.021667;3.890000;207;

484428;-104.000000;21.750000;0.021667;3.890000;206;

484574;-118.666626;21.750000;0.021250;3.890000;209;

484717;-128.000000;21.750000;0.021667;3.890000;207;

484855;-138.666626;21.750000;0.021667;3.890000;206;

484997;-142.666626;21.750000;0.021250;3.890000;208;

485136;-152.000000;21.750000;0.021667;3.890000;207;

485277;-158.666626;21.750000;0.021667;3.890000;209;

485415;-164.000000;21.750000;0.021667;3.890000;207;

485558;-168.000000;21.750000;0.021667;3.890000;208;

485695;-172.000000;21.750000;0.021667;3.890000;209;

485837;-172.000000;21.750000;0.021667;3.890417;207;

485977;-174.666626;21.750000;0.021667;3.890000;208;

486116;-170.666626;21.750000;0.021667;3.890000;208;

486257;-177.333374;21.750000;0.021667;3.890000;207;

486400;-177.333374;21.750000;0.021667;3.890000;208;

486555;-174.666626;21.750000;0.021250;3.890000;207;

486704;-174.666626;21.750000;3.890000;3.890000;206;

486843;-174.666626;21.750000;0.021250;3.890000;206;

486983;-174.666626;21.750000;0.021667;3.890417;208;

487127;-173.333374;21.750000;0.021667;3.890417;207;

487267;-174.666626;21.750000;0.021667;3.890000;206;

487405;-174.666626;21.750000;0.021667;3.890000;208;

487548;-189.333374;21.750000;0.021667;3.890000;209;

487697;-174.666626;21.750000;0.021667;3.890000;209;

487837;-177.333374;21.750000;0.021667;3.890000;207;

487977;-178.666626;21.750000;0.021667;3.890000;208;

488115;-174.666626;21.687500;0.021667;3.886667;207;

488258;-174.666626;21.750000;0.021667;3.890000;208;

488395;-170.666626;21.750000;0.021667;3.890000;207;

488539;-184.000000;21.750000;0.021667;3.887501;207;

488687;-178.666626;21.687500;0.021667;3.889583;208;

488825;-174.666626;21.750000;0.021667;3.886667;209;

488967;-188.000000;21.750000;0.021667;3.885417;207;

489108;-177.333374;21.687500;0.021667;3.885000;207;

489265;-170.666626;21.687500;0.021250;3.885000;207;

489415;-174.666626;21.687500;0.021667;3.884584;206;

489552;-184.000000;21.687500;0.021667;3.885000;207;

489687;-178.666626;21.750000;0.021667;3.885000;207;

489828;-174.666626;21.687500;0.021250;3.885000;209;

489977;-177.333374;21.750000;0.021667;3.885000;210;

490118;-177.333374;21.687500;0.021250;3.885000;205;

490255;-177.333374;21.687500;0.021667;3.884584;208;

490399;-184.000000;21.687500;0.021667;3.885000;207;

490545;-174.666626;21.687500;0.021667;3.884584;205;

490687;-170.666626;21.687500;0.021667;3.884584;204;

490828;-174.666626;21.687500;0.021667;3.885000;208;

490966;-174.666626;21.687500;0.021250;3.885000;208;

491107;-177.333374;21.687500;0.021250;3.884584;207;

491246;-178.666626;21.687500;0.021667;3.885000;208;

491387;-178.666626;21.687500;0.021667;3.885000;205;

491525;-174.666626;21.687500;0.021667;3.885000;209;

491668;-174.666626;21.687500;0.021667;3.884584;209;

491805;-174.666626;21.687500;0.021667;3.884584;211;

491954;-184.000000;21.687500;0.021667;3.885000;208;

492087;-174.666626;21.687500;0.021667;3.884584;205;

492235;-177.333374;21.687500;0.021667;3.884584;207;

492369;-170.666626;21.687500;0.021250;3.884584;209;

492524;-177.333374;21.687500;0.021667;3.885000;208;

492667;-174.666626;21.687500;0.021667;3.884584;205;

492805;-174.666626;21.687500;0.021667;3.884584;205;

492947;-174.666626;21.687500;0.021250;3.885000;207;

493085;-170.666626;21.687500;0.021667;3.884584;206;

493227;-174.666626;21.687500;0.021667;3.884584;208;

493365;-174.666626;21.687500;0.021667;3.884584;204;

493510;-174.666626;21.687500;0.021667;3.885000;208;

493657;-178.666626;21.687500;0.021250;3.885000;207;

493795;-180.000000;21.687500;0.021667;3.884584;208;

493938;-188.000000;21.687500;0.021250;3.884584;204;

494087;-188.000000;21.687500;0.021667;3.884584;206;

494224;-185.333374;21.687500;0.021667;3.885000;208;

494368;-189.333374;21.687500;0.021667;3.885000;209;

494505;-188.000000;21.687500;0.021250;3.885000;207;

494647;-190.666626;21.687500;0.021667;3.885000;208;

494783;-177.333374;21.687500;0.021667;3.885000;209;

494933;-188.000000;21.687500;0.021667;3.884584;206;

495081;-184.000000;21.687500;0.021667;3.885000;208;

495234;-190.666626;21.687500;3.885000;3.885000;206;

495383;-188.000000;21.687500;0.021667;3.884584;208;

495529;-184.000000;21.687500;0.021667;3.885000;209;

495677;-188.000000;21.687500;0.021250;3.884584;205;

495815;-188.000000;21.687500;0.021667;3.885000;206;

495958;-189.333374;21.687500;0.021667;3.884584;210;

496105;-190.666626;21.687500;0.021667;3.884584;206;

496247;-188.000000;21.687500;0.021667;3.885000;206;

496386;-178.666626;21.687500;0.021667;3.885000;206;

496527;-180.000000;21.687500;0.021667;3.884167;209;

496666;-184.000000;21.687500;0.021667;3.882917;207;

496807;-188.000000;21.687500;0.021667;3.881667;207;

496945;-184.000000;21.625000;0.021667;3.881250;206;

497087;-174.666626;21.625000;0.021667;3.881667;208;

497228;-170.666626;21.687500;0.021667;3.879584;207;

497365;-174.666626;21.687500;0.021667;3.879584;209;

497508;-164.000000;21.687500;0.021667;3.879584;205;

497655;-170.666626;21.625000;0.021667;3.879584;209;

497798;-164.000000;21.625000;0.021667;3.879584;210;

497954;-164.000000;21.625000;3.879167;3.879584;209;

498085;-170.666626;21.625000;0.021667;3.879584;209;

498227;-169.333374;21.687500;0.021667;3.879584;209;

498365;-178.666626;21.625000;0.021667;3.879584;209;

498508;-189.333374;21.625000;0.021667;3.879584;208;

498645;-184.000000;21.625000;0.021667;3.879584;208;

498787;-174.666626;21.625000;0.021667;3.879584;208;

498925;-174.666626;21.625000;0.021667;3.879584;209;

499067;-177.333374;21.625000;0.021667;3.879584;210;

499205;-185.333374;21.625000;0.021667;3.879584;207;

499348;-189.333374;21.625000;0.021667;3.879584;205;

499485;-184.000000;21.625000;0.021667;3.879584;207;

499629;-188.000000;21.625000;0.021667;3.879167;208;

499778;-189.333374;21.625000;0.021667;3.879584;207;

499915;-190.666626;21.625000;0.021667;3.879584;206;

500063;-184.000000;21.625000;0.021667;3.879584;210;

500209;-177.333374;21.625000;0.021667;3.879584;206;

500364;-189.333374;21.625000;0.021250;3.879584;209;

500518;-184.000000;21.625000;0.021667;3.879584;203;

500668;-188.000000;21.625000;0.021667;3.879584;205;

500808;-177.333374;21.625000;0.021667;3.879584;206;

500946;-177.333374;21.625000;0.021667;3.879584;208;

501087;-177.333374;21.625000;0.021667;3.879167;206;

501224;-174.666626;21.625000;0.021667;3.879584;206;

501367;-177.333374;21.625000;0.021667;3.879584;206;

501505;-178.666626;21.625000;0.021667;3.879584;207;

501649;-172.000000;21.625000;0.021250;3.879167;209;

501794;-164.000000;21.625000;0.021250;3.879584;206;

501938;-164.000000;21.625000;0.021667;3.879584;207;

502078;-169.333374;21.625000;0.021667;3.879584;209;

502225;-164.000000;21.625000;0.021667;3.879584;208;

502369;-158.666626;21.625000;0.021250;3.877500;209;

502517;-161.333374;21.625000;0.021667;3.879584;209;

502659;-154.666626;21.625000;0.021667;3.879584;206;

502813;-144.000000;21.625000;0.021667;3.877917;209;

502963;-134.666626;21.625000;0.021667;3.876667;210;

503102;-136.000000;21.625000;0.021667;3.876250;210;

503237;-110.666626;21.625000;0.021667;3.875417;205;

503378;-104.000000;21.625000;0.021667;3.875000;208;

503517;-92.000000;21.625000;0.021250;3.875000;209;

503655;-89.333374;21.625000;0.021250;3.874583;209;

503797;-101.333374;21.625000;0.021667;3.874167;206;

503937;-104.000000;21.625000;0.021250;3.874583;208;

504077;-77.333374;21.625000;0.021667;3.874167;204;

504216;-88.000000;21.625000;0.021667;3.874167;205;

504357;-60.000000;21.625000;0.021250;3.874167;208;

504496;-53.333374;21.625000;0.021667;3.874167;209;

504637;-26.666626;21.625000;0.021667;3.874167;204;

504775;-4.000000;21.625000;0.041667;3.874583;198;

504918;28.000000;21.625000;0.153333;3.884584;188;

505067;49.333252;21.625000;0.084167;3.877500;180;

505205;65.333252;21.625000;0.194167;3.895416;166;

505349;68.000000;21.625000;0.145000;3.874583;153;

505498;85.333252;21.625000;0.155000;3.889167;144;

505649;97.333252;21.625000;0.112500;3.875417;135;

505804;106.666748;21.625000;0.175417;3.887084;124;

505958;121.333252;21.625000;0.201250;3.896250;111;

506108;124.000000;21.625000;0.074583;3.890834;106;

506244;129.333252;21.625000;0.143333;3.878333;94;

506390;138.666748;21.562500;0.336250;4.042083;90;

506537;142.666748;21.625000;0.321250;3.997500;94;

506674;140.000000;21.625000;0.155417;3.874583;96;

506818;142.666748;21.625000;0.060833;3.874167;99;

506955;142.666748;21.625000;0.021667;3.874167;107;

507097;140.000000;21.625000;0.031250;3.873750;117;

507235;142.666748;21.562500;0.067083;3.879584;125;

507379;142.666748;21.625000;0.110833;3.874167;136;

507527;142.666748;21.625000;0.078750;3.883750;143;

507664;140.000000;21.625000;0.165833;3.877500;154;

507809;142.666748;21.562500;0.079167;3.875834;163;

507955;138.666748;21.625000;0.150417;3.876667;176;

508097;136.000000;21.562500;0.135000;0.148333;187;

508234;130.666748;21.625000;3.878333;3.875000;196;

508384;133.333252;21.625000;0.188333;3.947917;201;

508536;124.000000;21.562500;0.375000;3.861667;205;

508696;121.333252;21.562500;3.794167;3.785833;211;

508832;124.000000;21.562500;1.012083;3.752084;204;

508977;146.666748;21.625000;1.019583;3.746250;202;

509119;166.666748;21.562500;0.899583;3.674583;193;

509265;190.666748;21.625000;0.951250;3.657917;184;

509407;210.666748;21.562500;1.024167;3.652917;177;

509545;236.000000;21.562500;1.101250;3.652500;166;

509687;270.666748;21.625000;1.135417;3.645000;158;

509827;317.333252;21.562500;1.189583;3.636667;145;

509966;372.000000;21.562500;1.215417;3.632917;136;

510107;393.333252;21.562500;1.258333;3.634167;129;

510246;429.333252;21.562500;1.245833;3.631250;117;

510389;514.666748;21.562500;1.263333;3.631250;109;

510535;593.333252;21.562500;1.083333;3.631250;102;

510679;669.333496;21.562500;0.986250;3.632083;90;

510844;773.333252;21.625000;3.989584;3.770833;93;

510995;737.333252;21.562500;0.752500;3.642500;93;

511139;718.666748;21.562500;0.642500;3.637500;94;

511287;324.000000;21.562500;0.594167;3.645833;94;

511427;166.666748;21.562500;0.502917;3.636667;91;

511568;157.333252;21.562500;0.381667;3.636250;93;

511707;161.333252;21.562500;0.227083;3.636667;96;

511844;157.333252;21.562500;0.100833;3.636250;92;

511989;161.333252;21.562500;0.033333;3.637083;90;

512137;153.333252;21.562500;0.021250;3.637500;96;

512274;154.666748;21.562500;0.021250;3.655833;93;

512418;153.333252;21.562500;0.052917;3.641667;105;

512565;154.666748;21.562500;0.065417;3.641667;112;

512707;156.000000;21.562500;0.056250;3.643750;123;

512845;150.666748;21.625000;0.123333;3.653750;129;

512987;150.666748;21.562500;0.088333;3.651667;140;

513127;148.000000;21.562500;0.064167;3.649584;150;

513265;146.666748;21.562500;0.058333;3.645417;160;

513407;142.666748;21.562500;0.130833;3.642500;170;

513546;138.666748;21.562500;0.125833;0.127917;182;

513688;136.000000;21.562500;0.054583;3.645000;192;

513845;130.666748;21.562500;3.648334;3.646250;202;

514000;124.000000;21.562500;0.136667;3.709584;213;

514138;112.000000;21.562500;3.664583;3.726250;214;

514279;113.333252;21.562500;0.679583;3.662917;227;

514427;97.333252;21.562500;0.750417;3.615417;225;

514577;105.333252;21.562500;0.835417;3.571667;226;

514717;148.000000;21.562500;0.876250;3.490000;212;

514856;190.666748;21.562500;0.918750;3.448334;209;

514997;226.666748;21.562500;0.974583;3.441251;203;

515141;270.666748;21.562500;1.060417;3.433750;189;

515287;284.000000;21.562500;1.151250;3.445000;181;

515425;318.666748;21.562500;1.154167;3.431667;172;

515568;370.666748;21.562500;1.191250;3.421250;168;

515717;413.333252;21.562500;1.258333;3.416667;159;

515854;425.333252;21.562500;1.269583;3.424584;148;

515998;366.666748;21.562500;1.242917;3.415000;138;

516145;322.666748;21.562500;1.167500;3.419584;129;

516297;254.666748;21.562500;0.960417;3.426666;120;

516455;173.333252;21.562500;0.893750;3.422084;111;

516600;154.666748;21.562500;0.792083;3.437083;100;

516740;157.333252;21.562500;0.730417;3.430834;91;

516877;153.333252;21.562500;0.651250;0.668750;89;

517018;158.666748;21.562500;0.727500;3.465834;89;

517167;157.333252;21.562500;0.641667;3.482917;93;

517307;153.333252;21.562500;0.550417;3.587084;96;

517444;150.666748;21.562500;0.196250;3.429167;94;

517587;153.333252;21.562500;0.077500;3.426666;93;

517725;154.666748;21.562500;0.085417;3.434583;96;

517868;150.666748;21.562500;0.050417;3.426250;97;

518005;148.000000;21.562500;0.063333;3.426250;104;

518149;153.333252;21.562500;0.038333;0.077083;111;

518284;153.333252;21.625000;0.087917;3.432083;120;

518429;148.000000;21.562500;0.057083;3.427083;132;

518564;150.666748;21.562500;0.132500;3.431250;142;

518707;148.000000;21.562500;0.127500;3.437500;148;

518845;148.000000;21.562500;0.065417;3.431667;162;

518987;148.000000;21.562500;0.115833;3.432083;173;

519124;140.000000;21.562500;0.060000;3.433334;179;

519277;142.666748;21.562500;0.089167;3.431250;190;

519423;140.000000;21.562500;0.106667;3.431667;202;

519573;132.000000;21.562500;0.177083;3.442917;211;

519724;136.000000;21.562500;3.468333;3.463333;219;

519867;128.000000;21.562500;0.312500;3.291250;221;

520007;117.333252;21.562500;0.840000;3.401667;219;

520145;117.333252;21.625000;0.805000;3.375834;221;

520287;124.000000;21.562500;0.927083;3.279584;216;

520426;146.666748;21.562500;0.853750;3.240834;211;

520567;181.333252;21.625000;0.928333;3.236250;197;

520704;190.666748;21.562500;1.013333;3.230833;192;

520847;206.666748;21.625000;1.095000;3.222500;181;

520984;237.333252;21.625000;1.134167;3.218750;170;

521128;272.000000;21.625000;1.185417;3.217083;161;

521278;324.000000;21.562500;1.212917;3.208750;150;

521414;352.000000;21.562500;1.228333;3.208750;144;

521559;349.333252;21.625000;1.254583;3.208750;128;

521704;338.666748;21.562500;1.180000;3.209167;118;

521854;340.000000;21.625000;1.022083;3.209167;110;

522004;340.000000;21.625000;0.920833;3.222083;101;

522148;213.333252;21.562500;0.848750;3.215417;91;

522304;169.333252;21.625000;0.875417;3.262084;92;

522448;154.666748;21.625000;0.816250;3.396667;93;

522585;157.333252;21.625000;0.679167;3.281667;96;

522727;154.666748;21.562500;0.522917;3.222500;96;

522867;150.666748;21.625000;0.367500;3.220417;92;

523006;154.666748;21.625000;0.239583;3.220417;95;

523147;153.333252;21.625000;0.140000;3.220000;94;

523286;153.333252;21.625000;0.046250;3.220000;95;

523427;153.333252;21.625000;0.021667;3.220000;95;

523567;150.666748;21.625000;0.029167;3.220000;100;

523707;154.666748;21.625000;0.065000;3.226667;107;

523845;150.666748;21.625000;0.103750;3.225417;118;

523988;154.666748;21.625000;0.093750;3.225834;126;

524135;153.333252;21.625000;0.113333;3.230000;135;

524279;150.666748;21.625000;0.051250;3.226250;145;

524419;148.000000;21.625000;0.052500;3.225417;158;

524574;150.666748;21.625000;0.062083;3.225417;168;

524724;148.000000;21.625000;0.082500;3.225417;180;

