Time;Load cell reading [N];Temperature [C];Pressure sensor 1 [bar];Pressure sensor 2 [bar];Distance [mm];

1497;-2000.000000;19.875000;0.021250;3.842084;204;

1645;-2000.000000;19.875000;0.021250;3.842084;206;

1782;-2000.000000;19.875000;0.021667;3.842084;203;

1925;-2000.000000;19.875000;0.021667;3.842084;203;

2062;-2000.000000;19.875000;0.021667;3.842084;206;

2205;-2000.000000;19.875000;0.021250;3.842084;201;

2342;-2000.000000;19.875000;0.021250;3.841667;203;

2485;-2000.000000;19.875000;0.021667;3.842084;208;

2625;-2000.000000;19.875000;0.021667;3.842084;204;

2762;-2000.000000;19.875000;0.021250;3.841667;202;

2905;-2000.000000;19.875000;0.021250;3.842084;205;

3042;-2000.000000;19.875000;0.021667;3.841667;205;

3185;-2000.000000;19.875000;0.021250;3.841667;201;

3322;-2000.000000;19.875000;0.021667;3.836667;205;

3465;-2000.000000;19.875000;0.021250;3.836667;202;

3602;-2000.000000;19.875000;0.021250;3.836667;204;

3745;-2000.000000;19.875000;0.021250;3.836667;201;

3899;-2000.000000;19.875000;0.021667;3.836667;206;

4080;-2000.000000;19.875000;0.021667;3.836667;202;

4228;-2000.000000;19.875000;0.021250;3.836667;206;

4375;-2000.000000;19.875000;0.021250;3.836667;205;

4513;-2000.000000;19.875000;0.021250;3.836667;202;

4655;-2000.000000;19.875000;0.021667;3.836667;204;

4793;-2000.000000;19.875000;0.021667;3.837084;204;

4935;-2000.000000;19.812500;0.021667;3.836667;206;

5072;-2000.000000;19.875000;0.021250;3.836667;204;

5216;-2000.000000;19.875000;0.021667;3.836667;206;

5379;-2000.000000;19.875000;0.021667;3.836667;203;

5518;-2000.000000;19.875000;0.021250;3.836667;203;

5665;-2000.000000;19.812500;0.021667;3.832917;200;

5806;-2000.000000;19.812500;0.021667;3.832083;205;

5970;-2000.000000;19.875000;0.021667;3.831667;205;

6137;-2000.000000;19.812500;0.021667;3.836667;206;

6342;-22.666626;19.875000;0.021667;3.836667;205;

6498;-22.666626;19.812500;0.021250;3.836250;211;

6645;-22.666626;19.875000;0.021250;3.834583;204;

6792;-22.666626;19.812500;0.021250;3.834583;206;

6935;-21.333374;19.812500;0.021667;3.831667;202;

7075;-29.333374;19.812500;0.021250;3.831250;202;

7246;-21.333374;19.812500;0.021667;3.831667;202;

7398;-26.666626;19.812500;0.021667;3.831667;204;

7543;-29.333374;19.812500;0.021667;3.831667;205;

7686;-25.333374;19.812500;0.021250;3.831667;204;

7840;-25.333374;19.812500;0.021667;3.831250;205;

7978;-22.666626;19.812500;0.021250;3.831250;202;

8125;-25.333374;19.812500;0.021667;3.831667;208;

8265;-25.333374;19.812500;0.021667;3.831667;201;

8428;-22.666626;19.812500;0.021667;3.831667;203;

8599;-30.666626;19.812500;0.021667;3.831667;202;

8773;-21.333374;19.812500;0.021667;3.831667;208;

8925;-22.666626;19.812500;0.021667;3.831667;204;

9076;-22.666626;19.812500;0.021667;3.831667;206;

9215;-22.666626;19.812500;0.021250;3.831250;208;

9355;-21.333374;19.812500;0.021667;3.831250;202;

9492;-22.666626;19.812500;0.021667;3.831667;205;

9658;-25.333374;19.812500;0.021667;3.831250;202;

9805;-22.666626;19.812500;0.021667;3.831667;203;

9956;-30.666626;19.812500;0.021667;3.831250;203;

10092;-29.333374;19.812500;0.021250;3.831667;205;

10250;-22.666626;19.812500;0.021667;3.831667;206;

10395;-22.666626;19.812500;0.021667;3.831250;205;

10535;-20.000000;19.812500;0.021250;3.831250;207;

10672;-18.666626;19.812500;0.021250;3.834167;201;

10824;-13.333374;19.812500;0.052083;3.830417;187;

10965;-17.333374;19.812500;0.085833;3.828750;182;

11117;-16.000000;19.812500;0.123333;3.852917;171;

11294;-16.000000;19.812500;0.176667;3.843333;156;

11460;-18.666626;19.812500;0.212917;3.851250;146;

11602;-16.000000;19.812500;0.134167;3.908334;137;

11745;-16.000000;19.812500;0.172917;3.832917;128;

11888;-18.666626;19.812500;0.125000;3.836667;117;

12045;-17.333374;19.812500;0.225833;3.831250;111;

12186;-17.333374;19.812500;0.175417;3.842084;98;

12325;-16.000000;19.812500;0.084583;3.837917;91;

12463;-8.000000;19.812500;0.325833;3.906667;94;

12616;-17.333374;19.812500;0.640417;3.982083;97;

12752;-16.000000;19.812500;0.135000;3.827917;104;

12895;-13.333374;19.812500;0.110000;3.844584;114;

13033;-21.333374;19.812500;0.102917;3.839167;126;

13189;-18.666626;19.812500;0.127083;3.826250;134;

13343;-17.333374;19.812500;0.112917;3.826250;146;

13518;-21.333374;19.812500;0.067917;3.835834;158;

13703;-20.000000;19.812500;0.143333;3.868750;173;

13858;-48.000000;19.812500;0.157917;3.826250;180;

14005;-32.000000;19.812500;0.092083;3.827500;190;

14142;-29.333374;19.812500;0.130000;3.824167;200;

14285;-34.666626;19.812500;0.101250;3.843333;200;

14423;-25.333374;19.812500;0.131667;3.842084;198;

14566;-30.666626;19.812500;0.131250;3.831667;199;

14715;-30.666626;19.812500;0.094583;3.833334;196;

14852;-30.666626;19.812500;0.035417;3.821667;198;

14993;-29.333374;19.812500;0.024583;3.820833;200;

15133;-30.666626;19.812500;0.021667;3.820833;201;

15275;-29.333374;19.812500;0.021667;3.820833;198;

15413;-30.666626;19.812500;0.022083;3.820833;198;

15556;-30.666626;19.812500;0.022083;3.825417;198;

15739;-22.666626;19.812500;0.022083;3.824584;199;

15922;-26.666626;19.812500;0.022083;3.820833;195;

16088;-30.666626;19.812500;0.021667;3.820833;198;

16246;-30.666626;19.750000;0.021667;3.820833;197;

16395;-32.000000;19.812500;0.021667;3.820833;198;

16535;-32.000000;19.812500;0.063750;3.820833;189;

16672;-22.666626;19.812500;0.032083;3.821250;182;

16813;-21.333374;19.750000;3.820833;3.821250;173;

16957;-18.666626;19.812500;0.068333;3.821250;158;

17105;-21.333374;19.812500;0.172500;3.827500;151;

17242;-18.666626;19.812500;0.247917;3.825000;138;

17388;-17.333374;19.812500;0.164583;3.825000;132;

17549;-17.333374;19.812500;0.163333;3.820833;119;

17685;-17.333374;19.750000;0.158333;3.837084;111;

17825;-18.666626;19.812500;0.195417;3.839583;102;

17963;-17.333374;19.812500;0.176250;3.829167;91;

18142;-16.000000;19.812500;0.615000;4.062917;96;

18336;-17.333374;19.812500;0.503750;3.933750;99;

18489;-21.333374;19.812500;0.080000;3.821667;109;

18632;-17.333374;19.812500;0.070417;3.820000;115;

18775;-22.666626;19.750000;0.106667;3.816667;126;

18912;-32.000000;19.750000;0.090833;3.818750;136;

19056;-25.333374;19.750000;0.123333;3.819167;146;

19193;-22.666626;19.750000;0.149583;3.815833;153;

19335;-22.666626;19.812500;0.106250;3.815833;168;

19472;-32.000000;19.812500;0.067083;3.815417;175;

19634;-36.000000;19.812500;0.050417;3.815833;188;

19778;-30.666626;19.812500;0.048333;3.822083;193;

19925;-34.666626;19.812500;0.112500;3.825417;205;

20062;-40.000000;19.812500;0.080417;3.815833;219;

20218;-48.000000;19.812500;0.263750;3.862083;224;

20365;-38.666626;19.812500;0.346250;3.705833;230;

20515;-50.666626;19.812500;0.745833;3.808333;234;

20691;-53.333374;19.750000;0.366250;3.667500;230;

20858;-36.000000;19.750000;0.139167;3.662917;230;

21005;-30.666626;19.750000;0.063750;3.662917;227;

21145;-25.333374;19.750000;0.050833;3.666250;224;

21283;-25.333374;19.750000;0.044583;3.668750;209;

21425;-21.333374;19.750000;0.030833;3.668334;204;

21562;-22.666626;19.812500;0.040833;3.668334;191;

21705;-17.333374;19.812500;0.134583;3.672917;180;

21845;-16.000000;19.812500;0.089167;3.668750;171;

21985;-16.000000;19.750000;0.145000;3.678333;162;

22123;-13.333374;19.812500;0.102500;3.669167;152;

22265;-17.333374;19.812500;0.144583;3.690417;141;

22402;-16.000000;19.750000;0.141667;3.694167;135;

22548;-16.000000;19.750000;0.091250;3.673750;124;

22695;-16.000000;19.750000;3.675833;3.674167;113;

22841;-17.333374;19.812500;0.094167;3.673750;106;

23020;-16.000000;19.812500;0.172083;0.111667;90;

23178;-17.333374;19.750000;0.705417;3.930833;96;

23330;-17.333374;19.750000;0.446667;3.803333;95;

23465;-20.000000;19.812500;0.313333;3.732084;97;

23606;-16.000000;19.812500;0.332083;3.871667;101;

23745;-16.000000;19.812500;0.372083;3.702500;103;

23900;-13.333374;19.812500;0.272917;3.704167;108;

24045;-17.333374;19.812500;0.273333;3.737917;107;

24185;-20.000000;19.812500;0.182083;3.738333;115;

24325;-30.666626;19.812500;0.159167;3.727917;117;

24471;-26.666626;19.812500;0.035833;3.673750;123;

24616;-26.666626;19.812500;0.048333;3.673333;131;

24753;-25.333374;19.812500;0.066250;3.691250;138;

24896;-22.666626;19.812500;0.094583;3.673750;154;

25059;-30.666626;19.812500;0.094167;3.676250;164;

25232;-49.333374;19.812500;0.056250;3.674583;178;

25420;-38.666626;19.812500;0.105000;3.675833;186;

25568;-38.666626;19.812500;0.083333;0.047917;202;

25715;-48.000000;19.812500;0.094583;3.673750;207;

25856;-50.666626;19.812500;0.035000;3.673750;221;

25995;-49.333374;19.812500;0.493333;3.702500;224;

26132;-38.666626;19.812500;0.117083;3.680834;224;

26275;-48.000000;19.812500;0.098333;3.675417;222;

26413;-37.333374;19.812500;0.063750;3.690834;223;

26555;-49.333374;19.812500;0.034583;3.673333;219;

26692;-41.333374;19.812500;0.026667;3.673750;218;

26843;-36.000000;19.812500;0.021250;3.679167;221;

26982;-38.666626;19.812500;0.021250;3.673750;222;

27128;-38.666626;19.812500;0.021250;3.673750;222;

27275;-41.333374;19.812500;0.021250;3.673750;223;

27424;-38.666626;19.812500;0.021250;3.673750;225;

27611;-36.000000;19.812500;0.021250;3.679167;225;

27780;-36.000000;19.812500;0.021250;3.679167;221;

27925;-37.333374;19.812500;0.021250;3.679167;222;

28064;-49.333374;19.812500;3.673750;3.673750;219;

28205;-36.000000;19.812500;0.021667;3.673750;219;

28345;-36.000000;19.812500;0.021667;3.679167;223;

28482;-38.666626;19.812500;0.021667;3.678750;223;

28625;-36.000000;19.812500;0.021250;3.679167;222;

28762;-49.333374;19.812500;0.021250;3.673750;224;

28908;-38.666626;19.812500;0.021250;3.673750;221;

29055;-36.000000;19.812500;0.021667;3.673750;219;

29193;-38.666626;19.812500;0.021250;3.673750;224;

29350;-38.666626;19.812500;0.021250;3.673750;225;

29496;-36.000000;19.812500;0.021667;3.673750;222;

29642;-42.666626;19.812500;0.021667;3.673750;222;

29810;-50.666626;19.812500;0.021667;3.673750;221;

29984;-40.000000;19.812500;0.021667;3.673750;223;

30172;-36.000000;19.875000;0.021667;3.673750;223;

30305;-38.666626;19.812500;0.021667;3.673750;224;

30445;-36.000000;19.812500;0.021667;3.673750;222;

30592;-36.000000;19.875000;0.021667;3.673750;223;

30752;-36.000000;19.812500;0.021667;3.673750;221;

30895;-38.666626;19.875000;0.021250;3.674583;222;

31032;-36.000000;19.812500;0.021667;3.673750;222;

31178;-38.666626;19.875000;0.021667;3.673750;224;

31327;-38.666626;19.875000;0.021667;3.674583;223;

31474;-41.333374;19.875000;0.021667;3.673750;221;

31625;-38.666626;19.875000;0.021667;3.674167;219;

31768;-38.666626;19.875000;0.021667;3.674583;225;

31912;-36.000000;19.875000;0.021667;3.673750;222;

32064;-38.666626;19.812500;0.021250;3.673750;220;

32205;-36.000000;19.875000;0.021667;3.674583;225;

32364;-36.000000;19.875000;0.021250;3.673750;221;

32563;-40.000000;19.875000;0.021667;3.673750;222;

32745;-48.000000;19.875000;0.021667;3.674167;220;

32895;-37.333374;19.875000;0.021250;3.674167;226;

33035;-37.333374;19.875000;0.021667;3.673750;222;

33173;-41.333374;19.875000;0.021250;3.674583;222;

33330;-50.666626;19.875000;0.021667;3.673333;220;

33475;-41.333374;19.875000;0.021667;3.674583;222;

33625;-49.333374;19.875000;0.021250;3.676250;222;

33763;-36.000000;19.875000;0.021667;3.673750;223;

33922;-36.000000;19.875000;0.021667;3.673750;224;

34066;-38.666626;19.875000;0.021250;3.673750;222;

34212;-40.000000;19.875000;0.021667;3.673750;221;

34355;-41.333374;19.875000;0.021667;3.673750;222;

34503;-37.333374;19.875000;0.021667;3.673750;222;

34649;-38.666626;19.875000;0.021667;3.673750;220;

34829;-48.000000;19.875000;0.021667;3.673750;221;

34999;-36.000000;19.875000;0.021667;3.673333;218;

35148;-48.000000;19.937500;0.021667;3.673750;226;

