Time;Load cell reading [N];Temperature [C];Pressure sensor 1 [bar];Pressure sensor 2 [bar];Distance [mm];

987655;-70.666626;23.312500;0.021250;3.943334;103;

987800;-62.666626;23.312500;0.021667;3.943334;103;

987948;-58.666626;23.312500;0.021667;3.943334;105;

988088;-64.000000;23.312500;0.021250;3.943334;106;

988225;-60.000000;23.312500;0.021667;3.943334;101;

988368;-57.333374;23.312500;0.021667;3.943334;106;

988505;-58.666626;23.312500;0.021667;3.943334;105;

988648;-58.666626;23.312500;0.021667;3.943334;105;

988785;-58.666626;23.312500;0.021667;3.941667;107;

988928;-57.333374;23.312500;0.021667;3.940417;105;

989065;-48.000000;23.312500;0.021667;3.938334;104;

989208;-57.333374;23.312500;0.021250;3.937917;104;

989345;-53.333374;23.312500;0.021667;3.937917;106;

989488;-50.666626;23.312500;0.021667;3.937917;104;

989625;-57.333374;23.312500;0.021667;3.937917;104;

989768;-53.333374;23.312500;0.021667;3.937917;107;

989905;-49.333374;23.312500;0.021667;3.937917;101;

990048;-53.333374;23.312500;0.021250;3.937917;105;

990189;-50.666626;23.312500;0.021667;0.021667;104;

990344;-50.666626;23.312500;0.021667;3.937917;104;

990496;-53.333374;23.312500;0.021667;3.937917;104;

990647;-56.000000;23.312500;0.021250;3.937917;105;

990778;-53.333374;23.312500;3.937917;3.937917;105;

990918;-57.333374;23.312500;0.021667;3.937917;108;

991055;-50.666626;23.312500;0.021667;3.937917;106;

991199;-50.666626;23.312500;0.021667;3.937917;106;

991332;-58.666626;23.312500;0.021667;3.937917;104;

991478;-57.333374;23.312500;0.021667;3.937917;103;

991615;-53.333374;23.312500;0.021667;3.937917;104;

991758;-57.333374;23.312500;0.021667;3.937917;107;

991896;-50.666626;23.312500;0.021667;3.937917;103;

992038;-56.000000;23.312500;0.021667;3.937917;107;

992180;-57.333374;23.312500;0.021667;3.938334;104;

992325;-50.666626;23.312500;0.021667;3.937917;104;

992468;-57.333374;23.312500;0.021250;3.937917;105;

992607;-57.333374;23.250000;0.021667;3.938334;106;

992748;-50.666626;23.250000;0.021667;3.937917;103;

992891;-58.666626;23.312500;0.021667;3.937917;105;

993037;-56.000000;23.250000;3.937917;3.937917;105;

993170;-50.666626;23.250000;0.021667;3.937917;104;

993325;-53.333374;23.250000;0.021250;3.937917;103;

993469;-57.333374;23.250000;0.021250;3.937917;107;

993608;-50.666626;23.312500;0.021667;3.938334;105;

993745;-53.333374;23.250000;0.021667;3.937917;105;

993888;-50.666626;23.250000;0.021667;3.937917;107;

994025;-53.333374;23.250000;0.021667;3.937917;106;

994168;-58.666626;23.312500;0.021667;3.937917;106;

994305;-50.666626;23.312500;0.021667;3.937917;104;

994449;-50.666626;23.250000;0.021667;3.937917;105;

994585;-57.333374;23.250000;0.021250;3.937917;106;

994730;-50.666626;23.250000;0.021667;3.937917;102;

994875;-53.333374;23.250000;0.021667;3.935833;103;

995018;-53.333374;23.250000;0.021667;3.934167;103;

995155;-41.333374;23.250000;0.021250;3.932917;105;

995298;-53.333374;23.250000;0.021667;3.933334;105;

995438;-50.666626;23.250000;0.021667;3.933750;105;

995576;-50.666626;23.250000;0.021667;3.932917;104;

995715;-50.666626;23.250000;0.021667;3.932500;102;

995866;-48.000000;23.250000;0.021250;3.932917;104;

996028;-50.666626;23.250000;0.021667;3.933334;105;

996174;-53.333374;23.250000;0.021667;3.932500;105;

996318;-53.333374;23.250000;0.021667;3.932917;106;

996456;-50.666626;23.250000;0.021667;3.932917;105;

996598;-57.333374;23.250000;0.021250;3.932500;106;

996735;-50.666626;23.250000;0.021667;3.932500;105;

996878;-50.666626;23.250000;0.021667;3.932917;105;

997015;-58.666626;23.250000;0.021667;3.934584;105;

997158;-57.333374;23.250000;0.021667;3.937917;106;

997295;-53.333374;23.250000;0.021667;3.932500;103;

997438;-62.666626;23.250000;0.021667;3.932917;105;

997577;-58.666626;23.250000;0.021667;3.932500;104;

997718;-58.666626;23.250000;0.021667;3.935000;106;

997855;-66.666626;23.250000;0.021667;3.932500;106;

997998;-64.000000;23.250000;0.021667;3.932500;103;

998135;-60.000000;23.250000;0.021667;3.932500;104;

998280;-56.000000;23.250000;0.021667;3.932500;109;

998435;-53.333374;23.250000;0.021667;3.932500;104;

998579;-53.333374;23.250000;0.021667;3.932500;107;

998736;-50.666626;23.250000;0.021250;3.932500;105;

998890;-50.666626;23.250000;0.021667;3.932917;105;

999038;-40.000000;23.250000;0.021667;3.932500;106;

999178;-48.000000;23.250000;0.021250;3.932500;105;

999315;-38.666626;23.250000;0.021667;3.932500;104;

999458;-36.000000;23.250000;0.021667;3.932500;104;

999596;-38.666626;23.250000;0.021667;3.932500;104;

999738;-30.666626;23.250000;0.021667;3.932500;104;

999875;-38.666626;23.250000;0.021667;3.932500;105;

1000018;-36.000000;23.250000;0.021667;3.932500;105;

1000155;-30.666626;23.250000;0.021667;3.932917;105;

1000300;-36.000000;23.250000;0.021667;3.932500;104;

1000448;-36.000000;23.250000;0.021667;3.932917;101;

1000585;-34.666626;23.250000;0.021667;3.932500;106;

1000730;-48.000000;23.250000;0.021667;3.932500;106;

1000875;-45.333374;23.250000;0.021667;3.930833;105;

1001024;-38.666626;23.187500;0.021667;3.930833;107;

1001164;-41.333374;23.250000;0.021667;3.932500;108;

1001315;-50.666626;23.250000;0.021667;3.927083;105;

1001458;-49.333374;23.250000;0.021667;3.932500;105;

1001592;-57.333374;23.250000;0.021250;3.932500;103;

1001738;-53.333374;23.250000;0.021667;3.932917;107;

1001880;-48.000000;23.187500;0.021667;3.932500;104;

1002025;-57.333374;23.250000;0.021667;3.932500;104;

1002168;-53.333374;23.250000;0.021667;3.932917;105;

1002305;-50.666626;23.250000;0.021667;3.927500;105;

1002448;-50.666626;23.250000;0.021667;3.927500;106;

1002585;-48.000000;23.250000;0.021250;3.927083;106;

1002730;-50.666626;23.250000;0.021667;3.927083;106;

1002878;-57.333374;23.187500;0.021667;3.927083;104;

1003015;-49.333374;23.187500;0.021667;3.927500;105;

1003160;-53.333374;23.250000;0.021667;3.927500;105;

1003305;-50.666626;23.250000;0.021667;3.928750;105;

1003448;-50.666626;23.250000;0.021667;3.928750;106;

1003589;-53.333374;23.250000;0.021667;3.927083;103;

1003739;-53.333374;23.250000;0.021667;3.927500;107;

1003893;-49.333374;23.250000;0.021250;3.927500;104;

1004041;-56.000000;23.187500;0.021250;3.927083;105;

1004198;-50.666626;23.187500;0.021667;3.927083;105;

1004356;-50.666626;23.187500;0.021667;3.927500;107;

1004509;-50.666626;23.187500;0.021667;3.927500;105;

1004655;-60.000000;23.187500;0.021667;3.927083;105;

1004798;-57.333374;23.187500;0.021250;3.927083;104;

1004935;-50.666626;23.187500;0.021250;3.927083;106;

1005078;-57.333374;23.187500;0.021667;3.927500;105;

1005219;-56.000000;23.187500;0.021667;3.927500;107;

1005365;-56.000000;23.187500;0.021667;3.927083;105;

1005508;-58.666626;23.187500;0.021667;3.927500;104;

1005647;-50.666626;23.187500;0.021667;3.927083;106;

1005788;-56.000000;23.187500;0.021667;3.927083;106;

1005925;-50.666626;23.187500;0.021667;3.927500;104;

1006069;-50.666626;23.187500;0.021667;3.927500;105;

1006218;-57.333374;23.187500;0.021250;3.927083;105;

1006355;-56.000000;23.187500;0.021667;3.927500;106;

1006502;-48.000000;23.187500;0.021250;3.927500;105;

1006635;-58.666626;23.187500;0.021667;3.927500;105;

1006764;-56.000000;23.187500;0.021667;3.927083;104;

1006904;-53.333374;23.187500;0.021250;3.927083;107;

1007052;-50.666626;23.187500;0.021667;3.927500;104;

1007203;-50.666626;23.187500;0.021667;3.927500;107;

1007354;-48.000000;23.187500;0.021250;3.927083;107;

1007495;-50.666626;23.187500;0.021667;3.927083;105;

1007635;-50.666626;23.187500;0.021250;3.927500;105;

1007778;-50.666626;23.187500;0.021667;3.927500;105;

1007916;-50.666626;23.187500;0.021250;3.927500;106;

1008058;-41.333374;23.187500;0.021667;3.927500;105;

1008196;-50.666626;23.187500;0.021250;3.927500;108;

1008338;-53.333374;23.187500;0.021667;3.927083;103;

1008478;-41.333374;23.187500;0.021667;3.927083;104;

1008617;-53.333374;23.187500;0.021667;3.927500;105;

1008758;-56.000000;23.187500;0.021667;3.927500;105;

1008897;-48.000000;23.125000;0.021667;3.927083;105;

1009038;-53.333374;23.125000;0.021667;3.927500;105;

1009176;-50.666626;23.125000;0.021667;3.923333;105;

1009318;-49.333374;23.187500;0.021667;3.927500;106;

1009455;-57.333374;23.187500;0.021667;0.021667;106;

1009605;-41.333374;23.125000;3.922084;3.922084;106;

1009750;-41.333374;23.187500;0.021667;3.922084;104;

1009902;-50.666626;23.125000;0.021250;3.922084;105;

1010065;-48.000000;23.187500;0.021667;3.927500;105;

1010210;-38.666626;23.125000;0.021667;3.927083;106;

1010358;-38.666626;23.125000;0.021667;3.927500;104;

1010495;-38.666626;23.187500;0.021667;3.927500;107;

1010640;-41.333374;23.125000;0.021667;3.927500;103;

1010788;-48.000000;23.125000;0.021667;3.927083;103;

1010925;-38.666626;23.125000;0.021667;3.924167;103;

1011070;-41.333374;23.125000;0.021667;3.922084;105;

1011215;-48.000000;23.125000;0.021250;3.922084;106;

1011358;-41.333374;23.125000;0.021667;3.922500;105;

1011497;-38.666626;23.125000;0.021250;3.924167;106;

1011638;-38.666626;23.125000;0.021667;3.922084;107;

1011780;-37.333374;23.125000;0.021667;3.922084;106;

1011925;-36.000000;23.125000;0.021667;3.922084;106;

1012068;-41.333374;23.125000;0.021667;3.922084;106;

1012209;-36.000000;23.125000;0.021250;3.922084;109;

1012355;-48.000000;23.125000;0.021667;3.922084;105;

1012504;-36.000000;23.125000;0.021667;3.922084;103;

1012640;-38.666626;23.125000;0.021667;3.922084;107;

1012788;-38.666626;23.125000;0.021667;3.922084;106;

1012925;-48.000000;23.125000;0.021667;3.922084;104;

1013068;-36.000000;23.125000;0.021667;3.922084;104;

1013205;-48.000000;23.125000;0.021667;3.922084;107;

1013348;-34.666626;23.125000;0.021667;3.922084;106;

1013488;-34.666626;23.125000;0.021667;3.922084;106;

1013625;-41.333374;23.125000;0.021250;3.922084;105;

1013770;-37.333374;23.125000;0.021250;3.922084;106;

1013915;-37.333374;23.125000;0.021667;3.922084;105;

1014058;-41.333374;23.125000;0.021667;3.916667;109;

1014196;-34.666626;23.125000;0.021667;3.916667;103;

1014338;-36.000000;23.125000;0.021667;3.922084;105;

1014475;-38.666626;23.125000;0.021667;3.921667;105;

1014618;-30.666626;23.125000;0.021667;3.922084;106;

1014758;-48.000000;23.125000;0.021250;3.920417;105;

1014905;-48.000000;23.125000;0.021667;3.916667;106;

1015053;-34.666626;23.125000;0.021667;3.922084;104;

1015195;-48.000000;23.125000;0.021667;3.922084;105;

1015327;-38.666626;23.125000;0.021667;3.916667;106;

1015463;-42.666626;23.125000;0.021667;3.916667;104;

1015608;-48.000000;23.125000;0.021250;3.922084;104;

1015745;-48.000000;23.125000;0.021667;3.921667;103;

1015888;-50.666626;23.125000;0.021667;3.922084;106;

1016025;-50.666626;23.062500;0.021667;3.921667;104;

1016168;-50.666626;23.125000;0.021667;3.922084;105;

1016307;-53.333374;23.125000;0.021250;3.922084;104;

1016448;-57.333374;23.125000;0.021250;3.922084;103;

1016588;-50.666626;23.062500;0.021667;3.916667;103;

1016726;-57.333374;23.125000;0.021667;3.916667;104;

1016868;-58.666626;23.062500;0.021667;3.922084;105;

1017007;-53.333374;23.062500;0.021667;3.919167;105;

1017148;-60.000000;23.062500;0.021667;3.916667;106;

1017287;-64.000000;23.062500;0.021250;3.916667;104;

1017428;-53.333374;23.062500;0.021667;3.916667;105;

1017575;-64.000000;23.062500;0.021250;3.916667;106;

1017728;-60.000000;23.062500;0.021667;3.916667;104;

1017878;-53.333374;23.062500;0.021250;3.917084;106;

1018011;-57.333374;23.062500;0.021667;3.916667;106;

1018165;-64.000000;23.062500;0.021667;3.916667;107;

1018312;-56.000000;23.062500;0.021667;3.916667;107;

1018458;-60.000000;23.062500;0.021250;3.916667;106;

1018611;-60.000000;23.062500;0.021667;3.916667;105;

1018758;-58.666626;23.062500;0.021667;3.916667;106;

1018899;-57.333374;23.062500;0.021250;3.916667;101;

1019045;-60.000000;23.062500;0.021667;3.916667;107;

1019188;-53.333374;23.062500;0.021250;3.916667;105;

1019326;-58.666626;23.062500;0.021667;3.916250;105;

1019468;-57.333374;23.062500;0.021250;3.913750;103;

1019607;-56.000000;23.062500;0.021667;3.916667;104;

1019748;-57.333374;23.062500;0.021667;3.916667;106;

1019890;-53.333374;23.062500;0.021667;3.916667;104;

1020035;-57.333374;23.062500;0.021667;3.916667;107;

1020178;-60.000000;23.062500;0.021667;3.916667;106;

1020316;-53.333374;23.062500;0.021250;3.916667;105;

1020458;-53.333374;23.062500;0.021250;3.916667;106;

1020597;-58.666626;23.062500;0.021667;3.911250;104;

1020742;-56.000000;23.062500;0.021667;3.911250;105;

1020880;-53.333374;23.062500;0.021667;3.911667;105;

1021032;-60.000000;23.062500;0.021667;3.911250;106;

1021184;-53.333374;23.062500;0.021667;3.911667;103;

1021328;-58.666626;23.062500;0.021667;3.916667;104;

1021465;-58.666626;23.062500;0.021667;3.916667;105;

1021610;-50.666626;23.062500;0.021667;3.911667;104;

1021758;-57.333374;23.062500;0.021667;3.911250;106;

1021896;-58.666626;23.062500;0.021667;3.916667;103;

1022040;-53.333374;23.062500;0.021667;3.916667;106;

1022185;-58.666626;23.062500;0.021667;3.916667;106;

1022328;-57.333374;23.062500;0.021667;3.916667;104;

1022467;-50.666626;23.062500;0.021667;3.916667;106;

1022608;-50.666626;23.062500;0.021667;3.911250;107;

1022745;-57.333374;23.062500;0.021667;3.911667;107;

1022888;-50.666626;23.062500;0.021667;3.911250;102;

1023025;-60.000000;23.000000;0.021667;3.912917;106;

1023168;-53.333374;23.000000;0.021667;3.916667;106;

1023309;-53.333374;23.000000;0.021667;3.911250;102;

1023463;-58.666626;23.000000;0.021667;3.911250;103;

1023615;-57.333374;23.000000;0.021667;3.911250;103;

1023762;-50.666626;23.000000;0.021667;3.912084;107;

1023909;-58.666626;23.000000;0.021667;3.911250;106;

1024059;-50.666626;23.000000;0.021667;3.911250;108;

1024208;-50.666626;23.000000;0.021667;3.911667;104;

1024348;-53.333374;23.000000;0.021250;3.911250;105;

1024486;-50.666626;23.000000;0.021667;3.911667;106;

1024628;-49.333374;23.000000;0.021667;3.911250;104;

1024766;-50.666626;23.000000;0.021250;3.911250;107;

1024908;-40.000000;23.000000;0.021667;3.911250;104;

1025045;-36.000000;23.000000;0.021667;3.911250;103;

1025188;-50.666626;23.000000;0.021667;3.911250;105;

1025325;-41.333374;23.000000;0.021667;3.911250;105;

1025468;-38.666626;23.000000;0.021250;3.911250;105;

1025605;-50.666626;23.000000;0.021667;3.911250;108;

1025748;-36.000000;23.000000;0.021667;3.911250;103;

1025887;-50.666626;23.000000;0.021667;3.911667;104;

1026025;-50.666626;23.000000;0.021667;3.911250;106;

1026164;-40.000000;23.000000;0.021667;3.911250;107;

1026314;-49.333374;23.000000;0.021667;3.911250;107;

1026463;-50.666626;23.000000;0.021667;3.911250;105;

1026609;-48.000000;23.000000;0.021667;3.911250;106;

1026748;-53.333374;23.000000;0.021667;3.911250;107;

1026888;-50.666626;23.000000;0.021667;3.911250;104;

1027025;-53.333374;23.000000;0.021667;3.911667;107;

1027169;-56.000000;23.000000;0.021667;3.911250;106;

1027315;-53.333374;23.000000;0.021667;3.911250;104;

1027459;-56.000000;23.000000;0.021667;3.911250;102;

1027595;-56.000000;23.000000;0.021667;3.911250;103;

1027738;-50.666626;23.000000;0.021667;3.911667;107;

1027877;-50.666626;23.000000;0.021667;3.911250;104;

1028018;-53.333374;23.000000;0.021667;3.911667;107;

1028160;-50.666626;23.000000;0.021667;3.911250;105;

1028305;-50.666626;23.000000;0.021667;3.911250;105;

1028448;-57.333374;23.000000;0.021667;3.911250;107;

1028587;-50.666626;23.000000;0.021667;3.911250;105;

1028732;-50.666626;23.000000;0.021667;3.911250;103;

1028886;-50.666626;23.000000;0.021667;3.911250;105;

1029030;-50.666626;23.000000;0.021667;3.911667;107;

1029184;-57.333374;22.937500;0.021667;3.911250;105;

1029330;-53.333374;22.937500;0.021667;3.910417;105;

1029478;-50.666626;22.937500;0.021667;3.908750;103;

1029615;-50.666626;22.937500;0.021667;3.906250;106;

1029760;-53.333374;22.937500;0.021667;3.906667;106;

1029908;-50.666626;23.000000;0.021667;3.906250;107;

1030045;-48.000000;22.937500;0.021667;3.906250;107;

1030188;-50.666626;22.937500;0.021667;3.906250;102;

1030325;-48.000000;22.937500;0.021667;3.906250;105;

1030468;-50.666626;22.937500;0.021667;3.906250;104;

1030605;-50.666626;22.937500;0.021667;3.906250;108;

1030748;-53.333374;22.937500;0.021667;3.906250;105;

1030885;-53.333374;22.937500;0.021667;3.906250;108;

1031029;-50.666626;22.937500;0.021667;3.906250;106;

1031175;-38.666626;22.937500;0.021667;3.906250;104;

1031327;-50.666626;22.937500;0.021667;3.905833;105;

1031488;-50.666626;22.937500;0.021667;3.906250;105;

1031644;-38.666626;22.937500;0.021667;3.906250;104;

1031796;-41.333374;22.937500;0.021667;3.906250;106;

1031948;-48.000000;22.937500;0.021250;3.906250;104;

1032085;-48.000000;22.937500;0.021667;3.905833;104;

1032229;-38.666626;22.937500;0.021667;3.906250;107;

1032365;-50.666626;22.937500;0.021667;3.906250;107;

1032509;-49.333374;22.937500;0.021667;3.905833;103;

1032645;-40.000000;22.937500;0.021250;3.906250;105;

1032788;-49.333374;22.937500;0.021250;3.906250;104;

1032926;-38.666626;22.937500;0.021250;3.906250;104;

1033068;-50.666626;22.875000;0.021667;3.905833;103;

1033210;-50.666626;22.937500;0.021667;3.906250;104;

1033355;-38.666626;22.937500;0.021667;3.906250;106;

1033498;-50.666626;22.937500;0.021667;3.906250;103;

1033637;-49.333374;22.937500;0.021667;3.906250;101;

1033778;-38.666626;22.937500;0.021667;3.906250;107;

1033914;-53.333374;22.875000;0.021667;3.905833;104;

1034063;-53.333374;22.937500;0.021667;3.905833;104;

1034216;-49.333374;22.875000;3.905833;3.906250;105;

1034357;-50.666626;22.937500;0.021667;3.906250;103;

1034506;-50.666626;22.875000;0.021667;3.906250;106;

1034648;-45.333374;22.937500;0.021667;3.906250;108;

1034785;-57.333374;22.875000;0.021667;3.906250;104;

1034928;-53.333374;22.875000;0.021250;3.906250;106;

1035065;-50.666626;22.937500;0.021250;3.906250;106;

1035208;-58.666626;22.875000;0.021667;3.906250;105;

1035345;-53.333374;22.875000;0.021667;3.906250;104;

1035488;-57.333374;22.875000;0.021667;3.906250;105;

1035625;-60.000000;22.875000;0.021667;3.905833;106;

1035769;-57.333374;22.875000;0.021667;3.906250;106;

1035906;-56.000000;22.875000;0.021667;3.906250;107;

1036048;-57.333374;22.875000;0.021667;3.906250;103;

1036185;-50.666626;22.875000;0.021250;3.905417;104;

1036328;-56.000000;22.875000;0.021667;3.904167;103;

1036468;-56.000000;22.875000;0.021667;3.903750;105;

1036608;-50.666626;22.875000;0.021667;3.901250;104;

1036764;-53.333374;22.875000;0.021667;3.901667;106;

1036908;-53.333374;22.875000;0.021250;3.900833;106;

1037062;-50.666626;22.875000;0.021667;3.900833;106;

1037208;-50.666626;22.875000;0.021667;3.900833;107;

1037348;-53.333374;22.875000;0.021667;3.900833;107;

1037485;-53.333374;22.875000;0.021250;3.900833;106;

1037628;-57.333374;22.875000;0.021667;3.900833;104;

1037765;-56.000000;22.875000;0.021667;3.900833;104;

1037910;-53.333374;22.875000;0.021667;3.900833;106;

1038058;-53.333374;22.875000;0.021667;3.900833;105;

1038195;-53.333374;22.875000;0.021667;3.900833;107;

1038340;-50.666626;22.875000;0.021667;3.900833;105;

1038486;-50.666626;22.875000;0.021667;3.900833;103;

1038628;-56.000000;22.875000;0.021667;3.900833;104;

1038767;-53.333374;22.875000;0.021667;3.900833;106;

1038908;-57.333374;22.875000;0.021667;3.900833;105;

1039047;-58.666626;22.875000;0.021667;3.900833;104;

1039194;-57.333374;22.812500;0.021667;3.900833;106;

1039343;-58.666626;22.812500;0.021667;3.900833;104;

1039489;-58.666626;22.812500;0.021667;3.900833;106;

1039637;-53.333374;22.812500;0.021667;3.900833;105;

1039786;-57.333374;22.812500;0.021250;3.900833;104;

1039914;-60.000000;22.812500;0.021667;3.900833;104;

1040060;-53.333374;22.812500;0.021667;3.900833;105;

1040208;-58.666626;22.812500;0.021667;3.900833;104;

1040345;-60.000000;22.812500;0.021667;3.900833;106;

1040488;-58.666626;22.812500;0.021667;3.900833;104;

1040625;-58.666626;22.812500;0.021667;3.900833;105;

1040770;-60.000000;22.812500;0.021667;3.900833;104;

1040915;-53.333374;22.812500;0.021667;3.900833;105;

1041058;-58.666626;22.812500;0.021250;3.900833;104;

1041196;-58.666626;22.812500;0.021667;3.900833;106;

1041338;-50.666626;22.812500;0.021667;3.900833;105;

1041478;-57.333374;22.812500;0.021667;3.900833;107;

1041616;-50.666626;22.812500;0.021667;3.900833;105;

1041758;-53.333374;22.812500;0.021667;3.900833;107;

1041895;-58.666626;22.812500;0.021667;3.900833;104;

1042046;-50.666626;22.812500;0.021667;3.900833;105;

1042189;-50.666626;22.812500;0.021667;3.900000;105;

1042344;-53.333374;22.812500;0.021667;3.900417;106;

1042476;-50.666626;22.812500;0.021250;3.899167;106;

1042605;-56.000000;22.812500;0.021667;3.898334;104;

1042746;-57.333374;22.812500;0.021667;3.898750;106;

1042894;-48.000000;22.812500;0.021250;3.896250;105;

1043040;-53.333374;22.812500;0.021667;3.899584;109;

1043188;-57.333374;22.812500;0.021667;3.896250;106;

1043325;-57.333374;22.812500;0.021667;3.895416;104;

1043470;-56.000000;22.812500;0.021667;3.895416;106;

1043615;-57.333374;22.812500;0.021250;3.895416;105;

1043758;-50.666626;22.812500;0.021667;3.895416;106;

1043897;-57.333374;22.812500;0.021667;3.895416;106;

1044038;-57.333374;22.812500;0.021667;3.895833;102;

1044177;-50.666626;22.812500;0.021667;3.895416;104;

1044318;-53.333374;22.812500;0.021667;3.895416;103;

1044456;-53.333374;22.812500;0.021667;3.895416;104;

1044598;-53.333374;22.812500;0.021667;3.895416;105;

1044738;-58.666626;22.812500;0.021250;3.895416;104;

1044875;-56.000000;22.750000;0.021667;3.895416;105;

1045014;-56.000000;22.812500;0.021667;3.895416;102;

1045153;-56.000000;22.812500;0.021667;3.895416;104;

1045298;-50.666626;22.812500;0.021667;3.895416;104;

1045448;-50.666626;22.750000;0.021667;3.895416;106;

1045605;-53.333374;22.812500;3.895416;3.895416;105;

1045748;-53.333374;22.750000;0.021667;3.895416;104;

1045885;-48.000000;22.750000;0.021667;3.895416;104;

1046030;-57.333374;22.750000;0.021667;3.895833;103;

1046178;-57.333374;22.750000;0.021667;3.895416;107;

1046315;-50.666626;22.750000;0.021250;3.895416;105;

1046458;-57.333374;22.750000;0.021667;3.895416;105;

1046595;-53.333374;22.750000;0.021667;3.895416;104;

1046738;-50.666626;22.750000;0.021250;3.895833;104;

1046875;-53.333374;22.750000;0.021667;3.895833;102;

1047018;-50.666626;22.750000;0.021667;3.895416;104;

1047155;-50.666626;22.750000;0.021667;3.895416;105;

1047299;-53.333374;22.750000;0.021667;3.895416;104;

1047448;-38.666626;22.750000;0.021667;3.895416;104;

1047587;-50.666626;22.750000;0.021667;3.895416;106;

1047739;-53.333374;22.750000;0.021667;3.895416;105;

1047895;-42.666626;22.750000;3.895416;3.895833;106;

1048031;-38.666626;22.750000;0.021667;3.895416;106;

1048183;-53.333374;22.750000;0.021667;3.895833;106;

1048336;-50.666626;22.750000;0.021667;3.895416;106;

1048480;-42.666626;22.750000;0.021667;3.895416;104;

1048625;-57.333374;22.750000;0.021250;3.894167;103;

1048768;-48.000000;22.687500;0.021667;3.894167;106;

1048907;-38.666626;22.750000;0.021667;3.892083;102;

1049048;-50.666626;22.750000;0.021667;3.891250;104;

1049185;-50.666626;22.750000;0.021667;3.890000;103;

1049329;-48.000000;22.750000;0.021667;3.890417;105;

1049468;-50.666626;22.750000;0.021667;3.890417;104;

1049607;-48.000000;22.750000;0.021667;3.890417;103;

1049748;-48.000000;22.750000;0.021667;3.890000;104;

1049885;-50.666626;22.750000;0.021667;3.890417;107;

1050028;-41.333374;22.750000;0.021667;3.890417;107;

1050165;-50.666626;22.750000;0.021667;3.890417;103;

1050310;-62.666626;22.750000;0.021667;3.890417;104;

1050476;-53.333374;22.750000;0.021667;3.890417;104;

1050632;-50.666626;22.687500;0.021667;3.890417;106;

1050778;-50.666626;22.687500;0.021667;3.890417;106;

1050935;-62.666626;22.687500;0.021667;3.890417;102;

1051078;-56.000000;22.687500;0.021250;3.890417;106;

1051219;-64.000000;22.687500;0.021667;3.890417;104;

1051357;-60.000000;22.687500;0.021667;3.890417;106;

1051498;-57.333374;22.687500;0.021667;3.890417;103;

1051635;-58.666626;22.687500;0.021667;3.890417;106;

1051780;-58.666626;22.687500;0.021667;3.890417;104;

1051925;-57.333374;22.687500;0.021250;3.890000;105;

1052068;-60.000000;22.687500;0.021667;3.890417;105;

1052205;-64.000000;22.687500;0.021667;3.890000;104;

1052348;-57.333374;22.687500;0.021667;3.890417;103;

1052485;-62.666626;22.687500;0.021250;3.890000;105;

1052628;-60.000000;22.687500;0.021667;3.890000;106;

1052768;-58.666626;22.687500;0.021667;3.890000;103;

1052905;-64.000000;22.687500;0.021667;3.890000;105;

1053046;-58.666626;22.687500;0.021667;3.890000;104;

1053194;-53.333374;22.687500;0.021667;3.890417;105;

1053345;-66.666626;22.687500;0.021667;3.890417;106;

1053492;-58.666626;22.687500;0.021667;3.890000;104;

1053642;-53.333374;22.687500;0.021667;3.890000;105;

1053788;-53.333374;22.687500;0.021667;3.885000;104;

1053928;-57.333374;22.687500;0.021667;3.885000;103;

1054065;-53.333374;22.687500;0.021667;3.890000;107;

1054208;-56.000000;22.687500;0.021667;3.890000;108;

1054345;-57.333374;22.687500;0.021667;3.890417;105;

1054490;-50.666626;22.687500;0.021250;3.890417;104;

1054638;-56.000000;22.687500;0.021667;3.888750;104;

1054775;-56.000000;22.625000;0.021667;3.887917;105;

1054918;-50.666626;22.687500;0.021250;3.886250;103;

1055065;-53.333374;22.687500;0.021667;3.887501;107;

1055208;-50.666626;22.687500;0.021667;3.885000;104;

1055345;-53.333374;22.687500;0.021667;3.885000;106;

1055488;-57.333374;22.625000;0.021667;3.885000;106;

1055625;-56.000000;22.687500;0.021667;3.885000;103;

1055772;-48.000000;22.625000;0.021667;3.885417;103;

1055905;-50.666626;22.625000;0.021667;3.885000;104;

1056036;-53.333374;22.687500;0.021667;3.885000;106;

1056165;-41.333374;22.687500;0.021667;3.885000;104;

1056314;-48.000000;22.687500;0.021667;3.885000;104;

1056458;-40.000000;22.687500;0.021667;3.885000;105;

1056605;-34.666626;22.687500;0.021667;3.885000;105;

1056748;-53.333374;22.625000;0.021667;3.885000;104;

1056885;-36.000000;22.625000;3.885000;3.885000;106;

1057035;-48.000000;22.625000;0.021667;3.885000;105;

1057178;-38.666626;22.625000;0.021250;3.885000;106;

1057323;-38.666626;22.625000;0.021667;3.885000;107;

1057470;-38.666626;22.625000;0.021667;3.885000;105;

1057618;-38.666626;22.625000;0.021667;3.885000;102;

1057755;-38.666626;22.625000;0.021667;3.885000;104;

1057898;-40.000000;22.625000;0.021667;3.885000;104;

1058035;-41.333374;22.625000;0.021667;3.885000;106;

1058180;-41.333374;22.625000;0.021667;3.885000;106;

1058325;-36.000000;22.625000;0.021667;3.885000;105;

1058468;-41.333374;22.625000;0.021667;3.885000;106;

1058607;-41.333374;22.625000;0.021667;3.885000;105;

1058748;-36.000000;22.625000;0.021667;3.885000;104;

1058887;-41.333374;22.625000;0.021667;3.885000;106;

1059028;-50.666626;22.625000;0.021667;3.885000;104;

1059165;-38.666626;22.625000;0.021667;3.884584;105;

1059309;-50.666626;22.625000;0.021667;3.885000;107;

1059462;-49.333374;22.625000;0.021667;3.885000;105;

1059609;-49.333374;22.625000;0.021667;3.885000;106;

1059757;-48.000000;22.625000;0.021667;3.885000;107;

1059900;-50.666626;22.625000;0.021250;3.884584;105;

1060055;-50.666626;22.625000;0.021667;3.885000;104;

1060195;-45.333374;22.625000;0.021667;3.885000;103;

1060337;-50.666626;22.625000;0.021667;3.885000;105;

1060475;-48.000000;22.625000;0.021667;3.885000;104;

1060618;-50.666626;22.625000;0.021667;3.885000;106;

1060755;-50.666626;22.625000;0.021250;3.885000;103;

1060900;-45.333374;22.625000;0.021667;3.884584;107;

1061048;-50.666626;22.562500;0.021667;3.885000;105;

1061185;-50.666626;22.625000;0.021667;3.884584;104;

1061329;-50.666626;22.625000;0.021667;3.885000;104;

1061478;-50.666626;22.625000;0.021667;3.885000;107;

1061615;-48.000000;22.625000;0.021667;3.885000;104;

1061759;-48.000000;22.625000;0.021667;3.885000;105;

1061905;-41.333374;22.562500;0.021667;3.885000;105;

1062049;-50.666626;22.562500;0.021667;3.885000;104;

1062200;-49.333374;22.562500;0.021667;3.885000;105;

1062348;-49.333374;22.562500;0.021667;3.885000;106;

1062495;-50.666626;22.562500;0.021667;3.885000;106;

1062642;-50.666626;22.562500;0.021250;3.885000;103;

1062788;-45.333374;22.562500;3.885000;3.882917;106;

1062918;-50.666626;22.562500;0.021250;3.884584;106;

1063055;-50.666626;22.562500;0.021667;3.885000;104;

1063203;-38.666626;22.562500;0.021250;3.881667;107;

1063337;-53.333374;22.562500;0.021667;3.882917;107;

1063488;-50.666626;22.562500;0.021667;3.879584;105;

1063628;-50.666626;22.562500;0.021667;3.879584;106;

1063765;-50.666626;22.562500;0.021667;3.879584;106;

1063909;-57.333374;22.562500;0.021250;3.879584;107;

1064055;-38.666626;22.562500;0.021667;3.879584;104;

1064199;-49.333374;22.562500;0.021250;3.879584;104;

1064348;-50.666626;22.562500;0.021667;3.879584;104;

1064485;-48.000000;22.562500;0.021667;3.879584;106;

1064628;-45.333374;22.562500;0.021667;3.879584;102;

1064767;-53.333374;22.562500;0.021250;3.879584;104;

1064908;-48.000000;22.562500;0.021667;3.879584;105;

1065045;-42.666626;22.562500;0.021667;3.879584;106;

1065188;-50.666626;22.562500;0.021250;3.880000;106;

1065325;-42.666626;22.562500;0.021667;3.879584;105;

1065470;-48.000000;22.562500;0.021667;3.879584;106;

1065632;-45.333374;22.562500;0.021667;3.879584;107;

1065776;-48.000000;22.562500;0.021250;3.879584;105;

1065921;-50.666626;22.562500;0.021667;3.879584;106;

1066062;-50.666626;22.562500;0.021667;3.879584;105;

1066215;-48.000000;22.562500;0.021667;3.879584;105;

1066355;-41.333374;22.562500;0.021667;3.879584;105;

1066503;-38.666626;22.562500;0.021667;3.880000;105;

1066648;-48.000000;22.562500;0.021667;3.879584;105;

1066786;-50.666626;22.562500;0.021667;3.879584;104;

1066930;-48.000000;22.562500;0.021667;3.879584;104;

1067075;-36.000000;22.562500;0.021667;3.879584;105;

1067218;-49.333374;22.562500;0.021667;3.879584;105;

1067359;-49.333374;22.562500;0.021667;3.879584;104;

1067495;-50.666626;22.500000;0.021667;3.879584;107;

1067640;-41.333374;22.562500;0.021250;3.879584;106;

1067785;-40.000000;22.562500;0.021667;3.880000;103;

1067928;-50.666626;22.500000;0.021667;3.879584;104;

1068067;-41.333374;22.562500;0.021667;3.879584;106;

1068208;-50.666626;22.562500;0.021667;3.879584;108;

1068347;-49.333374;22.500000;0.021250;3.879584;106;

1068488;-48.000000;22.562500;0.021667;3.879584;105;

1068627;-50.666626;22.500000;3.879584;3.879584;104;

1068772;-50.666626;22.562500;0.021667;3.879584;105;

1068909;-37.333374;22.562500;0.021667;3.879584;106;

1069065;-41.333374;22.500000;0.021667;3.879584;107;

1069213;-48.000000;22.500000;0.021667;3.879167;106;

1069363;-48.000000;22.500000;0.021667;3.877917;104;

1069508;-50.666626;22.500000;0.021667;3.878750;105;

1069645;-50.666626;22.562500;0.021667;3.877084;106;

1069789;-48.000000;22.500000;0.021667;3.875000;104;

1069935;-40.000000;22.500000;0.021667;3.876250;105;

1070080;-48.000000;22.562500;0.021667;3.874167;103;

1070230;-48.000000;22.500000;0.021667;3.874583;102;

1070375;-36.000000;22.500000;0.021667;3.874583;104;

1070518;-48.000000;22.500000;0.021667;3.874583;105;

1070658;-38.666626;22.500000;0.021667;3.874583;105;

1070795;-36.000000;22.500000;0.021667;3.874583;107;

1070938;-49.333374;22.500000;0.021667;3.874167;106;

1071075;-48.000000;22.500000;0.021667;3.874583;106;

1071218;-36.000000;22.500000;0.021667;3.874167;106;

1071357;-49.333374;22.500000;0.021667;3.874167;107;

1071503;-38.666626;22.500000;0.021667;3.874583;107;

1071649;-38.666626;22.500000;0.021667;3.874583;105;

1071805;-40.000000;22.500000;0.021667;3.874167;105;

1071952;-41.333374;22.500000;0.021667;3.874583;105;

1072093;-38.666626;22.500000;0.021667;3.874167;104;

1072228;-36.000000;22.500000;0.021667;3.874167;105;

1072370;-48.000000;22.500000;0.021667;3.874583;103;

1072515;-49.333374;22.500000;0.021667;3.874583;107;

1072658;-48.000000;22.500000;0.021667;3.874167;107;

1072796;-50.666626;22.500000;0.021667;3.874583;106;

1072938;-41.333374;22.500000;0.021667;3.874167;105;

1073075;-50.666626;22.500000;0.021667;3.874167;106;

1073218;-41.333374;22.500000;0.021667;3.874583;108;

1073355;-48.000000;22.437500;0.021667;3.874583;106;

1073498;-48.000000;22.500000;0.021667;3.874167;105;

1073635;-50.666626;22.500000;0.021667;3.874167;104;

1073780;-50.666626;22.437500;0.021250;3.874583;103;

1073928;-40.000000;22.500000;0.021667;3.874583;104;

1074078;-38.666626;22.500000;0.021250;3.874583;103;

1074215;-50.666626;22.500000;0.021667;3.874583;104;

1074360;-38.666626;22.500000;0.021667;3.874583;103;

1074512;-48.000000;22.500000;0.021667;3.874167;105;

1074662;-38.666626;22.500000;0.021667;3.874583;104;

1074813;-38.666626;22.437500;0.021667;3.874583;105;

1074946;-34.666626;22.437500;0.021667;3.874167;105;

1075090;-29.333374;22.437500;0.021667;3.874583;106;

1075238;-25.333374;22.437500;0.021667;3.874167;103;

1075375;-25.333374;22.500000;0.021667;3.874583;107;

1075518;-26.666626;22.437500;0.021667;3.874167;104;

1075655;-18.666626;22.437500;0.021667;3.874167;106;

1075798;-18.666626;22.437500;0.021250;3.874167;107;

1075935;-18.666626;22.437500;0.021667;3.874583;103;

1076078;-22.666626;22.437500;0.021667;3.874167;104;

1076215;-21.333374;22.437500;0.021667;3.874167;107;

1076359;-32.000000;22.437500;0.021667;3.874583;106;

1076508;-30.666626;22.437500;0.021667;3.874583;103;

1076645;-36.000000;22.437500;0.021667;3.874583;105;

1076789;-41.333374;22.437500;0.021667;3.874167;105;

1076938;-41.333374;22.437500;3.874167;3.874167;109;

1077085;-41.333374;22.437500;0.021667;3.874167;106;

1077226;-48.000000;22.437500;0.021667;3.874583;106;

1077367;-49.333374;22.437500;3.874167;3.871667;107;

1077497;-53.333374;22.437500;0.021667;3.872083;106;

1077651;-50.666626;22.437500;0.021667;3.873750;106;

1077788;-50.666626;22.437500;0.021250;3.870417;107;

1077925;-50.666626;22.437500;0.021667;3.869167;106;

1078069;-53.333374;22.437500;0.021667;3.869167;106;

1078218;-41.333374;22.437500;0.021667;3.868750;106;

1078355;-45.333374;22.437500;0.021667;3.869167;104;

1078498;-50.666626;22.437500;0.021667;3.869167;104;

1078636;-38.666626;22.437500;0.021667;3.869167;105;

1078778;-45.333374;22.437500;0.021667;3.869167;104;

1078916;-41.333374;22.437500;0.021667;3.869167;105;

1079058;-36.000000;22.437500;0.021667;3.869167;103;

1079195;-30.666626;22.437500;0.021250;3.869167;104;

1079339;-30.666626;22.437500;0.021667;3.869167;105;

1079475;-25.333374;22.437500;0.021667;3.869167;107;

1079620;-32.000000;22.437500;0.021667;3.869167;105;

1079767;-30.666626;22.437500;0.021667;3.869167;104;

1079905;-22.666626;22.437500;0.021667;3.869167;109;

1080053;-21.333374;22.375000;0.021667;3.869167;106;

1080198;-29.333374;22.437500;0.021667;3.869167;105;

1080354;-30.666626;22.437500;0.021667;3.869167;102;

1080506;-22.666626;22.375000;0.021667;3.869167;105;

1080653;-22.666626;22.375000;0.021250;3.869167;106;

1080788;-26.666626;22.375000;0.021667;3.868750;104;

1080928;-18.666626;22.437500;0.021667;3.869167;107;

1081065;-22.666626;22.437500;0.021667;3.869167;107;

1081208;-20.000000;22.375000;0.021667;3.869167;104;

1081345;-21.333374;22.375000;0.021667;3.869167;107;

1081488;-25.333374;22.437500;0.021250;3.869167;105;

1081625;-21.333374;22.375000;0.021667;3.869167;105;

1081768;-17.333374;22.437500;0.021667;3.869167;106;

1081905;-20.000000;22.375000;0.021250;3.869167;104;

1082050;-25.333374;22.375000;0.021667;3.869167;106;

1082198;-21.333374;22.375000;0.021250;3.869167;104;

1082335;-30.666626;22.375000;0.021667;3.869167;105;

1082480;-36.000000;22.375000;0.021667;3.869167;105;

1082628;-36.000000;22.375000;0.021250;3.869167;103;

1082765;-38.666626;22.375000;0.021667;3.869167;104;

1082909;-50.666626;22.375000;0.021667;3.869167;105;

1083054;-50.666626;22.375000;0.021667;3.869167;103;

1083203;-66.666626;22.375000;0.021250;3.868750;105;

1083358;-66.666626;22.375000;0.021667;3.868334;106;

1083512;-70.666626;22.375000;0.021250;3.869167;103;

1083655;-76.000000;22.375000;0.021667;3.868750;107;

1083799;-73.333374;22.375000;0.021667;3.868334;105;

1083948;-73.333374;22.375000;0.021667;3.865417;106;

1084085;-76.000000;22.375000;0.021667;3.863750;104;

1084229;-76.000000;22.375000;0.021667;3.866667;103;

1084365;-73.333374;22.375000;0.021667;3.863750;103;

1084508;-70.666626;22.375000;0.021667;3.863750;105;

1084646;-70.666626;22.375000;0.021667;3.863750;107;

1084788;-68.000000;22.375000;0.021667;3.863750;103;

1084925;-64.000000;22.375000;0.021667;3.863750;105;

1085068;-58.666626;22.375000;0.021667;3.863750;103;

1085205;-53.333374;22.375000;0.021250;3.863750;105;

1085350;-57.333374;22.375000;0.021667;3.863750;105;

1085498;-57.333374;22.375000;0.021667;3.863750;106;

1085638;-50.666626;22.375000;3.863750;3.863750;106;

1085787;-53.333374;22.375000;0.021667;3.863750;107;

1085918;-50.666626;22.312500;3.863750;3.863750;104;

1086064;-41.333374;22.375000;0.021667;3.863750;107;

1086191;-50.666626;22.375000;0.021250;3.863750;104;

1086328;-40.000000;22.375000;0.021667;3.863750;104;

1086465;-50.666626;22.312500;0.021667;3.863750;105;

1086608;-48.000000;22.375000;0.021667;3.863750;104;

1086745;-41.333374;22.375000;0.021667;3.863750;105;

1086888;-50.666626;22.375000;0.021667;3.863750;106;

1087027;-48.000000;22.375000;0.021667;3.863750;106;

1087168;-48.000000;22.375000;0.021667;3.863750;106;

1087307;-50.666626;22.312500;0.021667;3.863750;105;

1087448;-50.666626;22.375000;0.021250;3.863750;103;

1087587;-50.666626;22.375000;0.021667;3.863750;107;

1087728;-50.666626;22.312500;0.021667;3.862083;102;

1087865;-49.333374;22.375000;0.021667;3.860417;102;

1088009;-49.333374;22.375000;0.021667;3.858750;105;

1088145;-50.666626;22.375000;0.021667;3.858750;106;

1088297;-48.000000;22.312500;0.021667;3.858334;109;

1088442;-50.666626;22.375000;0.021667;3.858334;105;

1088586;-50.666626;22.312500;0.021667;3.858334;103;

1088729;-50.666626;22.375000;0.021667;3.858334;106;

1088882;-48.000000;22.312500;0.021667;3.858334;105;

1089015;-41.333374;22.312500;0.021667;3.858334;105;

1089158;-41.333374;22.312500;0.021667;3.858334;106;

1089298;-36.000000;22.312500;0.021667;3.858334;105;

1089438;-34.666626;22.312500;0.021667;3.858334;103;

1089588;-30.666626;22.312500;0.021667;3.858334;104;

1089727;-34.666626;22.312500;0.021667;3.858334;104;

1089868;-22.666626;22.312500;0.021667;3.858334;105;

1090005;-22.666626;22.312500;0.021667;3.858334;107;

1090148;-21.333374;22.312500;0.021250;3.858334;106;

1090285;-17.333374;22.312500;0.021667;3.858750;107;

1090430;-13.333374;22.312500;0.021667;3.858334;107;

1090578;-16.000000;22.312500;0.021667;3.858334;105;

1090715;-17.333374;22.312500;0.021667;3.858334;105;

1090860;-17.333374;22.312500;0.021667;3.858334;105;

1091005;-8.000000;22.312500;0.021667;3.858334;106;

1091148;-20.000000;22.312500;0.021667;3.858334;106;

1091287;-21.333374;22.312500;0.021667;3.858334;105;

1091428;-21.333374;22.312500;0.021667;3.858334;109;

1091552;-22.666626;22.312500;0.021667;3.858334;107;

1091703;-29.333374;22.312500;0.021667;3.858334;107;

1091848;-30.666626;22.312500;0.021667;3.858334;108;

1091996;-36.000000;22.312500;0.021667;3.858334;104;

1092143;-34.666626;22.312500;0.021667;3.858334;107;

1092290;-50.666626;22.312500;0.021667;3.858334;104;

1092438;-40.000000;22.312500;0.021667;3.858334;107;

1092578;-41.333374;22.312500;0.021667;3.858334;106;

1092715;-48.000000;22.312500;0.021667;3.858334;105;

1092858;-50.666626;22.312500;0.021667;3.858334;105;

1092995;-53.333374;22.312500;0.021667;3.858334;106;

1093138;-41.333374;22.312500;0.021667;3.858334;108;

1093277;-38.666626;22.312500;0.021667;3.858334;106;

1093418;-45.333374;22.312500;0.021667;3.858334;104;

1093555;-36.000000;22.312500;0.021667;3.857500;103;

1093699;-38.666626;22.312500;0.021667;3.858334;106;

1093848;-32.000000;22.312500;0.021667;3.857083;103;

1093985;-26.666626;22.312500;0.021250;3.857500;105;

1094128;-30.666626;22.312500;0.021667;3.857500;105;

1094265;-22.666626;22.312500;0.021667;3.855417;105;

1094412;-25.333374;22.312500;0.021667;3.855834;105;

1094562;-22.666626;22.312500;0.021667;3.853750;107;

1094708;-25.333374;22.312500;0.021667;3.854584;104;

1094867;-25.333374;22.312500;0.021667;3.853333;107;

1095019;-30.666626;22.250000;0.021667;3.853750;107;

1095168;-29.333374;22.312500;0.021667;3.852917;107;

1095308;-34.666626;22.250000;0.021667;3.852917;103;

1095446;-34.666626;22.250000;0.021667;3.852917;106;

1095589;-36.000000;22.312500;0.021667;3.853333;106;

1095726;-30.666626;22.312500;0.021667;3.853333;106;

1095868;-36.000000;22.250000;0.021667;3.853333;105;

1096005;-37.333374;22.250000;0.021667;3.852917;104;

1096148;-36.000000;22.250000;0.021667;3.852917;105;

1096285;-41.333374;22.250000;0.021667;3.852917;105;

1096428;-36.000000;22.312500;0.021667;3.853333;104;

1096567;-38.666626;22.250000;0.021667;3.852917;106;

1096708;-49.333374;22.250000;0.021667;3.853333;107;

1096845;-41.333374;22.250000;0.021667;3.853333;102;

1096996;-50.666626;22.250000;0.021667;3.852917;105;

1097137;-50.666626;22.250000;0.021667;3.852917;104;

1097297;-48.000000;22.250000;0.021667;3.853333;104;

1097454;-50.666626;22.250000;0.021667;3.852917;105;

1097603;-50.666626;22.250000;0.021667;3.853333;103;

1097748;-50.666626;22.250000;0.021667;3.853333;107;

1097887;-50.666626;22.250000;0.021250;3.852917;104;

1098028;-53.333374;22.250000;0.021667;3.852917;103;

1098167;-53.333374;22.250000;0.021667;3.852917;105;

1098308;-50.666626;22.250000;0.021667;3.852917;105;

1098447;-57.333374;22.250000;0.021667;3.853333;105;

1098588;-50.666626;22.250000;0.021667;3.852917;105;

1098729;-50.666626;22.250000;0.021250;3.852917;105;

1098875;-38.666626;22.250000;0.021250;3.853333;104;

1099018;-38.666626;22.250000;0.021667;3.852917;105;

1099155;-38.666626;22.250000;0.021667;3.853333;107;

1099298;-40.000000;22.250000;0.021667;3.853333;104;

1099435;-38.666626;22.250000;0.021667;3.853333;108;

1099580;-49.333374;22.250000;0.021667;3.853333;105;

1099734;-38.666626;22.250000;0.021667;3.853333;104;

1099876;-41.333374;22.250000;3.852917;3.852917;104;

1100022;-38.666626;22.250000;0.021667;3.852917;107;

1100173;-38.666626;22.250000;0.021250;3.853333;107;

1100317;-38.666626;22.250000;3.852917;3.849167;106;

1100459;-38.666626;22.250000;0.021667;3.850834;108;

1100599;-41.333374;22.250000;0.021667;3.848750;102;

1100735;-38.666626;22.250000;0.021667;3.850417;106;

1100879;-41.333374;22.250000;0.021667;3.850000;105;

1101025;-50.666626;22.250000;0.021667;3.848750;105;

1101170;-36.000000;22.250000;0.021667;3.847917;107;

1101318;-49.333374;22.250000;0.021667;3.847917;105;

1101455;-41.333374;22.250000;0.021667;3.847917;107;

1101600;-40.000000;22.187500;0.021667;3.847917;104;

1101745;-50.666626;22.187500;0.021667;3.847917;107;

1101889;-48.000000;22.187500;0.021667;3.847917;104;

1102028;-48.000000;22.250000;0.021667;3.847917;105;

1102175;-50.666626;22.187500;0.021250;3.847917;107;

1102318;-41.333374;22.187500;0.021667;3.847917;101;

1102458;-38.666626;22.187500;0.021667;3.847500;103;

1102614;-48.000000;22.250000;0.021667;3.847500;106;

1102755;-36.000000;22.187500;0.021667;3.847917;105;

1102899;-36.000000;22.250000;0.021250;3.847917;103;

1103056;-38.666626;22.187500;0.021667;3.847917;105;

1103204;-36.000000;22.187500;0.021667;3.847917;107;

1103335;-36.000000;22.187500;0.021667;3.847917;103;

1103478;-36.000000;22.187500;0.021667;3.847917;103;

1103618;-36.000000;22.187500;0.021667;3.847917;104;

1103755;-36.000000;22.187500;0.021667;3.847917;103;

1103898;-32.000000;22.250000;0.021667;3.847917;104;

1104035;-36.000000;22.187500;0.021667;3.847917;106;

1104179;-34.666626;22.187500;0.021667;3.847917;106;

1104325;-38.666626;22.187500;0.021250;3.847917;106;

1104469;-41.333374;22.187500;0.021667;3.847917;105;

1104618;-38.666626;22.187500;0.021667;3.847917;108;

1104765;-37.333374;22.187500;0.021250;3.847917;106;

1104908;-48.000000;22.187500;0.021667;3.847917;106;

1105045;-38.666626;22.187500;0.021667;3.847917;104;

1105188;-38.666626;22.187500;0.021667;3.847917;107;

1105326;-48.000000;22.187500;3.847917;3.847917;106;

1105472;-38.666626;22.187500;0.021667;3.847917;105;

1105622;-38.666626;22.187500;0.021667;3.847500;107;

1105770;-49.333374;22.187500;0.021667;3.847917;105;

1105908;-40.000000;22.187500;0.021667;3.847917;105;

1106048;-38.666626;22.187500;3.847917;3.847917;105;

1106177;-48.000000;22.187500;0.021667;3.847917;106;

1106315;-50.666626;22.187500;0.021667;3.847500;105;

1106459;-48.000000;22.187500;0.021667;3.847917;106;

1106608;-50.666626;22.187500;0.021667;3.847917;107;

1106745;-48.000000;22.187500;0.021667;3.847500;104;

1106888;-48.000000;22.187500;0.021667;3.847917;106;

1107025;-50.666626;22.187500;0.021667;3.847917;103;

1107170;-41.333374;22.187500;0.021250;3.847500;106;

1107318;-50.666626;22.187500;0.021667;3.847917;104;

1107457;-38.666626;22.187500;0.021667;3.847500;103;

1107598;-38.666626;22.187500;0.021667;3.847500;105;

1107736;-38.666626;22.187500;0.021667;3.847917;104;

1107878;-36.000000;22.187500;0.021667;3.847917;104;

1108015;-36.000000;22.187500;0.021667;3.847917;107;

1108158;-36.000000;22.187500;0.021667;3.847500;105;

1108318;-36.000000;22.187500;0.021667;3.847917;103;

1108457;-37.333374;22.187500;0.021667;3.847917;105;

1108588;-37.333374;22.187500;0.021667;3.847084;105;

1108723;-32.000000;22.187500;0.021667;3.846667;105;

1108855;-32.000000;22.187500;0.021667;3.845000;105;

1109005;-32.000000;22.187500;0.021667;3.844167;105;

1109148;-34.666626;22.187500;0.021250;3.842500;104;

1109293;-32.000000;22.187500;0.021667;3.843750;105;

1109442;-38.666626;22.187500;0.021667;3.843333;107;

1109588;-36.000000;22.187500;0.021667;3.843333;107;

1109727;-36.000000;22.125000;0.021667;3.842500;106;

1109868;-38.666626;22.187500;0.021667;3.842500;106;

1110007;-36.000000;22.187500;0.021667;3.842500;106;

1110148;-41.333374;22.125000;0.021667;3.842500;107;

1110285;-38.666626;22.187500;0.021667;3.842500;103;

1110428;-36.000000;22.125000;0.021667;3.842500;101;

1110565;-38.666626;22.187500;0.021667;3.842500;104;

1110708;-50.666626;22.187500;0.021667;3.842500;105;

1110846;-50.666626;22.125000;0.021667;3.842500;104;

1110988;-48.000000;22.125000;0.021250;3.842500;102;

1111125;-50.666626;22.187500;0.021667;3.842500;105;

1111268;-41.333374;22.187500;0.021667;3.842500;104;

1111405;-38.666626;22.125000;0.021667;3.842500;103;

1111553;-36.000000;22.125000;0.021250;3.842500;107;

1111702;-36.000000;22.125000;0.021667;3.842500;104;

1111848;-36.000000;22.125000;0.021667;3.842500;107;

1112002;-50.666626;22.125000;0.021667;3.842500;105;

1112151;-32.000000;22.125000;0.021250;3.842500;106;

1112298;-36.000000;22.125000;0.021250;3.842500;103;

1112435;-36.000000;22.187500;0.021667;3.842500;105;

1112578;-36.000000;22.125000;0.021667;3.842500;104;

1112728;-36.000000;22.125000;0.021667;3.842500;104;

1112865;-38.666626;22.125000;0.021667;3.842500;107;

1113010;-36.000000;22.125000;0.021667;3.842500;106;

1113155;-36.000000;22.125000;0.021667;3.842500;104;

1113298;-36.000000;22.125000;0.021667;3.842500;107;

1113440;-34.666626;22.125000;0.021667;3.842500;107;

1113585;-32.000000;22.125000;0.021667;3.842500;105;

1113728;-30.666626;22.125000;0.021667;3.842500;106;

1113865;-25.333374;22.125000;0.021667;3.842500;104;

1114008;-25.333374;22.125000;0.021667;3.842500;106;

1114145;-22.666626;22.125000;0.021667;3.842500;103;

1114292;-25.333374;22.125000;0.021250;3.842500;103;

1114442;-25.333374;22.125000;0.021667;3.841667;104;

1114586;-21.333374;22.125000;0.021667;3.842500;105;

1114733;-21.333374;22.125000;0.021250;3.842500;105;

1114882;-18.666626;22.125000;0.021667;3.842500;105;

1115028;-22.666626;22.125000;0.021667;3.842500;106;

1115167;-25.333374;22.125000;0.021667;3.840834;106;

1115308;-22.666626;22.125000;0.021667;3.837084;107;

1115447;-22.666626;22.125000;0.021667;3.837084;103;

1115588;-29.333374;22.125000;0.021667;3.837084;106;

1115725;-22.666626;22.125000;0.021667;3.837084;102;

1115869;-30.666626;22.125000;0.021667;3.837084;106;

1116005;-30.666626;22.125000;0.021667;3.837084;105;

1116148;-30.666626;22.125000;0.021667;3.837084;106;

1116285;-22.666626;22.125000;0.021667;3.837084;105;

1116428;-37.333374;22.125000;0.021667;3.837500;104;

1116567;-34.666626;22.125000;0.021667;3.837500;104;

1116708;-22.666626;22.125000;0.021667;3.837084;104;

1116846;-32.000000;22.125000;0.021667;3.837084;105;

1116993;-32.000000;22.125000;0.021667;3.837084;106;

1117138;-36.000000;22.125000;0.021667;3.837500;107;

1117294;-34.666626;22.125000;0.021667;3.837084;105;

1117442;-37.333374;22.125000;0.021667;3.837084;105;

1117590;-36.000000;22.125000;0.021667;3.837084;105;

1117744;-38.666626;22.062500;0.021667;3.837084;107;

1117885;-50.666626;22.125000;0.021667;3.837084;105;

1118028;-50.666626;22.125000;0.021250;3.837084;104;

1118165;-41.333374;22.062500;0.021667;3.837500;106;

1118310;-50.666626;22.062500;0.021667;3.837500;103;

1118458;-49.333374;22.125000;0.021667;3.837500;104;

1118595;-38.666626;22.125000;0.021667;3.837084;106;

1118740;-48.000000;22.125000;0.021667;3.837084;106;

1118888;-41.333374;22.125000;0.021667;3.837084;103;

1119025;-41.333374;22.062500;0.021667;3.837084;105;

1119170;-37.333374;22.125000;0.021250;3.837084;105;

1119315;-41.333374;22.062500;0.021667;3.837084;105;

1119458;-34.666626;22.062500;0.021667;3.837084;105;

1119595;-36.000000;22.062500;0.021667;3.837084;106;

1119738;-32.000000;22.062500;0.021250;3.837500;105;

1119881;-34.666626;22.125000;0.021667;3.837084;106;

1120032;-34.666626;22.062500;0.021667;3.837084;103;

1120168;-26.666626;22.062500;0.021667;3.837500;106;

1120301;-30.666626;22.125000;0.021250;3.837084;107;

1120446;-21.333374;22.062500;0.021667;3.837084;106;

1120577;-21.333374;22.062500;0.021667;3.837084;105;

1120717;-17.333374;22.062500;3.836667;3.837084;106;

1120863;-13.333374;22.062500;0.021667;3.836667;104;

1121014;-8.000000;22.062500;0.021667;3.837084;104;

1121158;-5.333374;22.062500;0.021250;3.834167;103;

1121296;-4.000000;22.062500;0.021667;3.833334;106;

1121438;-2.666626;22.062500;0.021667;3.834167;104;

1121576;-2.666626;22.062500;0.021667;3.835417;107;

1121718;-4.000000;22.062500;0.021667;3.832083;107;

1121857;-5.333374;22.062500;0.021667;3.832083;106;

1121998;-4.000000;22.062500;0.021667;3.832500;104;

1122135;-4.000000;22.062500;0.021667;3.831667;106;

1122279;-5.333374;22.062500;0.021667;3.831667;104;

1122428;-8.000000;22.062500;0.021667;3.832083;103;

1122566;-16.000000;22.062500;0.021667;3.832083;106;

1122708;-17.333374;22.062500;0.021667;3.831667;107;

1122845;-21.333374;22.062500;0.021667;3.832083;102;

1122988;-22.666626;22.062500;0.021667;3.832083;105;

1123122;-21.333374;22.062500;0.021667;3.831667;106;

1123275;-22.666626;22.062500;0.021667;3.831667;105;

1123408;-25.333374;22.062500;0.021667;3.832083;104;

1123565;-22.666626;22.062500;0.021667;3.832083;105;

1123714;-25.333374;22.062500;0.021250;3.832083;104;

1123859;-26.666626;22.062500;0.021667;3.831667;105;

1124014;-22.666626;22.062500;0.021667;3.832083;105;

1124158;-25.333374;22.062500;0.021667;3.831667;104;

1124298;-25.333374;22.062500;0.021667;3.831667;104;

1124435;-22.666626;22.062500;0.021667;3.831667;103;

1124578;-22.666626;22.062500;0.021667;3.832083;107;

1124717;-21.333374;22.062500;0.021250;3.831667;107;

1124858;-25.333374;22.062500;0.021667;3.831667;106;

1124995;-25.333374;22.062500;0.021667;3.831667;104;

1125139;-26.666626;22.062500;0.021667;3.832083;106;

1125288;-26.666626;22.062500;0.021667;3.832083;103;

1125425;-26.666626;22.062500;0.021667;3.831667;105;

1125569;-25.333374;22.062500;0.021667;3.831667;104;

1125706;-32.000000;22.062500;0.021667;3.832083;105;

1125850;-32.000000;22.062500;0.021250;3.832083;105;

1125995;-30.666626;22.062500;0.021667;3.831667;105;

1126143;-32.000000;22.062500;0.021250;3.832083;104;

1126293;-38.666626;22.062500;0.021667;3.832083;104;

1126438;-38.666626;22.062500;0.021250;3.832083;105;

1126581;-36.000000;22.062500;0.021250;3.832083;104;

1126734;-37.333374;22.062500;0.021667;3.831667;105;

1126878;-36.000000;22.000000;0.021667;3.832083;106;

1127015;-41.333374;22.000000;0.021667;3.832083;106;

1127159;-38.666626;22.062500;0.021667;3.832083;103;

1127305;-40.000000;22.000000;0.021667;3.832083;106;

1127448;-36.000000;22.000000;0.021667;3.832083;107;

1127585;-41.333374;22.000000;0.021250;3.832083;107;

1127728;-32.000000;22.062500;0.021667;3.832083;105;

1127867;-36.000000;22.062500;0.021667;3.832083;104;

1128008;-32.000000;22.000000;0.021667;3.832083;104;

1128149;-36.000000;22.000000;0.021667;3.832083;106;

1128297;-30.666626;22.000000;0.021667;3.832083;106;

1128438;-30.666626;22.000000;0.021667;3.831667;105;

1128575;-30.666626;22.000000;0.021667;3.832083;107;

1128718;-38.666626;22.000000;0.021250;3.832083;105;

1128856;-32.000000;22.000000;3.831667;3.832083;106;

1129005;-36.000000;22.000000;0.021667;3.831667;106;

1129164;-30.666626;22.000000;0.021667;3.832083;104;

1129298;-36.000000;22.000000;0.021667;3.831250;103;

1129451;-34.666626;22.000000;0.021250;3.831667;105;

1129598;-36.000000;22.000000;0.021667;3.832083;104;

1129737;-34.666626;22.000000;0.021667;3.830417;104;

1129878;-34.666626;22.000000;0.021667;3.830833;105;

1130018;-36.000000;22.000000;0.021667;3.827917;104;

1130156;-36.000000;22.000000;0.021667;3.827500;107;

1130298;-36.000000;22.000000;0.021667;3.828750;103;

1130435;-36.000000;22.000000;0.021667;3.826667;103;

1130579;-38.666626;22.000000;0.021667;3.826250;107;

1130715;-37.333374;22.000000;0.021667;3.826250;104;

1130858;-37.333374;22.000000;0.021667;3.826667;105;

1130996;-36.000000;22.000000;0.021667;3.826667;106;

1131138;-36.000000;22.000000;0.021667;3.826667;105;

1131275;-37.333374;22.000000;0.021667;3.826667;102;

1131418;-36.000000;22.000000;0.021667;0.021667;105;

1131558;-38.666626;22.000000;0.021667;3.826667;106;

1131712;-36.000000;22.000000;0.021667;3.826250;106;

1131862;-36.000000;22.000000;0.021667;3.826667;104;

1132006;-37.333374;22.000000;3.826667;3.826667;105;

1132152;-34.666626;22.000000;0.021667;3.826667;109;

1132300;-37.333374;22.000000;0.021667;3.826667;103;

1132448;-38.666626;22.000000;0.021667;3.826667;106;

1132585;-41.333374;22.000000;0.021667;3.826667;106;

1132730;-38.666626;22.000000;0.021667;3.826667;107;

1132875;-36.000000;22.000000;0.021667;3.826667;105;

1133018;-34.666626;22.000000;0.021667;3.826667;106;

1133160;-32.000000;22.000000;0.021667;3.826667;106;

1133305;-34.666626;22.000000;0.021667;3.826667;107;

1133448;-38.666626;22.000000;0.021667;3.826667;105;

1133587;-34.666626;22.000000;0.021667;3.826667;105;

1133728;-34.666626;22.000000;0.021667;3.826667;105;

1133865;-34.666626;22.000000;0.021667;3.826667;105;

1134008;-34.666626;22.000000;0.021667;3.826667;105;

1134145;-36.000000;22.000000;0.021667;3.826667;103;

1134293;-32.000000;22.000000;0.021667;3.826667;106;

1134445;-25.333374;22.000000;0.021667;3.826667;105;

1134583;-22.666626;22.000000;0.021667;3.826667;103;

1134728;-21.333374;22.000000;0.021667;3.826667;103;

1134868;-22.666626;22.000000;0.021667;3.826667;108;

1135008;-21.333374;22.000000;0.021667;3.826667;106;

1135162;-22.666626;22.000000;0.021667;3.826667;105;

1135302;-21.333374;22.000000;0.021667;3.826667;107;

1135450;-22.666626;22.000000;0.021667;3.826667;103;

1135598;-20.000000;22.000000;0.021667;3.825417;103;

1135735;-17.333374;22.000000;0.021667;3.826667;104;

1135880;-20.000000;22.000000;0.021667;3.825417;104;

1136028;-22.666626;22.000000;0.021667;3.824584;104;

1136165;-21.333374;21.937500;0.021250;3.822917;104;

1136310;-22.666626;22.000000;0.021667;3.822500;105;

1136458;-22.666626;22.000000;0.021667;3.822500;106;

1136595;-22.666626;22.000000;0.021667;3.821250;104;

1136738;-32.000000;22.000000;0.021667;3.821250;107;

1136875;-30.666626;21.937500;0.021667;3.821250;104;

1137018;-29.333374;22.000000;0.021667;3.821250;107;

1137155;-34.666626;22.000000;0.021667;3.821250;105;

1137304;-34.666626;21.937500;0.021667;3.821250;103;

1137441;-34.666626;21.937500;0.021667;3.821250;107;

1137588;-32.000000;21.937500;3.821250;3.821250;104;

1137718;-32.000000;21.937500;0.021667;3.821250;104;

1137872;-38.666626;22.000000;0.021667;3.821250;104;

1138021;-38.666626;21.937500;0.021667;3.821250;107;

1138170;-36.000000;21.937500;0.021250;3.821250;102;

1138319;-32.000000;21.937500;0.021250;3.821250;102;

1138468;-34.666626;22.000000;0.021250;3.821250;105;

1138610;-26.666626;21.937500;0.021667;3.821250;106;

1138755;-36.000000;21.937500;0.021667;3.821667;107;

1138898;-32.000000;21.937500;0.021667;3.821250;103;

1139037;-37.333374;21.937500;0.021667;3.821250;104;

1139178;-34.666626;21.937500;0.021667;3.821250;104;

1139317;-32.000000;21.937500;0.021667;3.821250;104;

1139458;-34.666626;21.937500;0.021667;3.821250;103;

1139598;-34.666626;21.937500;0.021667;3.821250;105;

1139736;-36.000000;21.937500;0.021667;3.821250;106;

1139878;-32.000000;21.937500;0.021667;3.821250;104;

1140017;-34.666626;21.937500;0.021667;3.821250;105;

1140158;-25.333374;21.937500;0.021667;3.821250;103;

1140298;-25.333374;21.937500;0.021667;3.821250;105;

1140425;-25.333374;21.937500;3.821250;3.821250;106;

1140574;-22.666626;21.937500;0.021667;3.821250;106;

1140723;-22.666626;21.937500;0.021667;3.821250;105;

1140871;-22.666626;21.937500;0.021667;3.821250;105;

1141026;-18.666626;21.937500;0.021667;3.821667;105;

1141168;-17.333374;21.937500;0.021667;3.821250;104;

1141308;-18.666626;21.937500;0.021667;3.821667;106;

1141445;-22.666626;21.937500;0.021667;3.821250;105;

1141588;-22.666626;21.937500;0.021667;3.821250;106;

1141725;-22.666626;21.937500;0.021667;3.821250;104;

1141868;-17.333374;21.937500;0.021667;3.821250;107;

1142005;-17.333374;21.937500;0.021667;3.821250;105;

1142148;-18.666626;21.937500;0.021667;3.821250;102;

1142285;-21.333374;21.937500;0.021667;3.820000;106;

1142428;-20.000000;21.937500;0.021667;3.819584;103;

1142567;-18.666626;21.937500;0.021667;3.819167;105;

1142708;-17.333374;21.937500;0.021667;3.817500;103;

1142847;-17.333374;21.937500;0.021667;3.815833;104;

1142988;-18.666626;21.937500;0.021667;3.816250;105;

1143128;-17.333374;21.937500;0.021667;3.816250;101;

1143272;-22.666626;21.937500;0.021667;3.815833;105;

1143418;-18.666626;21.937500;0.021667;3.816250;106;

1143577;-17.333374;21.937500;0.021667;3.816250;104;

1143724;-13.333374;21.937500;0.021667;3.816250;105;

1143860;-8.000000;21.937500;0.021667;3.815833;107;

1144005;-13.333374;21.937500;0.021667;3.815833;104;

1144148;-16.000000;21.937500;0.021250;3.815833;105;

1144287;-13.333374;21.937500;0.021667;3.816250;106;

1144428;-16.000000;21.937500;0.021667;3.816250;104;

1144570;-8.000000;21.937500;0.021667;3.815833;103;

1144715;-10.666626;21.937500;0.021667;3.815833;105;

1144858;-8.000000;21.937500;0.021250;3.816250;105;

1144997;-13.333374;21.937500;0.021667;3.815833;108;

1145138;-13.333374;21.937500;0.021250;3.815833;104;

1145277;-16.000000;21.937500;0.021667;3.815833;105;

1145418;-16.000000;21.937500;0.021667;3.815833;104;

1145557;-16.000000;21.937500;0.021667;3.815833;106;

1145698;-18.666626;21.937500;0.021667;3.815833;102;

1145840;-21.333374;21.937500;0.021250;3.815833;106;

1145994;-20.000000;21.937500;0.021667;3.816250;109;

1146134;-20.000000;21.937500;0.021667;3.816250;104;

1146277;-18.666626;21.937500;0.021667;3.815833;104;

1146426;-22.666626;21.937500;0.021667;3.815833;105;

1146568;-22.666626;21.937500;0.021667;3.815833;106;

1146705;-22.666626;21.937500;0.021667;3.815833;107;

1146848;-25.333374;21.937500;0.021667;3.815833;105;

1146986;-22.666626;21.937500;0.021667;3.815833;106;

1147128;-29.333374;21.937500;0.021667;3.815833;103;

1147265;-25.333374;21.937500;0.021667;3.815833;106;

1147408;-21.333374;21.937500;0.021667;3.816250;105;

1147545;-25.333374;21.875000;0.021667;3.815833;106;

1147689;-22.666626;21.875000;0.021667;3.816250;104;

1147828;-29.333374;21.875000;0.021667;3.816250;108;

1147966;-25.333374;21.875000;0.021667;3.815833;106;

1148108;-30.666626;21.937500;0.021667;3.815417;104;

1148245;-22.666626;21.875000;0.021667;3.815833;105;

1148390;-34.666626;21.937500;0.021667;3.812083;104;

1148535;-34.666626;21.937500;0.021667;3.812917;107;

1148688;-25.333374;21.875000;0.021667;3.813750;107;

1148843;-36.000000;21.937500;0.021667;3.810834;104;

1148993;-36.000000;21.875000;0.021250;3.812083;105;

1149137;-36.000000;21.875000;0.021667;3.810834;104;

1149290;-38.666626;21.875000;0.021667;3.810834;105;

1149438;-38.666626;21.937500;0.021667;3.810417;105;

1149578;-36.000000;21.875000;0.021667;3.810834;104;

1149716;-41.333374;21.875000;0.021667;3.810834;107;

1149858;-41.333374;21.875000;0.021667;3.810834;105;

1149995;-38.666626;21.875000;0.021667;3.810834;105;

1150139;-48.000000;21.875000;0.021667;3.810834;106;

1150285;-38.666626;21.875000;0.021250;3.810834;105;

1150428;-38.666626;21.875000;0.021667;3.810834;104;

1150565;-36.000000;21.875000;0.021250;3.810834;105;

1150708;-38.666626;21.875000;0.021667;3.810834;106;

1150845;-38.666626;21.875000;0.021667;3.810417;106;

1150988;-38.666626;21.875000;0.021667;3.810834;105;

1151130;-36.000000;21.875000;0.021667;3.810834;105;

1151276;-36.000000;21.875000;3.810834;3.810834;107;

1151415;-36.000000;21.875000;3.810834;3.810834;105;

1151547;-38.666626;21.875000;0.021667;3.810834;105;

1151702;-34.666626;21.875000;0.021667;3.810834;105;

1151855;-38.666626;21.875000;0.021250;3.810834;103;

1151999;-38.666626;21.875000;0.021667;3.810834;105;

1152148;-32.000000;21.875000;0.021667;3.810834;105;

1152289;-48.000000;21.875000;0.021250;3.810834;107;

1152436;-41.333374;21.875000;0.021667;3.810417;106;

1152578;-38.666626;21.875000;0.021667;3.810834;106;

1152720;-41.333374;21.875000;0.021667;3.810834;106;

1152865;-38.666626;21.875000;0.021667;3.810834;107;

1153008;-48.000000;21.875000;0.021667;3.810834;106;

1153146;-38.666626;21.875000;0.021667;3.810834;103;

1153288;-36.000000;21.875000;0.021667;3.810834;104;

1153427;-36.000000;21.875000;0.021667;3.810834;104;

1153568;-36.000000;21.875000;0.021667;3.810834;105;

1153705;-37.333374;21.875000;0.021667;3.810834;106;

1153848;-36.000000;21.875000;0.021667;3.810834;108;

1153985;-48.000000;21.875000;0.021667;3.810000;104;

1154132;-41.333374;21.875000;0.021667;3.810834;105;

1154283;-53.333374;21.875000;0.021250;3.810834;105;

1154428;-50.666626;21.875000;0.021667;3.808750;106;

1154582;-48.000000;21.875000;0.021667;3.810834;105;

1154733;-50.666626;21.875000;0.021667;3.808333;106;

1154878;-50.666626;21.875000;0.021667;3.806667;105;

1155015;-50.666626;21.875000;0.021250;3.809167;105;

1155159;-50.666626;21.875000;0.021667;3.805417;104;

1155308;-50.666626;21.875000;0.021667;3.806250;106;

1155445;-50.666626;21.875000;0.021667;3.805417;107;

1155589;-50.666626;21.875000;0.021667;3.805417;107;

1155735;-50.666626;21.875000;0.021667;3.805417;103;

1155878;-49.333374;21.875000;0.021667;3.805417;105;

1156018;-50.666626;21.875000;0.021667;3.805417;106;

1156155;-53.333374;21.875000;0.021667;3.805417;102;

1156299;-53.333374;21.875000;0.021667;3.805417;108;

1156445;-50.666626;21.875000;0.021667;3.805417;105;

1156589;-49.333374;21.875000;0.021667;3.805417;105;

1156725;-50.666626;21.875000;0.021250;3.805417;107;

1156872;-48.000000;21.875000;0.021667;3.805417;106;

1157028;-50.666626;21.875000;0.021667;3.805417;105;

1157169;-40.000000;21.875000;0.021667;3.805417;107;

1157323;-53.333374;21.875000;0.021667;3.805417;105;

1157467;-48.000000;21.812500;0.021250;3.805417;104;

1157608;-41.333374;21.812500;0.021667;3.805417;103;

1157745;-38.666626;21.812500;0.021667;3.805417;106;

1157888;-42.666626;21.812500;0.021667;3.805417;106;

1158025;-36.000000;21.875000;0.021667;3.805417;104;

1158168;-36.000000;21.875000;0.021667;3.805417;107;

1158305;-32.000000;21.875000;0.021667;3.805417;107;

1158448;-36.000000;21.875000;0.021667;3.805417;105;

1158587;-34.666626;21.875000;0.021667;3.805417;105;

1158728;-30.666626;21.875000;0.021667;3.805417;106;

1158865;-34.666626;21.875000;0.021667;3.805417;105;

1159008;-38.666626;21.875000;0.021667;3.805417;104;

1159145;-36.000000;21.812500;0.021667;3.805417;104;

1159290;-34.666626;21.812500;0.021667;3.805417;106;

1159438;-30.666626;21.812500;0.021250;3.805417;107;

1159577;-30.666626;21.875000;3.805417;3.805834;105;

1159716;-30.666626;21.812500;3.805417;3.805417;106;

1159862;-32.000000;21.812500;3.805417;3.805417;107;

1160013;-25.333374;21.812500;0.021667;3.805417;104;

1160158;-25.333374;21.812500;0.021667;3.805417;106;

1160306;-32.000000;21.812500;0.021667;3.805417;104;

1160448;-30.666626;21.812500;0.021667;3.805417;106;

1160585;-34.666626;21.812500;0.021667;3.805417;105;

1160728;-37.333374;21.812500;0.021667;3.805417;107;

1160868;-32.000000;21.812500;0.021250;3.803750;104;

1161015;-34.666626;21.812500;0.021667;3.805000;107;

1161158;-38.666626;21.812500;0.021667;3.804584;105;

1161296;-36.000000;21.812500;0.021667;3.801250;103;

1161438;-36.000000;21.812500;0.021667;3.802500;107;

1161575;-36.000000;21.812500;0.021667;3.805417;106;

1161718;-37.333374;21.812500;0.021667;3.801250;107;

1161855;-38.666626;21.812500;0.021667;3.800000;105;

1161998;-37.333374;21.875000;0.021667;3.800000;104;

1162148;-38.666626;21.812500;0.021667;3.800000;106;

1162289;-38.666626;21.812500;0.021667;3.800000;102;

1162444;-48.000000;21.812500;0.021667;3.800417;107;

1162577;-38.666626;21.812500;0.021667;3.800000;106;

1162733;-38.666626;21.812500;0.021667;3.800000;107;

1162879;-50.666626;21.812500;0.021667;3.800000;106;

1163028;-41.333374;21.812500;0.021667;3.800000;106;

1163165;-48.000000;21.812500;0.021667;3.800000;105;

1163308;-38.666626;21.812500;0.021667;3.800000;106;

1163445;-38.666626;21.812500;0.021667;3.800000;106;

1163588;-48.000000;21.812500;0.021667;3.800000;106;

1163727;-49.333374;21.812500;0.021667;3.800000;105;

1163868;-41.333374;21.812500;0.021667;3.800000;105;

1164010;-38.666626;21.812500;0.021667;3.800000;109;

1164155;-50.666626;21.812500;0.021667;3.800000;104;

1164298;-50.666626;21.812500;0.021250;3.800000;107;

1164437;-38.666626;21.812500;0.021667;3.800000;107;

1164578;-41.333374;21.812500;0.021667;3.800000;103;

1164717;-38.666626;21.812500;0.021667;3.800000;108;

1164858;-50.666626;21.812500;0.021667;3.800000;105;

1164999;-53.333374;21.812500;0.021250;3.800417;105;

1165145;-50.666626;21.812500;0.021250;3.800000;104;

1165292;-50.666626;21.812500;0.021667;3.800000;106;

1165441;-41.333374;21.812500;0.021667;3.800000;107;

1165576;-48.000000;21.812500;0.021667;3.800000;106;

1165707;-48.000000;21.812500;0.021667;3.800000;104;

1165858;-53.333374;21.812500;0.021667;3.800000;106;

1165998;-53.333374;21.812500;0.021667;3.800000;107;

1166135;-53.333374;21.812500;0.021667;3.800000;105;

1166278;-58.666626;21.812500;0.021667;3.800000;105;

1166415;-60.000000;21.812500;0.021667;3.800000;103;

1166559;-58.666626;21.812500;0.021250;3.800000;104;

1166705;-70.666626;21.812500;0.021667;3.800000;102;

1166848;-60.000000;21.812500;0.021667;3.800000;107;

1166986;-58.666626;21.812500;0.021667;3.800000;103;

1167128;-57.333374;21.812500;0.021667;3.800000;107;

1167270;-50.666626;21.812500;0.021250;3.800000;107;

1167415;-50.666626;21.812500;0.021250;3.800000;105;

1167558;-48.000000;21.812500;0.021667;3.800000;107;

1167696;-36.000000;21.812500;0.021667;3.800000;104;

1167843;-34.666626;21.812500;0.021667;3.800000;105;

1167992;-32.000000;21.812500;0.021250;3.800000;105;

1168138;-30.666626;21.812500;0.021667;3.799167;104;

1168278;-22.666626;21.812500;3.798750;3.799167;107;

1168410;-17.333374;21.812500;0.021250;3.798750;106;

1168562;-22.666626;21.812500;0.021667;3.797500;106;

1168708;-17.333374;21.812500;0.021667;3.795417;105;

1168845;-13.333374;21.812500;0.021667;3.795834;105;

1168988;-13.333374;21.812500;0.021667;3.795000;105;

1169125;-8.000000;21.812500;0.021667;3.795000;103;

1169269;-10.666626;21.812500;0.021667;3.795000;105;

1169418;-8.000000;21.812500;0.021667;3.794584;107;

1169557;0.000000;21.812500;0.021667;3.794584;108;

1169698;-2.666626;21.812500;0.021667;3.795000;104;

1169837;0.000000;21.812500;0.021667;3.794584;105;

1169978;-4.000000;21.812500;0.021667;3.795000;106;

1170117;-1.333374;21.812500;0.021250;3.794584;105;

1170258;1.333374;21.812500;0.021667;3.795000;104;

1170397;-1.333374;21.812500;0.021667;3.795000;105;

1170538;-1.333374;21.812500;0.021667;3.794584;104;

1170675;0.000000;21.750000;0.021667;3.794584;105;

1170822;-4.000000;21.812500;0.021667;3.794584;106;

1170968;-8.000000;21.812500;3.794584;3.794584;107;

1171113;-5.333374;21.750000;0.021667;3.794584;104;

1171264;-8.000000;21.812500;0.021667;3.794584;105;

1171406;-13.333374;21.812500;0.021250;3.794584;104;

1171545;-10.666626;21.750000;0.021667;3.794584;106;

1171688;-13.333374;21.812500;0.021667;3.795000;104;

1171825;-13.333374;21.750000;0.021667;3.795000;105;

1171970;-13.333374;21.812500;0.021667;3.794584;104;

1172118;-8.000000;21.812500;0.021667;3.794584;104;

1172255;-13.333374;21.812500;0.021667;3.794584;106;

1172398;-8.000000;21.812500;0.021667;3.794584;107;

1172535;-13.333374;21.750000;0.021250;3.794584;105;

1172680;-17.333374;21.750000;0.021667;3.794584;104;

1172825;-17.333374;21.812500;0.021667;3.795000;105;

1172968;-20.000000;21.750000;0.021667;3.794584;105;

1173106;-22.666626;21.812500;0.021667;3.794584;106;

1173248;-22.666626;21.812500;0.021667;3.794584;106;

1173385;-25.333374;21.750000;0.021667;3.794584;107;

1173532;-34.666626;21.750000;0.021667;3.795000;105;

1173683;-48.000000;21.750000;0.021667;3.794584;107;

1173832;-50.666626;21.812500;0.021250;3.795000;103;

1173983;-53.333374;21.750000;0.021667;3.795000;104;

1174129;-53.333374;21.812500;0.021667;3.794584;106;

1174268;-58.666626;21.750000;0.021667;3.794584;104;

1174405;-58.666626;21.750000;0.021667;3.794584;105;

1174548;-61.333374;21.750000;0.021667;3.794584;105;

1174685;-58.666626;21.750000;0.021667;3.795000;102;

1174828;-70.666626;21.750000;0.021667;3.795000;106;

1174965;-58.666626;21.812500;0.021667;3.794584;103;

1175108;-64.000000;21.750000;0.021667;3.794584;105;

1175245;-58.666626;21.750000;0.021667;3.794584;104;

1175388;-58.666626;21.750000;0.021667;3.794584;105;

1175525;-57.333374;21.750000;0.021667;3.794584;105;

1175668;-57.333374;21.750000;0.021250;3.795000;106;

1175805;-56.000000;21.750000;0.021250;3.794584;105;

1175948;-53.333374;21.750000;0.021667;3.794584;105;

1176085;-50.666626;21.750000;0.021667;3.794584;106;

1176233;-53.333374;21.750000;0.021667;3.794584;105;

1176384;-49.333374;21.750000;0.021667;3.795000;106;

1176528;-50.666626;21.750000;0.021667;3.794584;103;

1176675;-50.666626;21.750000;0.021250;3.793333;104;

1176827;-53.333374;21.750000;0.021667;3.793750;104;

1176955;-50.666626;21.750000;0.021667;3.792917;105;

1177098;-50.666626;21.750000;0.021667;3.792084;106;

1177237;-50.666626;21.750000;0.021667;3.789583;105;

1177378;-50.666626;21.750000;0.021667;3.789167;104;

1177515;-53.333374;21.750000;0.021667;3.789583;105;

1177658;-57.333374;21.750000;0.021667;3.789583;105;

1177795;-56.000000;21.750000;0.021667;3.789167;105;

1177938;-57.333374;21.750000;0.021667;3.789583;106;

1178075;-57.333374;21.750000;0.021667;3.789583;106;

1178220;-57.333374;21.750000;0.021667;3.789583;104;

1178368;-53.333374;21.750000;0.021667;3.789583;106;

1178505;-50.666626;21.750000;0.021667;3.789583;106;

1178650;-50.666626;21.750000;0.021250;3.789583;106;

1178798;-50.666626;21.750000;0.021667;3.789583;109;

1178938;-50.666626;21.750000;0.021250;3.789167;104;

1179078;-53.333374;21.750000;0.021667;3.789583;109;

1179229;-53.333374;21.750000;0.021250;3.789583;106;

1179374;-56.000000;21.750000;3.789167;3.789167;108;

1179523;-50.666626;21.750000;0.021667;3.789167;104;

1179655;-53.333374;21.750000;0.021667;3.789583;104;

1179799;-50.666626;21.750000;0.021250;3.789583;106;

1179945;-50.666626;21.750000;0.021667;3.789583;104;

1180090;-56.000000;21.750000;0.021667;3.789167;106;

1180238;-53.333374;21.750000;0.021667;3.789583;103;

1180375;-58.666626;21.750000;0.021667;3.789583;105;

1180519;-58.666626;21.750000;0.021667;3.789167;106;

1180668;-64.000000;21.750000;0.021667;3.789583;103;

1180805;-60.000000;21.750000;0.021667;3.789583;104;

1180948;-62.666626;21.750000;0.021250;3.789583;105;

1181085;-64.000000;21.750000;0.021667;3.789583;103;

1181230;-66.666626;21.750000;0.021667;3.789583;105;

1181375;-70.666626;21.750000;0.021667;3.789583;107;

1181518;-64.000000;21.687500;0.021667;3.789583;104;

1181658;-70.666626;21.750000;0.021667;3.789167;104;

1181805;-64.000000;21.750000;0.021667;3.789583;108;

1181953;-58.666626;21.750000;0.021667;3.789167;105;

1182098;-58.666626;21.750000;0.021667;3.789583;103;

1182246;-57.333374;21.750000;0.021667;3.789583;108;

1182393;-64.000000;21.687500;0.021667;3.789583;105;

1182538;-62.666626;21.750000;0.021667;3.789167;105;

1182675;-58.666626;21.750000;0.021667;3.789583;105;

1182818;-58.666626;21.750000;0.021667;3.789583;105;

1182955;-66.666626;21.750000;0.021667;3.787500;106;

1183098;-68.000000;21.750000;0.021667;3.786667;106;

1183237;-66.666626;21.750000;0.021667;3.785417;104;

1183378;-70.666626;21.750000;0.021667;3.787500;105;

1183515;-70.666626;21.687500;0.021667;3.784167;103;

1183659;-70.666626;21.750000;0.021667;3.784167;104;

1183808;-73.333374;21.687500;0.021250;3.784167;105;

1183945;-76.000000;21.750000;0.021667;3.784167;105;

1184088;-73.333374;21.750000;0.021667;3.784167;105;

1184225;-84.000000;21.750000;0.021667;3.784167;106;

1184368;-84.000000;21.750000;0.021667;3.784167;110;

1184505;-81.333374;21.687500;0.021667;3.784167;106;

1184652;-81.333374;21.687500;0.021250;3.784167;106;

1184787;-84.000000;21.687500;0.021667;3.784167;104;

1184937;-89.333374;21.687500;3.784167;3.784167;105;

1185076;-84.000000;21.750000;3.784167;3.784167;107;

1185226;-88.000000;21.750000;0.021667;3.784167;105;

1185372;-89.333374;21.750000;0.021667;3.784167;107;

1185518;-88.000000;21.687500;0.021667;3.784167;104;

1185655;-89.333374;21.687500;0.021250;3.784167;104;

1185798;-90.666626;21.687500;0.021250;3.784167;107;

1185935;-89.333374;21.687500;0.021667;3.784167;102;

1186079;-86.666626;21.687500;0.021667;3.784167;104;

1186216;-86.666626;21.687500;0.021667;3.784167;105;

1186358;-88.000000;21.687500;0.021667;3.784167;107;

1186496;-84.000000;21.750000;0.021667;3.784167;107;

1186638;-84.000000;21.750000;0.021667;3.784167;105;

1186775;-84.000000;21.750000;0.021667;3.784167;105;

1186918;-73.333374;21.687500;0.021667;3.784167;104;

1187055;-77.333374;21.687500;0.021250;3.784167;108;

1187198;-76.000000;21.687500;0.021667;3.784167;106;

1187335;-73.333374;21.687500;0.021667;3.784167;105;

1187478;-70.666626;21.687500;3.784167;3.784167;105;

1187615;-68.000000;21.687500;0.021667;3.784167;108;

1187748;-66.666626;21.687500;0.021667;3.784167;105;

1187874;-64.000000;21.750000;0.021250;3.784167;107;

1188008;-64.000000;21.687500;0.021667;3.784167;105;

1188157;-64.000000;21.687500;0.021667;3.784167;106;

1188288;-64.000000;21.687500;0.021250;3.784167;107;

1188435;-58.666626;21.687500;0.021667;3.784167;103;

1188576;-60.000000;21.687500;0.021667;3.784167;105;

1188720;-60.000000;21.687500;0.021667;3.784167;105;

1188868;-62.666626;21.687500;0.021667;3.784167;107;

1189005;-66.666626;21.687500;0.021667;3.783334;104;

1189150;-66.666626;21.687500;0.021667;3.782917;109;

1189298;-68.000000;21.687500;0.021250;3.781250;107;

1189435;-66.666626;21.687500;0.021667;3.780833;109;

1189580;-64.000000;21.687500;0.021667;3.780000;105;

1189725;-64.000000;21.687500;0.021667;3.779583;103;

1189868;-70.666626;21.687500;0.021667;3.779167;107;

1190009;-70.666626;21.687500;0.021667;3.779167;109;

1190145;-70.666626;21.687500;0.021667;3.778750;106;

1190290;-68.000000;21.687500;0.021667;3.778750;106;

1190435;-66.666626;21.687500;0.021667;3.778750;105;

1190588;-66.666626;21.687500;3.778750;3.778750;106;

1190733;-64.000000;21.687500;0.021667;3.778750;108;

1190879;-68.000000;21.687500;0.021667;3.778750;105;

1191027;-66.666626;21.687500;0.021250;3.778750;104;

1191175;-68.000000;21.687500;0.021667;3.778750;103;

1191315;-66.666626;21.687500;0.021667;3.778750;104;

1191458;-70.666626;21.687500;0.021667;3.779167;105;

1191598;-73.333374;21.687500;0.021667;3.778750;105;

1191745;-73.333374;21.687500;0.021667;3.778750;106;

1191888;-66.666626;21.687500;0.021667;3.778750;104;

1192027;-66.666626;21.687500;0.021667;3.778750;106;

1192168;-70.666626;21.687500;0.021667;3.779167;106;

1192307;-70.666626;21.687500;0.021250;3.778750;104;

1192448;-64.000000;21.687500;0.021667;3.778750;105;

1192585;-58.666626;21.687500;0.021250;3.778750;107;

1192728;-57.333374;21.687500;0.021667;3.778750;105;

1192865;-50.666626;21.687500;0.021250;3.778750;103;

1193009;-50.666626;21.687500;0.021667;3.778750;106;

1193158;-34.666626;21.687500;0.021667;3.778750;107;

1193298;-30.666626;21.687500;0.021250;3.778750;104;

1193452;-18.666626;21.687500;0.021667;3.778750;104;

1193602;-20.000000;21.687500;0.021667;3.778750;107;

1193751;-17.333374;21.687500;0.021667;3.778750;106;

1193898;-17.333374;21.687500;0.021667;3.779167;106;

1194033;-17.333374;21.687500;0.021667;3.778750;106;

1194165;-13.333374;21.687500;0.021667;3.778750;106;

1194308;-17.333374;21.687500;0.021667;3.778750;106;

1194445;-20.000000;21.687500;0.021667;3.778750;106;

1194588;-17.333374;21.687500;0.021667;3.778750;105;

1194727;-22.666626;21.687500;0.021667;3.778750;104;

1194868;-21.333374;21.687500;0.021667;3.778750;106;

1195005;-21.333374;21.625000;0.021667;3.778750;104;

1195149;-22.666626;21.687500;0.021667;3.778750;105;

1195298;-30.666626;21.687500;0.021667;3.778750;104;

1195435;-22.666626;21.687500;0.021667;3.778750;102;

1195580;-22.666626;21.687500;0.021667;3.778750;106;

1195725;-26.666626;21.687500;0.021667;3.778750;103;

1195868;-20.000000;21.687500;0.021667;3.778750;103;

1196005;-22.666626;21.687500;0.021667;3.779167;105;

1196152;-21.333374;21.687500;0.021667;3.778750;104;

1196298;-32.000000;21.687500;0.021667;3.778750;106;

1196448;-22.666626;21.687500;0.021667;3.778750;105;

1196582;-29.333374;21.687500;0.021667;3.778750;106;

1196722;-22.666626;21.687500;0.021667;3.778750;109;

1196864;-22.666626;21.687500;0.021667;3.778750;104;

1197003;-38.666626;21.687500;0.021667;3.778750;106;

1197152;-22.666626;21.687500;0.021667;3.778750;102;

1197305;-20.000000;21.625000;0.021667;3.778750;105;

1197448;-32.000000;21.687500;0.021667;3.778750;106;

1197585;-30.666626;21.687500;0.021667;3.778750;105;

1197730;-22.666626;21.687500;0.021667;3.777500;106;

1197875;-17.333374;21.687500;0.021667;3.775833;103;

1198018;-13.333374;21.687500;0.021667;3.776250;106;

1198159;-30.666626;21.625000;0.021667;3.774583;102;

1198305;-25.333374;21.687500;0.021250;3.775000;106;

1198448;-17.333374;21.687500;0.021667;3.774167;106;

1198585;-4.000000;21.625000;0.021667;3.773334;104;

1198728;-4.000000;21.687500;0.021667;3.773334;106;

1198865;-16.000000;21.687500;0.021667;3.773334;103;

1199008;-17.333374;21.687500;0.021250;3.773334;101;

1199145;-21.333374;21.687500;0.021250;3.773750;107;

1199290;-17.333374;21.687500;0.021667;3.773750;105;

1199438;-18.666626;21.625000;3.773334;3.773334;104;

1199573;-30.666626;21.625000;0.021667;3.773334;105;

1199708;-29.333374;21.687500;0.021667;3.773750;105;

1199842;-32.000000;21.625000;0.021250;3.773334;106;

1199987;-22.666626;21.687500;0.021667;3.773750;104;

1200141;-8.000000;21.625000;0.021667;3.773750;104;

1200293;-32.000000;21.625000;0.021667;3.773334;105;

1200440;-30.666626;21.625000;0.021667;3.773334;107;

1200590;-37.333374;21.625000;0.021667;3.773334;106;

1200735;-36.000000;21.625000;0.021667;3.773334;104;

1200878;-45.333374;21.625000;0.021250;3.773750;105;

1201015;-29.333374;21.625000;0.021667;3.773334;107;

1201158;-48.000000;21.625000;0.021667;3.773750;104;

1201298;-34.666626;21.625000;0.021667;3.773750;107;

1201435;-41.333374;21.625000;0.021667;3.773750;107;

1201578;-40.000000;21.625000;0.021667;3.773334;108;

1201716;-36.000000;21.625000;0.021667;3.773334;104;

1201858;-49.333374;21.625000;0.021667;3.773334;105;

1201995;-36.000000;21.625000;0.021667;3.773334;103;

1202139;-34.666626;21.625000;0.021667;3.773750;105;

1202285;-41.333374;21.625000;0.021667;3.773334;105;

1202430;-32.000000;21.625000;0.021667;3.773334;104;

1202583;-34.666626;21.625000;0.021667;3.773334;104;

1202725;-32.000000;21.625000;3.773750;3.773334;102;

1202876;-37.333374;21.625000;0.021667;3.773334;106;

1203008;-26.666626;21.625000;0.021667;3.773334;104;

1203150;-34.666626;21.625000;0.021667;3.773334;101;

1203299;-34.666626;21.625000;0.021667;3.773750;105;

1203451;-34.666626;21.625000;0.021667;3.773750;103;

1203588;-41.333374;21.625000;0.021667;3.773750;106;

1203739;-32.000000;21.625000;0.021667;3.770833;105;

1203878;-41.333374;21.625000;0.021667;3.770000;104;

1204028;-38.666626;21.625000;0.021667;3.770417;106;

1204168;-41.333374;21.625000;0.021250;3.768750;105;

1204306;-38.666626;21.625000;0.021667;3.768333;109;

1204452;-30.666626;21.625000;0.021667;3.768333;105;

1204585;-36.000000;21.625000;0.021667;3.768333;105;

1204731;-34.666626;21.625000;0.021250;3.768333;106;

1204878;-40.000000;21.625000;0.021667;3.768333;108;

1205025;-32.000000;21.625000;0.021667;3.768333;107;

1205168;-48.000000;21.625000;0.021667;3.767917;104;

1205306;-32.000000;21.625000;0.021667;3.768333;104;

1205448;-38.666626;21.625000;0.021250;3.767917;104;

1205585;-30.666626;21.625000;0.021667;3.768333;106;

1205733;-36.000000;21.625000;0.021667;3.768333;104;

1205885;-38.666626;21.625000;0.021667;3.768333;104;

1206029;-34.666626;21.625000;0.021667;3.767917;105;

1206185;-38.666626;21.625000;0.021667;3.768333;107;

1206343;-22.666626;21.625000;0.021667;3.768333;105;

1206488;-41.333374;21.625000;3.767917;3.768333;108;

1206628;-29.333374;21.625000;3.768333;3.768333;106;

1206774;-41.333374;21.625000;0.021667;3.768333;105;

1206923;-30.666626;21.625000;0.021667;3.768333;107;

1207068;-36.000000;21.625000;0.021667;3.768333;104;

1207205;-36.000000;21.625000;0.021667;3.768333;104;

1207348;-32.000000;21.625000;0.021667;3.768333;106;

1207488;-45.333374;21.625000;3.768333;3.768333;104;

1207629;-36.000000;21.625000;0.021667;3.768333;106;

1207778;-38.666626;21.625000;0.021667;3.768333;103;

1207915;-57.333374;21.625000;0.021667;3.767500;106;

1208060;-60.000000;21.625000;0.021667;3.765000;107;

1208208;-41.333374;21.625000;0.021667;3.766250;105;

1208351;-50.666626;21.625000;0.021667;3.763750;105;

1208498;-64.000000;21.625000;0.021667;3.763334;105;

1208635;-56.000000;21.625000;0.021667;3.762917;105;

1208778;-34.666626;21.625000;0.021667;3.764167;106;

1208915;-34.666626;21.625000;0.021667;3.762917;106;

1209064;-56.000000;21.625000;0.021667;3.762917;104;

1209197;-49.333374;21.625000;0.021667;3.762917;107;

1209338;-22.666626;21.625000;0.021667;3.762917;104;

1209478;-36.000000;21.625000;0.021667;3.762917;105;

1209634;-49.333374;21.625000;0.021250;3.762917;106;

1209785;-34.666626;21.625000;3.762500;3.762917;105;

1209923;-22.666626;21.625000;0.021667;3.762917;105;

1210069;-34.666626;21.625000;0.021667;3.762917;104;

1210208;-48.000000;21.625000;0.021667;3.762917;103;

1210349;-50.666626;21.625000;0.021667;3.762917;105;

1210491;-42.666626;21.562500;0.021667;3.762917;106;

1210635;-36.000000;21.625000;0.021667;3.762917;109;

1210781;-32.000000;21.625000;0.021667;3.762917;107;

1210935;-34.666626;21.625000;0.021667;3.762917;106;

1211078;-30.666626;21.625000;0.021667;3.762917;106;

1211216;-30.666626;21.625000;0.021667;3.762917;107;

1211358;-32.000000;21.625000;0.021667;3.762917;102;

1211495;-36.000000;21.625000;0.021667;3.762917;108;

1211638;-49.333374;21.625000;0.021667;3.762917;105;

1211775;-50.666626;21.625000;0.021667;3.762917;104;

1211918;-48.000000;21.625000;0.021667;3.762917;105;

1212056;-34.666626;21.625000;0.021250;3.762917;106;

1212202;-32.000000;21.625000;0.021667;3.762917;108;

1212349;-50.666626;21.625000;0.021667;3.762917;108;

1212503;-48.000000;21.625000;0.021667;3.762917;104;

1212654;-34.666626;21.625000;0.021667;3.762917;105;

1212798;-40.000000;21.625000;0.021667;3.762917;107;

1212935;-38.666626;21.625000;0.021667;3.762917;104;

1213078;-37.333374;21.562500;0.021667;3.762917;107;

1213216;-49.333374;21.625000;0.021667;3.762917;105;

1213358;-48.000000;21.562500;0.021250;3.762917;105;

1213497;-32.000000;21.625000;0.021667;3.762917;106;

1213639;-36.000000;21.625000;0.021667;3.762917;106;

1213788;-50.666626;21.625000;0.021667;3.762917;103;

1213926;-38.666626;21.562500;0.021250;3.762917;106;

1214068;-32.000000;21.562500;0.021667;3.762917;106;

1214205;-41.333374;21.562500;0.021667;3.762917;107;

1214348;-60.000000;21.562500;0.021667;3.762500;107;

1214485;-53.333374;21.625000;0.021667;3.760834;106;

1214628;-50.666626;21.562500;0.021667;3.759584;107;

1214767;-66.666626;21.562500;0.021667;3.757500;106;

