687443;8388607;8388607;8388607;8388607;8388607;8388607;8388607;8388607;8388607;8388607;8388607;8388607;8388607;8388607;8388607;8388607;8388607;8388607;8388607;8388607;8388607;8388607;8388607;8388607;8388607;8388607;8388607;8388607;8388607;8388607;8388607;8388607;
687558;8388607;8388607;8388607;8388607;8388607;8388607;8388607;8388607;8388607;8388607;8388607;8388607;8388607;8388607;8388607;8388607;8388607;8388607;8388607;8388607;8388607;8388607;8388607;8388607;8388607;8388607;8388607;8388607;8388607;8388607;8388607;8388607;
687584;8388607;8388607;8388607;8388607;8388607;8388607;8388607;8388607;8388607;8388607;8388607;8388607;8388607;8388607;8388607;8388607;8388607;8388607;8388607;8388607;8388607;8388607;8388607;8388607;8388607;8388607;8388607;8388607;8388607;8388607;8388607;8388607;
687609;8388607;8388607;8388607;8388607;8388607;8388607;8388607;8388607;8388607;8388607;8388607;8388607;8388607;8388607;8388607;8388607;8388607;8388607;8388607;8388607;8388607;8388607;8388607;8388607;8388607;8388607;8388607;8388607;8388607;8388607;8388607;8388607;
688681;8388607;8388607;8388607;8388607;8388607;8388607;8388607;8388607;8388607;8388607;8388607;8388607;8388607;8388607;8388607;8388607;8388607;8388607;8388607;8388607;8388607;8388607;8388607;8388607;8388607;8388607;8388607;8388607;8388607;8388607;8388607;8388607;
688707;8388607;8388607;8388607;8388607;8388607;8388607;8388607;8388607;8388607;8388607;8388607;8388607;8388607;8388607;8388607;8388607;8388607;8388607;8388607;8388607;8388607;8388607;8388607;8388607;8388607;8388607;8388607;8388607;8388607;8388607;8388607;8388607;
688734;8388607;8388607;8388607;8388607;8388607;8388607;8388607;8388607;8388607;8388607;8388607;8388607;8388607;8388607;8388607;8388607;8388607;8388607;8388607;8388607;8388607;8388607;8388607;8388607;8388607;8388607;8388607;8388607;8388607;8388607;8388607;8388607;
688761;8388607;8388607;8388607;8388607;8388607;8388607;8388607;8388607;8388607;8388607;8388607;8388607;8388607;8388607;8388607;8388607;8388607;8388607;8388607;8388607;8388607;8388607;8388607;8388607;8388607;8388607;8388607;8388607;8388607;8388607;8388607;8388607;
688787;8388607;8388607;8388607;8388607;8388607;8388607;8388607;8388607;8388607;8388607;8388607;8388607;8388607;8388607;8388607;8388607;8388607;8388607;8388607;8388607;8388607;8388607;8388607;8388607;8388607;8388607;8388607;8388607;8388607;8388607;8388607;8388607;
688812;8388607;8388607;8388607;8388607;8388607;8388607;8388607;8388607;8388607;8388607;8388607;8388607;8388607;8388607;8388607;8388607;8388607;8388607;8388607;8388607;8388607;8388607;8388607;8388607;8388607;8388607;8388607;8388607;8388607;8388607;8388607;8388607;
689831;8388607;8388607;8388607;8388607;8388607;8388607;8388607;8388607;8388607;8388607;8388607;8388607;8388607;8388607;8388607;8388607;8388607;8388607;8388607;8388607;8388607;8388607;8388607;8388607;8388607;8388607;8388607;8388607;8388607;8388607;8388607;8388607;
689857;8388607;8388607;8388607;8388607;8388607;8388607;8388607;8388607;8388607;8388607;8388607;8388607;8388607;8388607;8388607;8388607;8388607;8388607;8388607;8388607;8388607;8388607;8388607;8388607;8388607;8388607;8388607;8388607;8388607;8388607;8388607;8388607;
689885;8388607;8388607;8388607;8388607;8388607;8388607;8388607;8388607;8388607;8388607;8388607;8388607;8388607;8388607;8388607;8388607;8388607;8388607;8388607;8388607;8388607;8388607;8388607;8388607;8388607;8388607;8388607;8388607;8388607;8388607;8388607;8388607;
689910;8388607;8388607;8388607;8388607;8388607;8388607;8388607;8388607;8388607;8388607;8388607;8388607;8388607;8388607;8388607;8388607;8388607;8388607;8388607;8388607;8388607;8388607;8388607;8388607;8388607;8388607;8388607;8388607;8388607;8388607;8388607;8388607;
689935;8388607;8388607;8388607;8388607;8388607;8388607;8388607;8388607;8388607;8388607;8388607;8388607;8388607;8388607;8388607;8388607;8388607;8388607;8388607;8388607;8388607;8388607;8388607;8388607;8388607;8388607;8388607;8388607;8388607;8388607;8388607;8388607;
689962;8388607;8388607;8388607;8388607;8388607;8388607;8388607;8388607;8388607;8388607;8388607;8388607;8388607;8388607;8388607;8388607;8388607;8388607;8388607;8388607;8388607;8388607;8388607;8388607;8388607;8388607;8388607;8388607;8388607;8388607;8388607;8388607;
690981;8388607;8388607;8388607;8388607;8388607;8388607;8388607;8388607;8388607;8388607;8388607;8388607;8388607;8388607;8388607;8388607;8388607;8388607;8388607;8388607;8388607;8388607;8388607;8388607;8388607;8388607;8388607;8388607;8388607;8388607;8388607;8388607;
691031;8388607;8388607;8388607;8388607;8388607;8388607;8388607;8388607;8388607;8388607;8388607;8388607;8388607;8388607;8388607;8388607;8388607;8388607;8388607;8388607;8388607;8388607;8388607;8388607;8388607;8388607;8388607;8388607;8388607;8388607;8388607;8388607;
691328;8388607;8388607;8388607;8388607;8388607;8388607;8388607;8388607;8388607;8388607;8388607;8388607;8388607;8388607;8388607;8388607;8388607;8388607;8388607;8388607;8388607;8388607;8388607;8388607;8388607;8388607;8388607;8388607;8388607;8388607;8388607;8388607;
691384;8388607;8388607;8388607;8388607;8388607;8388607;8388607;8388607;8388607;8388607;8388607;8388607;8388607;8388607;8388607;8388607;8388607;8388607;8388607;8388607;8388607;8388607;8388607;8388607;8388607;8388607;8388607;8388607;8388607;8388607;8388607;8388607;
691756;8388607;8388607;8388607;8388607;8388607;8388607;8388607;8388607;8388607;8388607;8388607;8388607;8388607;8388607;8388607;8388607;8388607;8388607;8388607;8388607;8388607;8388607;8388607;8388607;8388607;8388607;8388607;8388607;8388607;8388607;8388607;8388607;
692801;8388607;8388607;8388607;8388607;8388607;8388607;8388607;8388607;8388607;8388607;8388607;8388607;8388607;8388607;8388607;8388607;8388607;8388607;8388607;8388607;8388607;8388607;8388607;8388607;8388607;8388607;8388607;8388607;8388607;8388607;8388607;8388607;
692846;8388607;8388607;8388607;8388607;8388607;8388607;8388607;8388607;8388607;8388607;8388607;8388607;8388607;8388607;8388607;8388607;8388607;8388607;8388607;8388607;8388607;8388607;8388607;8388607;8388607;8388607;8388607;8388607;8388607;8388607;8388607;8388607;
692871;8388607;8388607;8388607;8388607;8388607;8388607;8388607;8388607;8388607;8388607;8388607;8388607;8388607;8388607;8388607;8388607;8388607;8388607;8388607;8388607;8388607;8388607;8388607;8388607;8388607;8388607;8388607;8388607;8388607;8388607;8388607;8388607;
693013;8388607;8388607;8388607;8388607;8388607;8388607;8388607;8388607;8388607;8388607;8388607;8388607;8388607;8388607;8388607;8388607;8388607;8388607;8388607;8388607;8388607;8388607;8388607;8388607;8388607;8388607;8388607;8388607;8388607;8388607;8388607;8388607;
693040;8388607;8388607;8388607;8388607;8388607;8388607;8388607;8388607;8388607;8388607;8388607;8388607;8388607;8388607;8388607;8388607;8388607;8388607;8388607;8388607;8388607;8388607;8388607;8388607;8388607;8388607;8388607;8388607;8388607;8388607;8388607;8388607;
693075;8388607;8388607;8388607;8388607;8388607;8388607;8388607;8388607;8388607;8388607;8388607;8388607;8388607;8388607;8388607;8388607;8388607;8388607;8388607;8388607;8388607;8388607;8388607;8388607;8388607;8388607;8388607;8388607;8388607;8388607;8388607;8388607;
693109;8388607;8388607;8388607;8388607;8388607;8388607;8388607;8388607;8388607;8388607;8388607;8388607;8388607;8388607;8388607;8388607;8388607;8388607;8388607;8388607;8388607;8388607;8388607;8388607;8388607;8388607;8388607;8388607;8388607;8388607;8388607;8388607;
693136;8388607;8388607;8388607;8388607;8388607;8388607;8388607;8388607;8388607;8388607;8388607;8388607;8388607;8388607;8388607;8388607;8388607;8388607;8388607;8388607;8388607;8388607;8388607;8388607;8388607;8388607;8388607;8388607;8388607;8388607;8388607;8388607;
694263;8388607;8388607;8388607;8388607;8388607;8388607;8388607;8388607;8388607;8388607;8388607;8388607;8388607;8388607;8388607;8388607;8388607;8388607;8388607;8388607;8388607;8388607;8388607;8388607;8388607;8388607;8388607;8388607;8388607;8388607;8388607;8388607;
694323;8388607;8388607;8388607;8388607;8388607;8388607;8388607;8388607;8388607;8388607;8388607;8388607;8388607;8388607;8388607;8388607;8388607;8388607;8388607;8388607;8388607;8388607;8388607;8388607;8388607;8388607;8388607;8388607;8388340;8388607;8388607;8388607;
694379;8388607;8388607;8388607;8388607;8388607;8388607;8388607;8388607;8388607;8388607;8388607;8388607;8388607;8388607;8388607;8388607;8388607;8388607;8388607;8388607;8388607;8388607;8388607;8388607;8388607;8388607;8388607;8388607;8388607;8388607;8388607;8388607;
694442;8388607;8388607;8388607;8388607;8388607;8388607;8388607;8388607;8388607;8388607;8388607;8388607;8388607;8388607;8388607;8388607;8388607;8388607;8388607;8388607;8388607;8388607;8388607;8388607;8388607;8388607;8388607;8388607;8388607;8388607;8388607;8388607;
694506;8388607;8388607;8388607;8388607;8388607;8388607;8388607;8388607;8388607;8388607;8388607;8388607;8388607;8388607;8388607;8388607;8388607;8388607;8388607;8388607;8388607;8388607;8388607;8388607;8388607;8388607;8388607;8388607;8388607;8388607;8388607;8388607;
694789;8388607;8388607;8388607;8388607;8388607;8388607;8388607;8388607;8388607;8388607;8388607;8388607;8388607;8388607;8388607;8388607;8388607;8388607;8388607;8388607;8388607;8388607;8388607;8388607;8388607;8388607;8388607;8388607;8388607;8388607;8388607;8388607;
694844;8388607;8388607;8388607;8388607;8388607;8388607;8388607;8388607;8388607;8388607;8388607;8388607;8388607;8388607;8388607;8388607;8388607;8388607;8388607;8388607;8388607;8388607;8388607;8388607;8388607;8388607;8388607;8388607;8388607;8388607;8388607;8388607;
695931;8388607;8388607;8388607;8388607;8388607;8388607;8388607;8388607;8388607;8388607;8388607;8388607;8388607;8388607;8388607;8388607;8388607;8388607;8388607;8388607;8388607;8388607;8388607;8388607;8388607;8388607;8388607;8388607;8388607;8388607;8388607;8388607;
696074;8388607;8388607;8388607;8388607;8388607;8388607;8388607;8388607;8388607;8388607;8388607;8388607;8388607;8388607;8388607;8388607;8388607;8388607;8388607;8388607;8388607;8388607;8388607;8388607;8388607;8388607;8388607;8388607;8388607;8388607;8388607;8388607;
696100;8388607;8388607;8388607;8388607;8388607;8388607;8388607;8388607;8388607;8388607;8388607;8388607;8388607;8388607;8388607;8388607;8388607;8388607;8388607;8388607;8388607;8388607;8388607;8388607;8388607;8388607;8388607;8388607;8388607;8388607;8388607;8388607;
696144;8388607;8388607;8388607;8388607;8388607;8388607;8388607;8388607;8388607;8388607;8388607;8388607;8388607;8388607;8388607;8388607;8388607;8388607;8388607;8388607;8388607;8388607;8388607;8388607;8388607;8388607;8388607;8388607;8388607;8388607;8388607;8388607;
696191;8388607;8388607;8388607;8388607;8388607;8388607;8388607;8388607;8388607;8388607;8388607;8388607;8388607;8388607;8388607;8388607;8388607;8388607;8388607;8388607;8388607;8388607;8388607;8388607;8388607;8388607;8388607;8388607;8388607;8388607;8388607;8388607;
696220;8388607;8388607;8388607;8388607;8388607;8388607;8388607;8388607;8388607;8388607;8388607;8388607;8388607;8388607;8388607;8388607;8388607;8388607;8388607;8388607;8388607;8388607;8388607;8388607;8388607;8388607;8388607;8388607;8388607;8388607;8388607;8388607;
696252;8388607;8388607;8388607;8388607;8388607;8388607;8388607;8388607;8388607;8388607;8388607;8388607;8388607;8388607;8388607;8388607;8388607;8388607;8388607;8388607;8388607;8388607;8388607;8388607;8388607;8388607;8388607;8388607;8388607;8388607;8388607;8388607;
696280;8388607;8388607;8388607;8388607;8388607;8388607;8388607;8388607;8388607;8388607;8388607;8388607;8388607;8388607;8388607;8388607;8388607;8388607;8388607;8388607;8388607;8388607;8388607;8388607;8388607;8388607;8388607;8388607;8388607;8388607;8388607;8388607;
697311;8388607;8388607;8388607;8388607;8388607;8388607;8388607;8388607;8388607;8388607;8388607;8388607;8388607;8388607;8388607;8388607;8388607;8388607;8388607;8388607;8388607;8388607;8388607;8388607;8388607;8388607;8388607;8388607;8388607;8388607;8388607;8388607;
697346;8388607;8388607;8388607;8388607;8388607;8388607;8388607;8388607;8388607;8388607;8388607;8388607;8388607;8388607;8388607;8388607;8388607;8388607;8388607;8388607;8388607;8388607;8388607;8388607;8388607;8388607;8388607;8388607;8388607;8388607;8388607;8388607;
697371;8388607;8388607;8388607;8388607;8388607;8388607;8388607;8388607;8388607;8388607;8388607;8388607;8388607;8388607;8388607;8388607;8388607;8388607;8388607;8388607;8388607;8388607;8388607;8388607;8388607;8388607;8388268;8388607;8388607;8388607;8388607;8388607;
697406;8388607;8388607;8388607;8388607;8388607;8388607;8388607;8388607;8388607;8388607;8388607;8388607;8388607;8388607;8388607;8388607;8388607;8388607;8388607;8388607;8388607;8388607;8388607;8388607;8388607;8388607;8388607;8388607;8388607;8388607;8388607;8388607;
697431;8388607;8388607;8388607;8388607;8388607;8388607;8388607;8388607;8388607;8388607;8388607;8388607;8388607;8388607;8388607;8388607;8388607;8388607;8388607;8388607;8388607;8388607;8388607;8388607;8388607;8388607;8388607;8388607;8388607;8388607;8388607;8388607;
697465;8388607;8388607;8388607;8388607;8388607;8388607;8388607;8388607;8388607;8388607;8388607;8388607;8388607;8388607;8388607;8388607;8388607;8388607;8388607;8388607;8388607;8388607;8388607;8388607;8388607;8388607;8388607;8388607;8388607;8388607;8388607;8388607;
698502;8388607;8388607;8388607;8388607;8388607;8388607;8388607;8388607;8388607;8388607;8388607;8388607;8388607;8388607;8388607;8388607;8388607;8388607;8388607;8388607;8388607;8388607;8388607;8388607;8388607;8388607;8388607;8388607;8388607;8388607;8388607;8388607;
698561;8388607;8388607;8388607;8388607;8388607;8388607;8388607;8388607;8388607;8388607;8388607;8388607;8388607;8388607;8388607;8388607;8388607;8388607;8388607;8388607;8388607;8388607;8388607;8388607;8388607;8388607;8388607;8388607;8388607;8388607;8388607;8388607;
698614;8388607;8388607;8388607;8388607;8388607;8388607;8388607;8388607;8388607;8388607;8388607;8388607;8388607;8388607;8388607;8388607;8388607;8388607;8388607;8388607;8388607;8388607;8388607;8388607;8388607;8388607;8388607;8388607;8388607;8388607;8388607;8388607;
698782;8388607;8388607;8388607;8388607;8388607;8388607;8388607;8388607;8388607;8388607;8388607;8388607;8388607;8388607;8388607;8388607;8388607;8388607;8388607;8388607;8388607;8388607;8388607;8388607;8388607;8388607;8388607;8388607;8388607;8388607;8388607;8388607;
698841;8388607;8388607;8388607;8388607;8388607;8388607;8388607;8388607;8388607;8388607;8388607;8388607;8388607;8388607;8388607;8388607;8388607;8388607;8388607;8388607;8388607;8388607;8388607;8388607;8388607;8388607;8388607;8388607;8388607;8388607;8388607;8388607;
698904;8388607;8388607;8388607;8388607;8388607;8388607;8388607;8388607;8388607;8388607;8388607;8388607;8388607;8388607;8388607;8388607;8388607;8388607;8388607;8388607;8388607;8388607;8388607;8388607;8388607;8388607;8388607;8388607;8388607;8388607;8388607;8388607;
699951;8388607;8388607;8388607;8388607;8388607;8388607;8388607;8388607;8388607;8388607;8388607;8388607;8388607;8388607;8388607;8388607;8388607;8388607;8388607;8388607;8388607;8388607;8388607;8388607;8388607;8388607;8388607;8388607;8388607;8388607;8388607;8388607;
699978;8388607;8388607;8388607;8388607;8388607;8388607;8388607;8388607;8388607;8388607;8388607;8388607;8388607;8388607;8388607;8388607;8388607;8388607;8388607;8388607;8388607;8388607;8388607;8388607;8388607;8388607;8388607;8388607;8388607;8388607;8388607;8388607;
700013;8388607;8388607;8388607;8388607;8388607;8388607;8388607;8388607;8388607;8388607;8388607;8388607;8388607;8388607;8388607;8388607;8388607;8388607;8388607;8388607;8388607;8388607;8388607;8388607;8388607;8388607;8388607;8388607;8388607;8388607;8388607;8388607;
700040;8388607;8388607;8388607;8388607;8388607;8388607;8388607;8388607;8388607;8388607;8388607;8388607;8388607;8388607;8388607;8388607;8388607;8388607;8388607;8388607;8388607;8388607;8388607;8388607;8388607;8388607;8388607;8388607;8388607;8388607;8388607;8388607;
700181;8388607;8388607;8388607;8388607;8388607;8388607;8388607;8388607;8388607;8388607;8388607;8388607;8388607;8388607;8388607;8388607;8388607;8388607;8388607;8388607;8388607;8388607;8388607;8388607;8388607;8388607;8388607;8388607;8388607;8388607;8388607;8388607;
700214;8388607;8388607;8388607;8388607;8388607;8388607;8388607;8388607;8388607;8388607;8388607;8388607;8388607;8388607;8388607;8388607;8388607;8388607;8388607;8388607;8388607;8388607;8388607;8388607;8388607;8388607;8388607;8388607;8388607;8388607;8388607;8388607;
700240;8388607;8388607;8388607;8388607;8388607;8388607;8388607;8388607;8388607;8388607;8388607;8388607;8388607;8388607;8388607;8388607;8388607;8388607;8388607;8388607;8388607;8388607;8388607;8388607;8388607;8388607;8388607;8388607;8388607;8388607;8388607;8388607;
701271;8388607;8388607;8388607;8388607;8388607;8388607;8388607;8388607;8388607;8388607;8388607;8388607;8388607;8388607;8388607;8388607;8388607;8388607;8388607;8388607;8388607;8388607;8388607;8388607;8388607;8388607;8388607;8388607;8388607;8388607;8388607;8388607;
701578;8388607;8388607;8388607;8388607;8388607;8388607;8388607;8388607;8388607;8388607;8388607;8388607;8388607;8388607;8388607;8388607;8388607;8388607;8388607;8388607;8388607;8388607;8388607;8388607;8388607;8388607;8388607;8388607;8388607;8388607;8388607;8388607;
701773;8388607;8388607;8388607;8388607;8388607;8388607;8388607;8388607;8388607;8388607;8388607;8388607;8388607;8388607;8388607;8388607;8388607;8388607;8388607;8388607;8388607;8388607;8388607;8388607;8388607;8388607;8388607;8388607;8388607;8388607;8388607;8388607;
701839;8388607;8388607;8388607;8388607;8388607;8388607;8388607;8388607;8388607;8388607;8388607;8388607;8388607;8388607;8388607;8388607;8388607;8388607;8388607;8388607;8388607;8388607;8388607;8388607;8388607;8388607;8388607;8388607;8388607;8388607;8388607;8388607;
701899;8388607;8388607;8388607;8388607;8388607;8388607;8388607;8388607;8388607;8388607;8388607;8388607;8388607;8388607;8388607;8388607;8388607;8388607;8388607;8388607;8388607;8388607;8388607;8388607;8388607;8388607;8388607;8388607;8388607;8388607;8388607;8388607;
701957;8388607;8388607;8388607;8388607;8388607;8388607;8388607;8388607;8388607;8388607;8388607;8388607;8388607;8388607;8388607;8388607;8388607;8388607;8388607;8388607;8388607;8388607;8388607;8388607;8388607;8388607;8388607;8388607;8388607;8388607;8388607;8388607;
703121;8388607;8388607;8388607;8388607;8388607;8388607;8388607;8388607;8388607;8388607;8388607;8388607;8388607;8388607;8388607;8388607;8388607;8388607;8388607;8388607;8388607;8388607;8388607;8388607;8388607;8388607;8388607;8388607;8388607;8388607;8388607;8388607;
703156;8388607;8388607;8388607;8388607;8388607;8388607;8388607;8388607;8388607;8388607;8388607;8388607;8388607;8388607;8388607;8388607;8388607;8388607;8388607;8388607;8388607;8388607;8388607;8388607;8388607;8388607;8388607;8388607;8388607;8388607;8388607;8388607;
703192;8388607;8388607;8388607;8388607;8388607;8388607;8388607;8388607;8388607;8388607;8388607;8388607;8388607;8388607;8388607;8388607;8388607;8388607;8388607;8388607;8388607;8388607;8388607;8388607;8388607;8388607;8388607;8388607;8388607;8388607;8388607;8388607;
703222;8388607;8388607;8388607;8388607;8388607;8388607;8388607;8388607;8388607;8388607;8388607;8388607;8388607;8388607;8388607;8388607;8388607;8388607;8388607;8388607;8388607;8388607;8388607;8388607;8388607;8388607;8388607;8388607;8388607;8388607;8388607;8388607;
703257;8388607;8388607;8388607;8388607;8388607;8388607;8388607;8388607;8388607;8388607;8388607;8388607;8388607;8388607;8388607;8388607;8388607;8388607;8388607;8388607;8388607;8388607;8388607;8388607;8388607;8388607;8388607;8388607;8388607;8388607;8388607;8388607;
703293;8388607;8388607;8388607;8388607;8388607;8388607;8388607;8388607;8388607;8388607;8388607;8388607;8388607;8388607;8388607;8388607;8388607;8388607;8388607;8388607;8388607;8388607;8388607;8388607;8388607;8388607;8388607;8388607;8388607;8388607;8388607;8388607;
703321;8388607;8388607;8388607;8388607;8388607;8388607;8388607;8388607;8388607;8388607;8388607;8388607;8388607;8388607;8388607;8388607;8388607;8388607;8388607;8388607;8388607;8388607;8388607;8388607;8388607;8388607;8388607;8388607;8388607;8388607;8388607;8388607;
703357;8388607;8388607;8388607;8388607;8388607;8388607;8388607;8388607;8388607;8388607;8388607;8388607;8388607;8388607;8388607;8388607;8388607;8388607;8388607;8388607;8388607;8388607;8388607;8388607;8388607;8388607;8388607;8388607;8388607;8388607;8388607;8388607;
704391;8388607;8388607;8388607;8388607;8388607;8388607;8388607;8388607;8388607;8388607;8388607;8388607;8388607;8388607;8388607;8388607;8388607;8388607;8388607;8388607;8388607;8388607;8388607;8388607;8388607;8388607;8388607;8388607;8388607;8388607;8388607;8388607;
704537;8388607;8388607;8388607;8388607;8388607;8388607;8388607;8388607;8388607;8388607;8388607;8388607;8388607;8388607;8388607;8388607;8388607;8388607;8388607;8388607;8388607;8388607;8388607;8388607;8388607;8388607;8388607;8388607;8388607;8388607;8388607;8388607;
704565;8388607;8388607;8388607;8388607;8388607;8388607;8388607;8388607;8388607;8388607;8388607;8388607;8388607;8388607;8388607;8388607;8388607;8388607;8388607;8388607;8388607;8388607;8388607;8388607;8388607;8388607;8388607;8388607;8388607;8388607;8388607;8388607;
704601;8388607;8388607;8388607;8388607;8388607;8388607;8388607;8388607;8388607;8388607;8388607;8388607;8388607;8388607;8388607;8388607;8388607;8388607;8388607;8388462;8388607;8388607;8388607;8388607;8388607;8388607;8388607;8388607;8388607;8388607;8388607;8388607;
704629;8388607;8388607;8388607;8388607;8388607;8388607;8388607;8388607;8388607;8388607;8388607;8388607;8388607;8388607;8388607;8388607;8388607;8388607;8388607;8388607;8388607;8388607;8388607;8388607;8388607;8388607;8388607;8388607;8388607;8388607;8388607;8388607;
704668;8388607;8388607;8388607;8388607;8388607;8388607;8388607;8388607;8388607;8388607;8388607;8388607;8388607;8388607;8388607;8388607;8388607;8388607;8388607;8388607;8388607;8388607;8388607;8388607;8388607;8388607;8388607;8388607;8388607;8388607;8388607;8388607;
705701;8388607;8388607;8388607;8388607;8388607;8388607;8388607;8388607;8388607;8388607;8388607;8388607;8388607;8388607;8388607;8388607;8388607;8388607;8388607;8388607;8388607;8388607;8388607;8388607;8388607;8388607;8388607;8388607;8388607;8388607;8388607;8388533;
705974;8388607;8388607;8388607;8388607;8388607;8388607;8388607;8388607;8388607;8388607;8388607;8388607;8388607;8388607;8388607;8388607;8388607;8388607;8388607;8388607;8388607;8388607;8388607;8388607;8388607;8388607;8388607;8388607;8388607;8388607;8388607;8388607;
706077;8388607;8388607;8388607;8388607;8388607;8388607;8388607;8388607;8388607;8388607;8388607;8388607;8388607;8388607;8388607;8388607;8388607;8388607;8388607;8388607;8388607;8388607;8388607;8388607;8388607;8388607;8388607;8388607;8388607;8388607;8388607;8388607;
706141;8388607;8388607;8388607;8388607;8388607;8388607;8388607;8388607;8388607;8388607;8388607;8388607;8388607;8388607;8388607;8388607;8388607;8388607;8388607;8388607;8388607;8388607;8388607;8388607;8388607;8388607;8388607;8388607;8388607;8388607;8388607;8388607;
706311;8388607;8388607;8388607;8388607;8388607;8388607;8388607;8388607;8388607;8388607;8388607;8388607;8388607;8388607;8388607;8388607;8388607;8388607;8388607;8388607;8388607;8388607;8388607;8388607;8388607;8388607;8388607;8388607;8388607;8388607;8388607;8388607;
706379;8388607;8388607;8388607;8388607;8388607;8388607;8388607;8388607;8388607;8388607;8388607;8388607;8388607;8388607;8388607;8388607;8388607;8388607;8388607;8388607;8388607;8388607;8388607;8388607;8388607;8388607;8388607;8388607;8388607;8388607;8388607;8388607;
707453;8388607;8388607;8388607;8388607;8388607;8388607;8388607;8388607;8388607;8388607;8388607;8388607;8388607;8388607;8388607;8388607;8388607;8388607;8388607;8388607;8388607;8388607;8388607;8388607;8388607;8388607;8388607;8388607;8388607;8388607;8388607;8388607;
707485;8388607;8388607;8388607;8388607;8388607;8388607;8388607;8388607;8388607;8388607;8388607;8388607;8388607;8388607;8388607;8388607;8388607;8388607;8388607;8388607;8388607;8388607;8388607;8388607;8388607;8388607;8388607;8388607;8388607;8388607;8388607;8388607;
707520;8388607;8388607;8388607;8388607;8388607;8388607;8388607;8388607;8388607;8388607;8388607;8388607;8388607;8388607;8388607;8388607;8388607;8388607;8388607;8388607;8388607;8388607;8388607;8388607;8388607;8388607;8388607;8388607;8388607;8388607;8388607;8388607;
707549;8388607;8388607;8388607;8388607;8388607;8388607;8388607;8388607;8388607;8388607;8388607;8388607;8388607;8388607;8388607;8388607;8388607;8388607;8388607;8388607;8388607;8388607;8388607;8388607;8388607;8388607;8388607;8388607;8388607;8388607;8388607;8388607;
707583;8388607;8388607;8388607;8388607;8388607;8388607;8388607;8388607;8388607;8388607;8388607;8388607;8388607;8388607;8388607;8388607;8388607;8388607;8388607;8388607;8388607;8388607;8388607;8388607;8388607;8388607;8388607;8388607;8388607;8388607;8388607;8388607;
707624;8388607;8388607;8388607;8388607;8388607;8388607;8388607;8388607;8388607;8388607;8388607;8388607;8388607;8388607;8388607;8388607;8388607;8388607;8388607;8388607;8388607;8388607;8388607;8388607;8388607;8388607;8388607;8388607;8388607;8388607;8388607;8388607;
707651;8388607;8388607;8388607;8388607;8388607;8388607;8388607;8388607;8388607;8388607;8388607;8388607;8388607;8388607;8388607;8388607;8388607;8388607;8388607;8388607;8388607;8388607;8388607;8388607;8388607;8388607;8388607;8388607;8388607;8388607;8388607;8388607;
707687;8388607;8388607;8388607;8388607;8388607;8388607;8388607;8388607;8388607;8388607;8388607;8388607;8388607;8388607;8388607;8388607;8388607;8388607;8388607;8388607;8388607;8388607;8388607;8388607;8388607;8388607;8388607;8388607;8388607;8388607;8388607;8388607;
707723;8388607;8388607;8388607;8388607;8388607;8388607;8388607;8388607;8388607;8388607;8388607;8388607;8388607;8388607;8388607;8388607;8388607;8388607;8388607;8388607;8388607;8388607;8388607;8388607;8388607;8388607;8388607;8388607;8388607;8388607;8388607;8388607;
708751;8388607;8388607;8388607;8388607;8388607;8388607;8388607;8388607;8388607;8388607;8388607;8388607;8388607;8388607;8388607;8388607;8388607;8388607;8388607;8388607;8388607;8388607;8388607;8388607;8388607;8388607;8388607;8388607;8388607;8388607;8388607;8388607;
708781;8388607;8388607;8388607;8388607;8388607;8388607;8388607;8388607;8388607;8388607;8388607;8388607;8388607;8388607;8388607;8388607;8388607;8388607;8388607;8388607;8388607;8388607;8388607;8388607;8388607;8388607;8388607;8388607;8388607;8388607;8388607;8388607;
708815;8388607;8388607;8388607;8388607;8388607;8388607;8388607;8388607;8388607;8388607;8388607;8388607;8388607;8388607;8388607;8388607;8388607;8388607;8388607;8388607;8388607;8388607;8388607;8388607;8388607;8388607;8388607;8388607;8388607;8388607;8388607;8388607;
708844;8388607;8388607;8388607;8388607;8388607;8388607;8388607;8388607;8388607;8388607;8388607;8388607;8388607;8388607;8388607;8388607;8388607;8388607;8388607;8388607;8388607;8388607;8388607;8388607;8388607;8388607;8388607;8388607;8388607;8388607;8388607;8388607;
708913;8388607;8388607;8388607;8388607;8388607;8388607;8388607;8388607;8388607;8388607;8388607;8388607;8388607;8388607;8388607;8388607;8388607;8388607;8388607;8388607;8388607;8388607;8388607;8388607;8388607;8388607;8388607;8388607;8388607;8388607;8388607;8388607;
708977;8388607;8388607;8388607;8388607;8388607;8388607;8388607;8388607;8388607;8388607;8388607;8388607;8388607;8388607;8388607;8388607;8388607;8388607;8388607;8388607;8388607;8388607;8388607;8388607;8388607;8388607;8388607;8388607;8388607;8388607;8388607;8388607;
710141;8388607;8388607;8388607;8388607;8388607;8388607;8388607;8388607;8388607;8388607;8388607;8388607;8388607;8388607;8388607;8388607;8388607;8388607;8388607;8388607;8388607;8388607;8388607;8388607;8388607;8388607;8388607;8388607;8388607;8388607;8388607;8388607;
710171;8388607;8388607;8388607;8388607;8388607;8388607;8388607;8388607;8388607;8388607;8388607;8388607;8388607;8388607;8388607;8388607;8388607;8388607;8388607;8388607;8388607;8388607;8388607;8388607;8388607;8388607;8388607;8388607;8388607;8388607;8388607;8388607;
710207;8388607;8388607;8388607;8388607;8388607;8388607;8388607;8388607;8388607;8388607;8388607;8388607;8388607;8388607;8388607;8388607;8388607;8388607;8388607;8388607;8388607;8388607;8388607;8388607;8388607;8388607;8388607;8388607;8388607;8388607;8388607;8388607;
710236;8388607;8388607;8388607;8388607;8388607;8388607;8388607;8388607;8388607;8388607;8388607;8388607;8388607;8388607;8388607;8388607;8388607;8388607;8388607;8388607;8388607;8388607;8388607;8388607;8388607;8388607;8388607;8388607;8388607;8388607;8388607;8388607;
710270;8388607;8388607;8388607;8388607;8388607;8388607;8388607;8388607;8388607;8388607;8388607;8388607;8388607;8388607;8388607;8388607;8388607;8388607;8388607;8388607;8388607;8388607;8388607;8388607;8388607;8388607;8388607;8388607;8388607;8388607;8388607;8388607;
710334;8388607;8388607;8388607;8388607;8388607;8388607;8388607;8388607;8388607;8388607;8388607;8388607;8388607;8388607;8388607;8388607;8388607;8388607;8388607;8388607;8388607;8388607;8388607;8388607;8388607;8388607;8388607;8388607;8388607;8388607;8388607;8388607;
711362;8388607;8388607;8388607;8388607;8388607;8388607;8388607;8388607;8388607;8388607;8388607;8388607;8388607;8388607;8388607;8388607;8388607;8388607;8388607;8388607;8388607;8388607;8388607;8388607;8388607;8388607;8388607;8388607;8388607;8388607;8388607;8388607;
711398;8388607;8388607;8388607;8388607;8388607;8388607;8388607;8388607;8388607;8388607;8388607;8388607;8388607;8388607;8388607;8388607;8388607;8388607;8388607;8388607;8388607;8388607;8388607;8388607;8388607;8388607;8388607;8388607;8388607;8388607;8388607;8388607;
711431;8388607;8388607;8388607;8388607;8388607;8388607;8388607;8388607;8388607;8388607;8388607;8388607;8388607;8388607;8388607;8388607;8388607;8388607;8388607;8388607;8388607;8388607;8388607;8388607;8388607;8388607;8388607;8388607;8388607;8388607;8388607;8388607;
711468;8388607;8388607;8388607;8388607;8388607;8388607;8388607;8388607;8388607;8388607;8388607;8388607;8388607;8388607;8388607;8388607;8388607;8388607;8388607;8388607;8388607;8388607;8388607;8388607;8388607;8388607;8388607;8388607;8388607;8388607;8388607;8388607;
711503;8388607;8388607;8388607;8388607;8388607;8388607;8388607;8388607;8388607;8388607;8388607;8388607;8388607;8388607;8388607;8388607;8388607;8388607;8388607;8388607;8388607;8388607;8388607;8388607;8388607;8388607;8388607;8388607;8388607;8388607;8388607;8388607;
711538;8388607;8388607;8388607;8388607;8388607;8388607;8388607;8388607;8388607;8388607;8388607;8388607;8388607;8388607;8388607;8388607;8388607;8388607;8388607;8388607;8388607;8388607;8388607;8388607;8388607;8388607;8388607;8388607;8388607;8388607;8388607;8388607;
712586;8388607;8388607;8388607;8388607;8388607;8388607;8388607;8388607;8388607;8388607;8388607;8388607;8388607;8388607;8388607;8388607;8388607;8388607;8388607;8388607;8388607;8388607;8388607;8388607;8388607;8388607;8388607;8388607;8388607;8388607;8388607;8388607;
712820;8388607;8388607;8388607;8388607;8388607;8388607;8388607;8388607;8388607;8388607;8388607;8388607;8388607;8388607;8388607;8388607;8388607;8388607;8388607;8388607;8388607;8388607;8388607;8388607;8388607;8388607;8388607;8388607;8388607;8388607;8388607;8388607;
712883;8388607;8388607;8388607;8388607;8388607;8388607;8388607;8388607;8388607;8388607;8388607;8388607;8388607;8388607;8388607;8388607;8388607;8388607;8388607;8388607;8388607;8388607;8388607;8388607;8388607;8388607;8388607;8388607;8388607;8388607;8388607;8388607;
712939;8388607;8388607;8388607;8388607;8388607;8388607;8388607;8388607;8388607;8388607;8388607;8388607;8388607;8388607;8388607;8388607;8388607;8388607;8388607;8388607;8388607;8388607;8388607;8388607;8388607;8388607;8388607;8388607;8388607;8388607;8388607;8388607;
713005;8388607;8388607;8388607;8388607;8388607;8388607;8388607;8388607;8388607;8388607;8388607;8388607;8388607;8388607;8388607;8388607;8388607;8388607;8388607;8388607;8388607;8388607;8388607;8388607;8388607;8388607;8388607;8388607;8388607;8388607;8388607;8388607;
713066;8388607;8388607;8388607;8388607;8388607;8388607;8388607;8388607;8388607;8388607;8388607;8388607;8388607;8388607;8388607;8388607;8388607;8388607;8388607;8388607;8388607;8388607;8388607;8388607;8388607;8388607;8388607;8388607;8388607;8388607;8388607;8388607;
714121;8388607;8388607;8388607;8388607;8388607;8388607;8388607;8388607;8388607;8388607;8388607;8388607;8388607;8388607;8388607;8388607;8388607;8388607;8388607;8388607;8388607;8388607;8388607;8388607;8388607;8388607;8388607;8388607;8388607;8388607;8388607;8388607;
714157;8388607;8388607;8388607;8388607;8388607;8388607;8388607;8388607;8388607;8388607;8388607;8388607;8388607;8388607;8388607;8388607;8388607;8388607;8388607;8388607;8388607;8388607;8388607;8388607;8388607;8388607;8388607;8388607;8388607;8388607;8388607;8388607;
714184;8388607;8388607;8388607;8388607;8388607;8388607;8388607;8388607;8388607;8388607;8388607;8388607;8388607;8388607;8388607;8388607;8388607;8388607;8388607;8388607;8388607;8388607;8388607;8388607;8388607;8388607;8388607;8388607;8388607;8388607;8388607;8388607;
714226;8388607;8388607;8388607;8388607;8388607;8388607;8388607;8388607;8388607;8388607;8388607;8388607;8388607;8388607;8388607;8388607;8388607;8388607;8388607;8388607;8388607;8388607;8388607;8388607;8388607;8388607;8388607;8388607;8388607;8388607;8388607;8388607;
714260;8388607;8388607;8388607;8388607;8388607;8388607;8388607;8388607;8388607;8388607;8388607;8388607;8388607;8388607;8388607;8388607;8388607;8388607;8388607;8388607;8388607;8388607;8388607;8388607;8388607;8388607;8388607;8388607;8388607;8388607;8388607;8388607;
714290;8388607;8388607;8388607;8388607;8388607;8388607;8388607;8388607;8388607;8388607;8388607;8388607;8388607;8388607;8388607;8388607;8388607;8388607;8388607;8388607;8388607;8388607;8388607;8388607;8388607;8388607;8388607;8388607;8388607;8388607;8388607;8388607;
714324;8388607;8388607;8388607;8388607;8388607;8388607;8388607;8388607;8388607;8388607;8388607;8388607;8388607;8388607;8388607;8388607;8388607;8388607;8388607;8388607;8388607;8388607;8388607;8388607;8388607;8388607;8388607;8388607;8388607;8388607;8388607;8388607;
715455;8388607;8388607;8388607;8388607;8388607;8388607;8388607;8388607;8388607;8388607;8388607;8388607;8388607;8388607;8388607;8388607;8388607;8388607;8388607;8388607;8388607;8388607;8388607;8388607;8388607;8388607;8388607;8388607;8388607;8388607;8388607;8388607;
715490;8388607;8388607;8388607;8388607;8388607;8388607;8388607;8388607;8388607;8388607;8388607;8388607;8388607;8388607;8388607;8388607;8388607;8388607;8388607;8388607;8388607;8388607;8388607;8388607;8388607;8388607;8388607;8388607;8388607;8388607;8388607;8388607;
715525;8388607;8388607;8388607;8388607;8388607;8388607;8388607;8388607;8388607;8388607;8388607;8388607;8388607;8388607;8388607;8388607;8388607;8388607;8388607;8388607;8388607;8388607;8388607;8388607;8388607;8388607;8388607;8388607;8388607;8388607;8388607;8388607;
715562;8388607;8388607;8388607;8388607;8388607;8388607;8388607;8388607;8388607;8388607;8388607;8388607;8388607;8388607;8388607;8388607;8388607;8388607;8388607;8388607;8388607;8388607;8388607;8388607;8388607;8388607;8388607;8388607;8388607;8388607;8388607;8388607;
715608;8388607;8388607;8388607;8388607;8388607;8388607;8388607;8388607;8388607;8388607;8388607;8388607;8388607;8388607;8388607;8388607;8388607;8388607;8388607;8388607;8388607;8388607;8388607;8388607;8388607;8388607;8388607;8388607;8388607;8388607;8388607;8388607;
715890;8388607;8388607;8388607;8388607;8388607;8388607;8388607;8388607;8388607;8388607;8388607;8388607;8388607;8388607;8388607;8388607;8388607;8388607;8388607;8388607;8388607;8388607;8388607;8388607;8388607;8388607;8388607;8388607;8388607;8388607;8388607;8388607;
717185;8388607;8388607;8388607;8388607;8388607;8388607;8388607;8388607;8388607;8388607;8388607;8388607;8388607;8388607;8388607;8388607;8388607;8388607;8388607;8388607;8388607;8388607;8388607;8388607;8388607;8388607;8388607;8388607;8388607;8388607;8388607;8388607;
717292;8388607;8388607;8388607;8388607;8388607;8388607;8388607;8388607;8388607;8388607;8388607;8388607;8388607;8388607;8388607;8388607;8388607;8388607;8388607;8388607;8388607;8388607;8388607;8388607;8388607;8388607;8388607;8388607;8388607;8388607;8388607;8388607;
717472;8388607;8388607;8388607;8388607;8388607;8388607;8388607;8388607;8388607;8388607;8388607;8388607;8388607;8388607;8388607;8388607;8388607;8388607;8388607;8388607;8388607;8388607;8388607;8388607;8388607;8388607;8388607;8388607;8388607;8388607;8388607;8388607;
717541;8388607;8388607;8388607;8388607;8388607;8388607;8388607;8388607;8388607;8388607;8388607;8388607;8388607;8388607;8388607;8388607;8388607;8388607;8388607;8388607;8388607;8388607;8388607;8388607;8388607;8388607;8388607;8388607;8388607;8388607;8388607;8388607;
717601;8388607;8388607;8388607;8388607;8388607;8388607;8388607;8388607;8388607;8388607;8388607;8388607;8388607;8388607;8388607;8388607;8388607;8388607;8388607;8388607;8388607;8388607;8388607;8388607;8388607;8388607;8388607;8388607;8388607;8388607;8388607;8388607;
717671;8388607;8388607;8388607;8388607;8388607;8388607;8388607;8388607;8388607;8388607;8388607;8388607;8388607;8388607;8388607;8388607;8388607;8388607;8388607;8388607;8388607;8388607;8388607;8388607;8388607;8388607;8388607;8388607;8388607;8388607;8388607;8388607;
717727;8388607;8388607;8388607;8388607;8388607;8388607;8388607;8388607;8388607;8388607;8388607;8388607;8388607;8388607;8388607;8388607;8388607;8388607;8388607;8388607;8388607;8388607;8388607;8388607;8388607;8388607;8388607;8388607;8388607;8388607;8388607;8388607;
717786;8388607;8388607;8388607;8388607;8388607;8388607;8388607;8388607;8388607;8388607;8388607;8388607;8388607;8388607;8388607;8388607;8388607;8388607;8388607;8388607;8388607;8388607;8388607;8388607;8388607;8388607;8388607;8388607;8388607;8388607;8388607;8388607;
718916;8388607;8388607;8388607;8388607;8388607;8388607;8388607;8388607;8388607;8388607;8388607;8388607;8388607;8388607;8388607;8388607;8388607;8388607;8388607;8388607;8388607;8388607;8388607;8388607;8388607;8388607;8388607;8388607;8388607;8388607;8388607;8388607;
718946;8388607;8388607;8388607;8388607;8388607;8388607;8388607;8388607;8388607;8388607;8388607;8388607;8388607;8388607;8388607;8388607;8388607;8388607;8388607;8388607;8388607;8388607;8388607;8388607;8388607;8388607;8388607;8388607;8388607;8388607;8388607;8388607;
718981;8388607;8388607;8388607;8388607;8388607;8388607;8388607;8388607;8388607;8388607;8388607;8388607;8388607;8388607;8388607;8388607;8388607;8388607;8388607;8388607;8388607;8388607;8388607;8388607;8388607;8388607;8388607;8388607;8388607;8388607;8388607;8388607;
719011;8388607;8388607;8388607;8388607;8388607;8388607;8388607;8388607;8388607;8388607;8388607;8388607;8388607;8388607;8388607;8388607;8388607;8388607;8388607;8388607;8388607;8388607;8388607;8388607;8388607;8388607;8388607;8388607;8388607;8388607;8388607;8388607;
719048;8388607;8388607;8388607;8388607;8388607;8388607;8388607;8388607;8388607;8388607;8388607;8388607;8388607;8388607;8388607;8388607;8388607;8388607;8388607;8388607;8388607;8388607;8388607;8388607;8388607;8388607;8388607;8388607;8388607;8388607;8388607;8388607;
719084;8388607;8388607;8388607;8388607;8388607;8388607;8388607;8388607;8388607;8388607;8388607;8388607;8388607;8388607;8388607;8388607;8388607;8388607;8388607;8388607;8388607;8388428;8388607;8388607;8388607;8388607;8388607;8388607;8388607;8388607;8388607;8388607;
719111;8388607;8388607;8388607;8388607;8388607;8388607;8388607;8388607;8388607;8388607;8388607;8388607;8388607;8388607;8388607;8388607;8388607;8388607;8388607;8388607;8388607;8388607;8388607;8388607;8388607;8388607;8388607;8388607;8388607;8388607;8388607;8388607;
719147;8388607;8388607;8388607;8388607;8388607;8388607;8388607;8388607;8388607;8388607;8388607;8388607;8388607;8388607;8388607;8388607;8388607;8388607;8388607;8388607;8388607;8388607;8388607;8388607;8388607;8388607;8388607;8388607;8388607;8388607;8388607;8388607;
720265;8388607;8388607;8388607;8388607;8388607;8388607;8388607;8388607;8388607;8388607;8388607;8388607;8388607;8388607;8388607;8388607;8388607;8388607;8388607;8388607;8388607;8388607;8388607;8388607;8388607;8388607;8388607;8388607;8388607;8388607;8388607;8388607;
720320;8388607;8388607;8388607;8388607;8388607;8388607;8388607;8388607;8388607;8388607;8388607;8388607;8388607;8388607;8388607;8388607;8388607;8388607;8388607;8388607;8388607;8388607;8388607;8388607;8388607;8388607;8388607;8388607;8388607;8388607;8388607;8388607;
720522;8388607;8388607;8388607;8388607;8388607;8388607;8388607;8388607;8388607;8388607;8388607;8388607;8388607;8388607;8388607;8388607;8388607;8388607;8388607;8388607;8388607;8388607;8388607;8388607;8388607;8388607;8388607;8388607;8388607;8388607;8388607;8388607;
720603;8388607;8388607;8388607;8388607;8388607;8388607;8388607;8388607;8388607;8388607;8388607;8388607;8388607;8388607;8388607;8388607;8388607;8388607;8388607;8388607;8388607;8388607;8388607;8388607;8388607;8388607;8388607;8388607;8388607;8388607;8388607;8388607;
720663;8388607;8388607;8388607;8388607;8388607;8388607;8388607;8388607;8388607;8388607;8388607;8388607;8388607;8388607;8388607;8388607;8388607;8388607;8388607;8388607;8388607;8388607;8388607;8388607;8388607;8388607;8388607;8388607;8388607;8388607;8388607;8388607;
720730;8388607;8388607;8388607;8388607;8388607;8388607;8388607;8388607;8388607;8388607;8388607;8388607;8388607;8388607;8388607;8388607;8388607;8388607;8388607;8388607;8388607;8388607;8388607;8388607;8388607;8388607;8388607;8388607;8388607;8388607;8388607;8388607;
721832;8388607;8388607;8388607;8388607;8388607;8388607;8388607;8388607;8388607;8388607;8388607;8388607;8388607;8388607;8388607;8388607;8388607;8388607;8388607;8388607;8388607;8388607;8388607;8388607;8388607;8388607;8388607;8388607;8388607;8388607;8388607;8388607;
721865;8388607;8388607;8388607;8388607;8388607;8388607;8388607;8388607;8388607;8388607;8388607;8388607;8388607;8388607;8388607;8388607;8388607;8388607;8388607;8388607;8388607;8388607;8388607;8388607;8388607;8388607;8388607;8388607;8388607;8388607;8388607;8388607;
721900;8388607;8388607;8388607;8388607;8388607;8388607;8388607;8388607;8388607;8388607;8388607;8388607;8388607;8388607;8388607;8388607;8388607;8388607;8388607;8388607;8388607;8388607;8388607;8388607;8388607;8388607;8388607;8388607;8388607;8388607;8388607;8388607;
721928;8388607;8388607;8388607;8388607;8388607;8388607;8388607;8388607;8388607;8388607;8388607;8388607;8388607;8388607;8388607;8388607;8388607;8388607;8388607;8388607;8388607;8388607;8388607;8388607;8388607;8388607;8388607;8388607;8388607;8388607;8388607;8388607;
721964;8388607;8388607;8388607;8388607;8388607;8388607;8388607;8388607;8388607;8388607;8388607;8388607;8388607;8388607;8388607;8388607;8388607;8388607;8388607;8388607;8388607;8388607;8388607;8388607;8388607;8388607;8388607;8388607;8388607;8388607;8388607;8388607;
721998;8388607;8388607;8388607;8388607;8388607;8388607;8388607;8388607;8388607;8388607;8388607;8388607;8388607;8388607;8388607;8388607;8388607;8388607;8388607;8388607;8388607;8388607;8388607;8388607;8388607;8388607;8388607;8388607;8388607;8388607;8388607;8388607;
722030;8388607;8388607;8388607;8388607;8388607;8388607;8388607;8388607;8388607;8388607;8388607;8388607;8388607;8388607;8388607;8388607;8388607;8388607;8388607;8388607;8388607;8388607;8388607;8388607;8388607;8388607;8388607;8388607;8388607;8388607;8388607;8388607;
722280;8388607;8388607;8388607;8388607;8388607;8388607;8388607;8388607;8388607;8388607;8388607;8388607;8388607;8388607;8388607;8388607;8388607;8388607;8388607;8388607;8388607;8388607;8388607;8388607;8388607;8388607;8388607;8388607;8388607;8388607;8388607;8388607;
723393;8388607;8388607;8388607;8388607;8388607;8388607;8388607;8388607;8388607;8388607;8388607;8388607;8388607;8388607;8388607;8388607;8388607;8388607;8388607;8388607;8388607;8388607;8388607;8388607;8388607;8388607;8388607;8388607;8388607;8388607;8388607;8388607;
723424;8388607;8388607;8388607;8388607;8388607;8388607;8388607;8388607;8388607;8388607;8388607;8388607;8388607;8388607;8388607;8388607;8388607;8388607;8388607;8388607;8388607;8388607;8388607;8388607;8388607;8388607;8388607;8388607;8388607;8388607;8388607;8388607;
723461;8388607;8388607;8388607;8388607;8388607;8388607;8388607;8388607;8388607;8388607;8388607;8388607;8388607;8388607;8388607;8388607;8388607;8388607;8388607;8388607;8388607;8388607;8388607;8388607;8388607;8388607;8388607;8388607;8388607;8388607;8388607;8388607;
723488;8388607;8388607;8388607;8388607;8388607;8388607;8388607;8388607;8388607;8388607;8388607;8388607;8388607;8388607;8388607;8388607;8388607;8388607;8388607;8388607;8388607;8388607;8388607;8388607;8388607;8388607;8388607;8388607;8388607;8388607;8388607;8388607;
723523;8388607;8388607;8388607;8388607;8388607;8388607;8388607;8388607;8388607;8388607;8388607;8388607;8388607;8388607;8388607;8388607;8388607;8388607;8388607;8388607;8388607;8388607;8388607;8388607;8388607;8388607;8388607;8388607;8388607;8388607;8388607;8388607;
723564;8388607;8388607;8388607;8388607;8388607;8388607;8388607;8388607;8388607;8388607;8388607;8388607;8388607;8388607;8388607;8388607;8388607;8388607;8388607;8388607;8388607;8388607;8388607;8388607;8388607;8388607;8388607;8388607;8388607;8388607;8388607;8388607;
723626;8388607;8388607;8388607;8388607;8388607;8388607;8388607;8388607;8388607;8388607;8388607;8388607;8388607;8388607;8388607;8388607;8388607;8388607;8388607;8388607;8388607;8388607;8388607;8388607;8388607;8388607;8388607;8388607;8388607;8388607;8388607;8388607;
724834;8388607;8388607;8388607;8388607;8388607;8388607;8388607;8388607;8388607;8388607;8388607;8388607;8388607;8388607;8388607;8388607;8388607;8388607;8388607;8388607;8388607;8388607;8388607;8388607;8388607;8388607;8388607;8388607;8388607;8388607;8388607;8388607;
724865;8388607;8388607;8388607;8388607;8388607;8388607;8388607;8388607;8388607;8388607;8388607;8388607;8388607;8388607;8388607;8388607;8388607;8388607;8388607;8388607;8388607;8388607;8388607;8388607;8388607;8388607;8388607;8388607;8388607;8388607;8388607;8388607;
724910;8388607;8388607;8388607;8388607;8388607;8388607;8388607;8388607;8388607;8388607;8388607;8388607;8388607;8388607;8388607;8388607;8388607;8388607;8388607;8388607;8388607;8388607;8388607;8388607;8388607;8388607;8388607;8388607;8388607;8388607;8388607;8388607;
724960;8388607;8388607;8388607;8388607;8388607;8388607;8388607;8388607;8388607;8388607;8388607;8388607;8388607;8388607;8388607;8388607;8388607;8388607;8388607;8388607;8388607;8388607;8388607;8388607;8388607;8388607;8388607;8388607;8388607;8388607;8388607;8388607;
724989;8388607;8388607;8388607;8388607;8388607;8388607;8388607;8388607;8388607;8388607;8388607;8388607;8388607;8388607;8388607;8388607;8388607;8388607;8388607;8388607;8388607;8388607;8388607;8388607;8388607;8388607;8388607;8388607;8388607;8388607;8388607;8388607;
725134;8388607;8388607;8388607;8388607;8388607;8388607;8388607;8388607;8388607;8388607;8388607;8388607;8388607;8388607;8388607;8388607;8388607;8388607;8388607;8388607;8388607;8388607;8388607;8388607;8388607;8388607;8388607;8388607;8388607;8388607;8388607;8388607;
725170;8388607;8388607;8388607;8388607;8388607;8388607;8388607;8388607;8388607;8388607;8388607;8388607;8388607;8388607;8388607;8388607;8388607;8388607;8388607;8388607;8388607;8388607;8388607;8388607;8388607;8388607;8388607;8388607;8388607;8388607;8388607;8388607;
726191;8388607;8388607;8388607;8388607;8388607;8388607;8388607;8388607;8388607;8388607;8388607;8388607;8388607;8388607;8388607;8388607;8388607;8388607;8388607;8388607;8388607;8388607;8388607;8388607;8388607;8388607;8388607;8388607;8388607;8388607;8388607;8388607;
726218;8388607;8388607;8388607;8388607;8388607;8388607;8388607;8388607;8388607;8388607;8388607;8388607;8388607;8388607;8388607;8388607;8388607;8388607;8388607;8388607;8388607;8388607;8388607;8388607;8388607;8388607;8388607;8388607;8388607;8388607;8388607;8388607;
726255;8388607;8388607;8388607;8388607;8388607;8388607;8388607;8388607;8388607;8388607;8388607;8388607;8388607;8388607;8388607;8388607;8388607;8388607;8388607;8388607;8388607;8388607;8388607;8388607;8388607;8388607;8388607;8388607;8388607;8388607;8388607;8388607;
726290;8388607;8388607;8388607;8388607;8388607;8388607;8388607;8388607;8388607;8388607;8388607;8388607;8388607;8388607;8388607;8388607;8388607;8388607;8388607;8388607;8388607;8388607;8388607;8388607;8388607;8388607;8388607;8388607;8388607;8388607;8388607;8388607;
726321;8388607;8388607;8388607;8388607;8388607;8388607;8388607;8388607;8388607;8388607;8388607;8388607;8388607;8388607;8388607;8388607;8388607;8388607;8388607;8388607;8388607;8388607;8388607;8388607;8388607;8388607;8388607;8388607;8388607;8388607;8388607;8388607;
726355;8388607;8388607;8388607;8388607;8388607;8388607;8388607;8388607;8388607;8388607;8388607;8388607;8388607;8388607;8388607;8388607;8388607;8388607;8388607;8388607;8388607;8388607;8388607;8388607;8388607;8388607;8388607;8388607;8388607;8388607;8388607;8388607;
727535;8388607;8388607;8388607;8388607;8388607;8388607;8388607;8388607;8388607;8388607;8388607;8388607;8388607;8388607;8388607;8388607;8388607;8388607;8388607;8388607;8388607;8388607;8388607;8388607;8388607;8388607;8388607;8388607;8388607;8388607;8388607;8388607;
727697;8388607;8388607;8388607;8388607;8388607;8388607;8388607;8388607;8388607;8388607;8388607;8388607;8388607;8388607;8388607;8388607;8388607;8388607;8388607;8388607;8388607;8388607;8388607;8388607;8388607;8388607;8388607;8388607;8388607;8388607;8388607;8388607;
727770;8388607;8388607;8388607;8388607;8388607;8388607;8388607;8388607;8388607;8388607;8388607;8388607;8388607;8388607;8388607;8388607;8388607;8388607;8388607;8388607;8388607;8388607;8388607;8388607;8388607;8388607;8388607;8388607;8388607;8388607;8388607;8388607;
727949;8388607;8388607;8388607;8388607;8388607;8388607;8388607;8388607;8388607;8388607;8388607;8388607;8388607;8388607;8388607;8388607;8388607;8388607;8388607;8388607;8388607;8388607;8388607;8388607;8388607;8388607;8388607;8388607;8388607;8388607;8388607;8388607;
728118;8388607;8388607;8388607;8388607;8388607;8388607;8388607;8388607;8388607;8388607;8388607;8388607;8388607;8388607;8388607;8388607;8388607;8388607;8388607;8388607;8388607;8388607;8388607;8388607;8388607;8388607;8388607;8388607;8388607;8388607;8388607;8388607;
728435;8388607;8388607;8388607;8388607;8388607;8388607;8388607;8388607;8388607;8388607;8388607;8388607;8388607;8388607;8388607;8388607;8388607;8388607;8388607;8388607;8388607;8388607;8388607;8388607;8388607;8388607;8388607;8388607;8388607;8388607;8388607;8388607;
729556;8388607;8388607;8388607;8388607;8388607;8388607;8388607;8388607;8388607;8388607;8388607;8388607;8388607;8388607;8388607;8388607;8388607;8388607;8388607;8388607;8388607;8388607;8388607;8388607;8388607;8388607;8388607;8388607;8388607;8388607;8388607;8388607;
729726;8388607;8388607;8388607;8388607;8388607;8388607;8388607;8388607;8388607;8388607;8388607;8388607;8388607;8388607;8388607;8388607;8388607;8388607;8388607;8388607;8388607;8388607;8388607;8388607;8388607;8388607;8388607;8388607;8388607;8388607;8388607;8388607;
729754;8388607;8388607;8388607;8388607;8388607;8388607;8388607;8388607;8388607;8388607;8388607;8388607;8388607;8388607;8388607;8388607;8388607;8388607;8388607;8388607;8388607;8388607;8388607;8388607;8388607;8388607;8388607;8388607;8388607;8388607;8388607;8388607;
729790;8388607;8388607;8388607;8388607;8388607;8388607;8388607;8388607;8388607;8388607;8388607;8388607;8388607;8388607;8388607;8388607;8388607;8388607;8388607;8388607;8388607;8388607;8388607;8388607;8388607;8388607;8388607;8388607;8388607;8388607;8388607;8388607;
729818;8388607;8388607;8388607;8388607;8388607;8388607;8388607;8388607;8388607;8388607;8388607;8388607;8388607;8388607;8388607;8388607;8388607;8388607;8388607;8388607;8388607;8388607;8388607;8388607;8388607;8388607;8388607;8388607;8388607;8388607;8388607;8388607;
729963;8388607;8388607;8388607;8388607;8388607;8388607;8388607;8388607;8388607;8388607;8388607;8388607;8388607;8388607;8388607;8388607;8388607;8388607;8388607;8388607;8388607;8388607;8388607;8388607;8388607;8388607;8388607;8388607;8388607;8388607;8388607;8388607;
729999;8388607;8388607;8388607;8388607;8388607;8388607;8388607;8388607;8388607;8388607;8388607;8388607;8388607;8388607;8388607;8388607;8388607;8388607;8388607;8388607;8388607;8388607;8388607;8388607;8388607;8388607;8388607;8388607;8388607;8388607;8388607;8388607;
730027;8388607;8388607;8388607;8388607;8388607;8388607;8388607;8388607;8388607;8388607;8388607;8388607;8388607;8388607;8388607;8388607;8388607;8388607;8388607;8388607;8388607;8388607;8388607;8388607;8388607;8388607;8388607;8388607;8388607;8388607;8388607;8388607;
730063;8388607;8388607;8388607;8388607;8388607;8388607;8388607;8388607;8388607;8388607;8388607;8388607;8388607;8388607;8388607;8388607;8388607;8388607;8388607;8388607;8388607;8388607;8388607;8388607;8388607;8388607;8388607;8388607;8388607;8388607;8388607;8388607;
730091;8388607;8388607;8388607;8388607;8388607;8388607;8388607;8388607;8388607;8388607;8388607;8388607;8388607;8388607;8388607;8388607;8388607;8388607;8388607;8388607;8388607;8388607;8388607;8388607;8388607;8388607;8388607;8388607;8388607;8388607;8388607;8388607;
731154;8388607;8388607;8388607;8388607;8388607;8388607;8388607;8388607;8388607;8388607;8388607;8388607;8388607;8388607;8388607;8388607;8388607;8388607;8388607;8388607;8388607;8388607;8388607;8388607;8388607;8388607;8388607;8388607;8388607;8388607;8388607;8388607;
731218;8388607;8388607;8388607;8388607;8388607;8388607;8388607;8388607;8388607;8388607;8388607;8388607;8388607;8388607;8388607;8388607;8388607;8388607;8388607;8388607;8388607;8388607;8388607;8388607;8388607;8388607;8388607;8388607;8388607;8388607;8388607;8388607;
731513;8388607;8388607;8388607;8388607;8388607;8388607;8388607;8388607;8388607;8388607;8388607;8388607;8388607;8388607;8388607;8388607;8388607;8388607;8388607;8388607;8388607;8388607;8388607;8388607;8388607;8388607;8388607;8388607;8388607;8388607;8388607;8388607;
731686;8388607;8388607;8388607;8388607;8388607;8388607;8388607;8388607;8388607;8388607;8388607;8388607;8388607;8388607;8388607;8388607;8388607;8388607;8388607;8388607;8388607;8388607;8388607;8388607;8388607;8388607;8388607;8388607;8388607;8388607;8388607;8388607;
731720;8388607;8388607;8388607;8388607;8388607;8388607;8388607;8388607;8388607;8388607;8388607;8388607;8388607;8388607;8388607;8388607;8388607;8388607;8388607;8388607;8388607;8388607;8388607;8388607;8388607;8388607;8388607;8388607;8388607;8388607;8388607;8388607;
731750;8388607;8388607;8388607;8388607;8388607;8388607;8388607;8388607;8388607;8388607;8388607;8388607;8388607;8388607;8388607;8388607;8388607;8388607;8388607;8388607;8388607;8388607;8388607;8388607;8388607;8388607;8388607;8388607;8388607;8388607;8388607;8388607;
731785;8388607;8388607;8388607;8388607;8388607;8388607;8388607;8388607;8388607;8388607;8388607;8388607;8388607;8388607;8388607;8388607;8388607;8388607;8388607;8388607;8388607;8388607;8388607;8388607;8388607;8388607;8388607;8388607;8388607;8388607;8388607;8388607;
732931;8388607;8388607;8388607;8388607;8388607;8388607;8388607;8388607;8388607;8388607;8388607;8388607;8388607;8388607;8388607;8388607;8388607;8388607;8388607;8388607;8388607;8388607;8388607;8388607;8388607;8388607;8388607;8388607;8388607;8388607;8388607;8388607;
732965;8388607;8388607;8388607;8388607;8388607;8388607;8388607;8388607;8388607;8388607;8388607;8388607;8388607;8388607;8388607;8388607;8388607;8388607;8388607;8388607;8388607;8388607;8388607;8388607;8388607;8388607;8388607;8388607;8388607;8388607;8388607;8388607;
733026;8388607;8388607;8388607;8388607;8388607;8388607;8388607;8388607;8388607;8388607;8388607;8388607;8388607;8388607;8388607;8388607;8388607;8388607;8388607;8388607;8388607;8388607;8388607;8388607;8388607;8388607;8388607;8388607;8388607;8388607;8388607;8388607;
733061;8388607;8388607;8388607;8388607;8388607;8388607;8388607;8388607;8388607;8388607;8388607;8388607;8388607;8388607;8388607;8388607;8388607;8388607;8388607;8388607;8388607;8388607;8388607;8388607;8388607;8388607;8388607;8388607;8388607;8388607;8388607;8388607;
733091;8388607;8388607;8388607;8388607;8388607;8388607;8388607;8388607;8388607;8388607;8388607;8388607;8388607;8388607;8388607;8388607;8388607;8388607;8388607;8388607;8388607;8388607;8388607;8388607;8388607;8388607;8388607;8388607;8388607;8388607;8388607;8388607;
733125;8388607;8388607;8388607;8388607;8388607;8388607;8388607;8388607;8388607;8388607;8388607;8388607;8388607;8388607;8388607;8388607;8388607;8388607;8388607;8388607;8388607;8388607;8388607;8388607;8388607;8388607;8388607;8388607;8388607;8388607;8388607;8388607;
733155;8388607;8388607;8388607;8388607;8388607;8388607;8388607;8388607;8388607;8388607;8388607;8388607;8388607;8388607;8388607;8388607;8388607;8388607;8388607;8388607;8388607;8388607;8388607;8388607;8388607;8388607;8388607;8388607;8388607;8388607;8388607;8388607;
733298;8388607;8388607;8388607;8388607;8388607;8388607;8388607;8388607;8388607;8388607;8388607;8388607;8388607;8388607;8388607;8388607;8388607;8388607;8388607;8388607;8388607;8388607;8388607;8388607;8388607;8388607;8388607;8388607;8388607;8388607;8388607;8388607;
734373;8388607;8388607;8388607;8388607;8388607;8388607;8388607;8388607;8388607;8388607;8388607;8388607;8388607;8388607;8388607;8388607;8388607;8388607;8388607;8388607;8388607;8388607;8388607;8388607;8388607;8388607;8388607;8388607;8388607;8388607;8388607;8388607;
734429;8388607;8388607;8388607;8388607;8388607;8388607;8388607;8388607;8388607;8388607;8388607;8388607;8388607;8388607;8388607;8388607;8388607;8388607;8388607;8388607;8388607;8388607;8388607;8388607;8388607;8388607;8388607;8388607;8388607;8388607;8388607;8388607;
734594;8388607;8388607;8388607;8388607;8388607;8388607;8388607;8388607;8388607;8388607;8388607;8388607;8388607;8388607;8388607;8388607;8388607;8388607;8388607;8388607;8388607;8388607;8388607;8388607;8388607;8388607;8388607;8388607;8388607;8388607;8388607;8388607;
734660;8388607;8388607;8388607;8388607;8388607;8388607;8388607;8388607;8388607;8388607;8388607;8388607;8388607;8388607;8388607;8388607;8388607;8388607;8388607;8388607;8388607;8388607;8388607;8388607;8388607;8388607;8388607;8388607;8388607;8388607;8388607;8388607;
734725;8388607;8388607;8388607;8388607;8388607;8388607;8388607;8388607;8388607;8388607;8388607;8388607;8388607;8388607;8388607;8388607;8388607;8388607;8388607;8388607;8388607;8388607;8388607;8388607;8388607;8388607;8388607;8388607;8388607;8388607;8388607;8388607;
734902;8388607;8388607;8388607;8388607;8388607;8388607;8388607;8388607;8388607;8388607;8388607;8388607;8388607;8388607;8388607;8388607;8388607;8388607;8388607;8388607;8388607;8388607;8388607;8388607;8388607;8388607;8388607;8388607;8388607;8388607;8388607;8388607;
734974;8388607;8388607;8388607;8388607;8388607;8388607;8388607;8388607;8388607;8388607;8388607;8388607;8388607;8388607;8388607;8388607;8388607;8388607;8388607;8388607;8388607;8388607;8388607;8388607;8388607;8388607;8388607;8388607;8388607;8388607;8388607;8388607;
736151;8388607;8388607;8388607;8388607;8388607;8388607;8388607;8388607;8388607;8388607;8388607;8388607;8388607;8388607;8388607;8388607;8388607;8388607;8388607;8388607;8388607;8388607;8388607;8388607;8388607;8388607;8388607;8388607;8388607;8388607;8388607;8388607;
736186;8388607;8388607;8388607;8388607;8388607;8388607;8388607;8388607;8388607;8388607;8388607;8388607;8388607;8388607;8388607;8388607;8388607;8388607;8388607;8388607;8388607;8388607;8388607;8388607;8388607;8388607;8388607;8388607;8388607;8388607;8388607;8388607;
736230;8388607;8388607;8388607;8388607;8388607;8388607;8388607;8388607;8388607;8388607;8388607;8388607;8388607;8388607;8388607;8388607;8388607;8388607;8388607;8388607;8388607;8388607;8388607;8388607;8388607;8388607;8388607;8388607;8388607;8388607;8388607;8388607;
736258;8388607;8388607;8388607;8388607;8388607;8388607;8388607;8388607;8388607;8388607;8388607;8388607;8388607;8388607;8388607;8388607;8388607;8388607;8388607;8388607;8388607;8388607;8388607;8388607;8388607;8388607;8388607;8388607;8388607;8388607;8388607;8388607;
736403;8388607;8388607;8388607;8388607;8388607;8388607;8388607;8388607;8388607;8388607;8388607;8388607;8388607;8388607;8388607;8388607;8388607;8388607;8388607;8388607;8388607;8388607;8388607;8388607;8388607;8388607;8388607;8388607;8388607;8388607;8388607;8388607;
736433;8388607;8388607;8388607;8388607;8388607;8388607;8388607;8388607;8388607;8388607;8388607;8388607;8388607;8388607;8388607;8388607;8388607;8388607;8388607;8388607;8388607;8388607;8388607;8388607;8388607;8388607;8388607;8388607;8388607;8388607;8388607;8388607;
736490;8388607;8388607;8388607;8388607;8388607;8388607;8388607;8388607;8388607;8388607;8388607;8388607;8388607;8388607;8388607;8388607;8388607;8388607;8388607;8388607;8388607;8388607;8388607;8388607;8388607;8388607;8388607;8388607;8388607;8388607;8388607;8388607;
736519;8388607;8388607;8388607;8388607;8388607;8388607;8388607;8388607;8388607;8388607;8388607;8388607;8388607;8388607;8388607;8388607;8388607;8388607;8388607;8388607;8388607;8388607;8388607;8388607;8388607;8388607;8388607;8388607;8388607;8388607;8388607;8388607;
737772;8388607;8388607;8388607;8388607;8388607;8388607;8388607;8388607;8388607;8388607;8388607;8388607;8388607;8388607;8388607;8388607;8388607;8388607;8388607;8388607;8388607;8388607;8388607;8388607;8388607;8388607;8388607;8388607;8388607;8388607;8388607;8388607;
737821;8388607;8388607;8388607;8388607;8388607;8388607;8388607;8388607;8388607;8388607;8388607;8388607;8388607;8388607;8388607;8388607;8388607;8388607;8388607;8388607;8388607;8388607;8388607;8388607;8388607;8388607;8388607;8388607;8388607;8388607;8388607;8388607;
738112;8388607;8388607;8388607;8388607;8388607;8388607;8388607;8388607;8388607;8388607;8388607;8388607;8388607;8388607;8388607;8388607;8388607;8388607;8388607;8388607;8388607;8388607;8388607;8388607;8388607;8388607;8388607;8388607;8388607;8388607;8388607;8388607;
738170;8388607;8388607;8388607;8388607;8388607;8388607;8388607;8388607;8388607;8388607;8388607;8388607;8388607;8388607;8388607;8388607;8388607;8388607;8388607;8388607;8388607;8388607;8388607;8388607;8388607;8388607;8388607;8388607;8388607;8388607;8388607;8388607;
738236;8388607;8388607;8388607;8388607;8388607;8388607;8388607;8388607;8388607;8388607;8388607;8388607;8388607;8388607;8388607;8388607;8388607;8388607;8388607;8388607;8388607;8388607;8388607;8388607;8388607;8388607;8388607;8388607;8388607;8388607;8388607;8388607;
738295;8388607;8388607;8388607;8388607;8388607;8388607;8388607;8388607;8388607;8388607;8388607;8388607;8388607;8388607;8388607;8388607;8388607;8388607;8388607;8388607;8388607;8388607;8388607;8388607;8388607;8388607;8388607;8388607;8388607;8388607;8388607;8388607;
738358;8388607;8388607;8388607;8388607;8388607;8388607;8388607;8388607;8388607;8388607;8388607;8388607;8388607;8388607;8388607;8388607;8388607;8388607;8388607;8388607;8388607;8388607;8388607;8388607;8388607;8388607;8388607;8388607;8388607;8388607;8388607;8388607;
738412;8388607;8388607;8388607;8388607;8388607;8388607;8388607;8388607;8388607;8388607;8388607;8388607;8388607;8388607;8388607;8388607;8388607;8388607;8388607;8388607;8388607;8388607;8388607;8388607;8388607;8388607;8388607;8388607;8388607;8388607;8388607;8388607;
739611;8388607;8388607;8388607;8388607;8388607;8388607;8388607;8388607;8388607;8388607;8388607;8388607;8388607;8388607;8388607;8388607;8388607;8388607;8388607;8388607;8388607;8388607;8388607;8388607;8388607;8388607;8388607;8388607;8388607;8388607;8388607;8388607;
739647;8388607;8388607;8388607;8388607;8388607;8388607;8388607;8388607;8388607;8388607;8388607;8388607;8388607;8388607;8388607;8388607;8388607;8388607;8388607;8388607;8388607;8388607;8388607;8388607;8388607;8388607;8388607;8388607;8388607;8388607;8388607;8388607;
739705;8388607;8388607;8388607;8388607;8388607;8388607;8388607;8388607;8388607;8388607;8388607;8388607;8388607;8388607;8388607;8388607;8388607;8388607;8388607;8388607;8388607;8388607;8388607;8388607;8388607;8388607;8388607;8388607;8388607;8388607;8388607;8388607;
739743;8388607;8388607;8388607;8388607;8388607;8388607;8388607;8388607;8388607;8388607;8388607;8388607;8388607;8388607;8388607;8388607;8388607;8388607;8388607;8388607;8388607;8388607;8388607;8388607;8388607;8388607;8388607;8388607;8388607;8388607;8388607;8388607;
739778;8388607;8388607;8388607;8388607;8388607;8388607;8388607;8388607;8388607;8388607;8388607;8388607;8388607;8388607;8388607;8388607;8388607;8388607;8388607;8388607;8388607;8388607;8388607;8388607;8388607;8388607;8388607;8388607;8388607;8388607;8388607;8388607;
739808;8388607;8388607;8388607;8388607;8388607;8388607;8388607;8388607;8388607;8388607;8388607;8388607;8388607;8388607;8388607;8388607;8388607;8388607;8388607;8388607;8388607;8388607;8388607;8388607;8388607;8388607;8388607;8388607;8388607;8388607;8388607;8388607;
739844;8388607;8388607;8388607;8388607;8388607;8388607;8388607;8388607;8388607;8388607;8388607;8388607;8388607;8388607;8388607;8388607;8388607;8388607;8388607;8388607;8388607;8388607;8388607;8388607;8388607;8388607;8388607;8388607;8388607;8388607;8388607;8388607;
739873;8388607;8388607;8388607;8388607;8388607;8388607;8388607;8388607;8388607;8388607;8388607;8388607;8388607;8388607;8388607;8388607;8388607;8388607;8388607;8388607;8388607;8388607;8388607;8388607;8388607;8388607;8388607;8388607;8388607;8388607;8388607;8388607;
740901;8388607;8388607;8388607;8388607;8388607;8388607;8388607;8388607;8388607;8388607;8388607;8388607;8388607;8388607;8388607;8388607;8388607;8388607;8388607;8388607;8388607;8388607;8388607;8388607;8388607;8388607;8388607;8388607;8388607;8388607;8388607;8388607;
740936;8388607;8388607;8388607;8388607;8388607;8388607;8388607;8388607;8388607;8388607;8388607;8388607;8388607;8388607;8388607;8388607;8388607;8388607;8388607;8388607;8388607;8388607;8388607;8388607;8388607;8388607;8388607;8388607;8388607;8388607;8388607;8388607;
740977;8388607;8388607;8388607;8388607;8388607;8388607;8388607;8388607;8388607;8388607;8388607;8388607;8388607;8388607;8388607;8388607;8388607;8388607;8388607;8388607;8388607;8388607;8388607;8388607;8388607;8388607;8388607;8388607;8388607;8388607;8388607;8388607;
741004;8388607;8388607;8388607;8388607;8388607;8388607;8388607;8388607;8388607;8388607;8388607;8388607;8388607;8388607;8388607;8388607;8388607;8388607;8388607;8388607;8388607;8388607;8388607;8388607;8388607;8388607;8388607;8388607;8388607;8388607;8388607;8388607;
741040;8388607;8388607;8388607;8388607;8388607;8388607;8388607;8388607;8388607;8388607;8388607;8388607;8388607;8388607;8388607;8388607;8388607;8388607;8388607;8388607;8388607;8388607;8388607;8388607;8388607;8388607;8388607;8388607;8388607;8388607;8388607;8388607;
741075;8388607;8388607;8388607;8388607;8388607;8388607;8388607;8388607;8388607;8388607;8388607;8388607;8388607;8388607;8388607;8388607;8388607;8388607;8388607;8388607;8388607;8388607;8388607;8388607;8388607;8388607;8388607;8388607;8388607;8388607;8388607;8388607;
742237;8388607;8388607;8388607;8388607;8388607;8388607;8388607;8388607;8388607;8388607;8388607;8388607;8388607;8388607;8388607;8388607;8388607;8388607;8388607;8388607;8388607;8388607;8388607;8388607;8388607;8388607;8388607;8388607;8388607;8388607;8388607;8388607;
742406;8388607;8388607;8388607;8388607;8388607;8388607;8388607;8388607;8388607;8388607;8388607;8388607;8388607;8388607;8388607;8388607;8388607;8388607;8388607;8388607;8388607;8388607;8388607;8388607;8388607;8388607;8388607;8388607;8388607;8388607;8388607;8388607;
742468;8388607;8388607;8388607;8388607;8388607;8388607;8388607;8388607;8388607;8388607;8388607;8388607;8388607;8388607;8388607;8388607;8388607;8388607;8388607;8388607;8388607;8388607;8388607;8388607;8388607;8388607;8388607;8388607;8388607;8388607;8388607;8388607;
742533;8388607;8388607;8388607;8388607;8388607;8388607;8388607;8388607;8388607;8388607;8388607;8388607;8388607;8388607;8388607;8388607;8388607;8388607;8388607;8388607;8388607;8388607;8388607;8388607;8388607;8388607;8388607;8388607;8388607;8388607;8388607;8388607;
742592;8388607;8388607;8388607;8388607;8388607;8388607;8388607;8388607;8388607;8388607;8388607;8388607;8388607;8388607;8388607;8388607;8388607;8388607;8388607;8388607;8388607;8388607;8388607;8388607;8388607;8388607;8388607;8388607;8388607;8388607;8388607;8388607;
742768;8388607;8388607;8388607;8388607;8388607;8388607;8388607;8388607;8388607;8388607;8388607;8388607;8388607;8388607;8388607;8388607;8388607;8388607;8388607;8388607;8388607;8388607;8388607;8388607;8388607;8388607;8388607;8388607;8388607;8388607;8388607;8388607;
742822;8388607;8388607;8388607;8388607;8388607;8388607;8388607;8388607;8388607;8388607;8388607;8388607;8388607;8388607;8388607;8388607;8388607;8388607;8388607;8388607;8388520;8388607;8388607;8388607;8388607;8388607;8388607;8388607;8388607;8388607;8388607;8388607;
743947;8388607;8388607;8388607;8388607;8388607;8388607;8388607;8388607;8388607;8388607;8388607;8388607;8388607;8388607;8388607;8388607;8388607;8388607;8388607;8388607;8388607;8388607;8388607;8388607;8388607;8388607;8388607;8388607;8388607;8388607;8388607;8388607;
743976;8388607;8388607;8388607;8388607;8388607;8388607;8388607;8388607;8388607;8388607;8388607;8388607;8388607;8388607;8388607;8388607;8388607;8388607;8388607;8388607;8388607;8388607;8388607;8388607;8388607;8388607;8388607;8388607;8388607;8388607;8388607;8388607;
744013;8388607;8388607;8388607;8388607;8388607;8388607;8388607;8388607;8388607;8388607;8388607;8388607;8388607;8388607;8388607;8388607;8388607;8388607;8388607;8388607;8388607;8388607;8388607;8388607;8388607;8388607;8388607;8388607;8388607;8388607;8388607;8388607;
744041;8388607;8388607;8388607;8388607;8388607;8388607;8388607;8388607;8388607;8388607;8388607;8388607;8388607;8388607;8388607;8388607;8388607;8388607;8388607;8388607;8388607;8388607;8388607;8388607;8388607;8388607;8388607;8388607;8388607;8388607;8388607;8388607;
744190;8388607;8388607;8388607;8388607;8388607;8388607;8388607;8388607;8388607;8388607;8388607;8388607;8388607;8388607;8388607;8388607;8388607;8388607;8388607;8388607;8388607;8388607;8388607;8388607;8388607;8388607;8388607;8388607;8388607;8388607;8388607;8388607;
744225;8388607;8388607;8388607;8388607;8388607;8388607;8388607;8388607;8388607;8388607;8388607;8388607;8388607;8388607;8388607;8388607;8388607;8388607;8388607;8388607;8388607;8388607;8388607;8388607;8388607;8388607;8388607;8388607;8388607;8388607;8388607;8388607;
744261;8388607;8388607;8388607;8388607;8388607;8388607;8388607;8388607;8388607;8388607;8388607;8388607;8388607;8388607;8388607;8388607;8388607;8388607;8388607;8388607;8388607;8388607;8388607;8388607;8388607;8388607;8388607;8388607;8388607;8388607;8388607;8388607;
744290;8388607;8388607;8388607;8388607;8388607;8388607;8388607;8388607;8388607;8388607;8388607;8388607;8388607;8388607;8388607;8388607;8388607;8388607;8388607;8388607;8388607;8388607;8388607;8388607;8388607;8388607;8388607;8388607;8388607;8388607;8388607;8388607;
745333;8388607;8388607;8388607;8388607;8388607;8388607;8388607;8388607;8388607;8388607;8388607;8388607;8388607;8388607;8388607;8388607;8388607;8388607;8388607;8388607;8388607;8388607;8388295;8388607;8388607;8388607;8388607;8388607;8388607;8388607;8388607;8388607;
745407;8388607;8388607;8388607;8388607;8388607;8388607;8388607;8388607;8388607;8388607;8388607;8388607;8388607;8388607;8388607;8388607;8388607;8388607;8388607;8388607;8388607;8388607;8388607;8388607;8388607;8388607;8388607;8388607;8388607;8388607;8388607;8388607;
745604;8388607;8388607;8388607;8388607;8388607;8388607;8388607;8388607;8388607;8388607;8388607;8388607;8388607;8388607;8388607;8388607;8388607;8388607;8388607;8388607;8388607;8388607;8388607;8388607;8388607;8388607;8388607;8388607;8388607;8388607;8388607;8388607;
745657;8388607;8388607;8388607;8388607;8388607;8388607;8388607;8388607;8388607;8388607;8388607;8388607;8388607;8388607;8388607;8388607;8388607;8388607;8388607;8388607;8388607;8388607;8388607;8388607;8388607;8388607;8388607;8388607;8388607;8388607;8388607;8388607;
745836;8388607;8388607;8388607;8388607;8388607;8388607;8388607;8388607;8388607;8388607;8388607;8388607;8388607;8388607;8388607;8388607;8388607;8388607;8388607;8388607;8388607;8388607;8388607;8388607;8388607;8388607;8388607;8388607;8388607;8388607;8388607;8388607;
745892;8388607;8388607;8388607;8388607;8388607;8388607;8388607;8388607;8388607;8388607;8388607;8388607;8388607;8388607;8388607;8388607;8388607;8388607;8388607;8388607;8388607;8388607;8388607;8388607;8388607;8388607;8388607;8388607;8388607;8388607;8388607;8388607;
747126;8388607;8388607;8388607;8388607;8388607;8388607;8388607;8388607;8388607;8388607;8388607;8388607;8388607;8388607;8388607;8388607;8388607;8388607;8388607;8388607;8388607;8388607;8388607;8388607;8388607;8388607;8388607;8388607;8388607;8388607;8388607;8388607;
747155;8388607;8388607;8388607;8388607;8388607;8388607;8388607;8388607;8388607;8388607;8388607;8388607;8388607;8388607;8388607;8388607;8388607;8388607;8388607;8388607;8388607;8388607;8388607;8388607;8388607;8388607;8388607;8388607;8388607;8388607;8388607;8388607;
747300;8388607;8388607;8388607;8388607;8388607;8388607;8388607;8388607;8388607;8388607;8388607;8388607;8388607;8388607;8388607;8388607;8388607;8388607;8388607;8388607;8388607;8388607;8388607;8388607;8388607;8388607;8388607;8388607;8388607;8388607;8388607;8388607;
747329;8388607;8388607;8388607;8388607;8388607;8388607;8388607;8388607;8388607;8388607;8388607;8388607;8388607;8388607;8388607;8388607;8388607;8388607;8388607;8388607;8388607;8388607;8388607;8388607;8388607;8388607;8388607;8388607;8388607;8388607;8388607;8388607;
747364;8388607;8388607;8388607;8388607;8388607;8388607;8388607;8388607;8388607;8388607;8388607;8388607;8388607;8388607;8388607;8388607;8388607;8388607;8388607;8388607;8388607;8388607;8388607;8388607;8388607;8388607;8388607;8388607;8388607;8388607;8388607;8388607;
747505;8388607;8388607;8388607;8388607;8388607;8388607;8388607;8388607;8388607;8388607;8388607;8388607;8388607;8388607;8388607;8388607;8388607;8388607;8388607;8388607;8388607;8388607;8388607;8388607;8388607;8388607;8388607;8388607;8388607;8388607;8388607;8388607;
747538;8388607;8388607;8388607;8388607;8388607;8388607;8388607;8388607;8388607;8388607;8388607;8388607;8388607;8388607;8388607;8388607;8388607;8388607;8388607;8388607;8388607;8388607;8388607;8388607;8388607;8388607;8388607;8388607;8388607;8388607;8388607;8388607;
747701;8388607;8388607;8388607;8388607;8388607;8388607;8388607;8388607;8388607;8388607;8388607;8388607;8388607;8388607;8388607;8388607;8388607;8388607;8388607;8388607;8388607;8388607;8388607;8388607;8388607;8388607;8388607;8388607;8388607;8388607;8388607;8388607;
748818;8388607;8388607;8388607;8388607;8388607;8388607;8388607;8388607;8388607;8388607;8388607;8388607;8388607;8388607;8388607;8388607;8388607;8388607;8388607;8388607;8388607;8388607;8388607;8388607;8388607;8388607;8388607;8388607;8388607;8388607;8388607;8388607;
748879;8388607;8388607;8388607;8388607;8388607;8388607;8388607;8388607;8388607;8388607;8388607;8388607;8388607;8388607;8388607;8388607;8388607;8388607;8388607;8388607;8388607;8388607;8388607;8388607;8388607;8388607;8388607;8388607;8388607;8388607;8388607;8388607;
748922;8388607;8388607;8388607;8388607;8388607;8388607;8388607;8388607;8388607;8388607;8388607;8388607;8388607;8388607;8388607;8388607;8388607;8388607;8388607;8388607;8388607;8388607;8388607;8388607;8388607;8388607;8388607;8388607;8388607;8388607;8388607;8388607;
749091;8388607;8388607;8388607;8388607;8388607;8388607;8388607;8388607;8388607;8388607;8388607;8388607;8388607;8388607;8388607;8388607;8388607;8388607;8388607;8388607;8388607;8388607;8388607;8388607;8388607;8388607;8388607;8388607;8388607;8388607;8388607;8388607;
749158;8388607;8388607;8388607;8388607;8388607;8388607;8388607;8388607;8388607;8388607;8388607;8388607;8388607;8388607;8388607;8388607;8388607;8388607;8388607;8388607;8388607;8388607;8388607;8388607;8388607;8388607;8388607;8388607;8388607;8388607;8388607;8388607;
749325;8388607;8388607;8388607;8388607;8388607;8388607;8388607;8388607;8388607;8388607;8388607;8388607;8388607;8388607;8388607;8388607;8388607;8388607;8388607;8388607;8388607;8388607;8388607;8388607;8388607;8388607;8388607;8388607;8388607;8388607;8388607;8388607;
749391;8388607;8388607;8388607;8388607;8388607;8388607;8388607;8388607;8388607;8388607;8388607;8388607;8388607;8388607;8388607;8388607;8388607;8388607;8388607;8388607;8388607;8388607;8388607;8388607;8388607;8388607;8388607;8388607;8388607;8388607;8388607;8388607;
749459;8388607;8388607;8388607;8388607;8388607;8388607;8388607;8388607;8388607;8388607;8388607;8388607;8388607;8388607;8388607;8388607;8388607;8388607;8388607;8388607;8388607;8388607;8388607;8388607;8388607;8388607;8388607;8388607;8388607;8388607;8388607;8388607;
750511;8388607;8388607;8388607;8388607;8388607;8388607;8388607;8388607;8388607;8388607;8388607;8388607;8388607;8388607;8388607;8388607;8388607;8388607;8388607;8388607;8388607;8388607;8388607;8388607;8388607;8388607;8388607;8388607;8388607;8388607;8388607;8388607;
750578;8388607;8388607;8388607;8388607;8388607;8388607;8388607;8388607;8388607;8388607;8388607;8388607;8388607;8388607;8388607;8388607;8388607;8388607;8388607;8388607;8388607;8388607;8388607;8388607;8388607;8388607;8388607;8388607;8388607;8388607;8388607;8388607;
750635;8388607;8388607;8388607;8388607;8388607;8388607;8388607;8388607;8388607;8388607;8388607;8388607;8388607;8388607;8388607;8388607;8388607;8388607;8388607;8388607;8388607;8388607;8388607;8388607;8388607;8388607;8388607;8388607;8388607;8388607;8388607;8388607;
750700;8388607;8388607;8388607;8388607;8388607;8388607;8388607;8388607;8388607;8388607;8388607;8388607;8388607;8388607;8388607;8388607;8388607;8388607;8388607;8388607;8388607;8388607;8388607;8388607;8388607;8388607;8388607;8388607;8388607;8388607;8388607;8388607;
750880;8388607;8388607;8388607;8388607;8388607;8388607;8388607;8388607;8388607;8388607;8388607;8388607;8388607;8388607;8388607;8388607;8388607;8388607;8388607;8388607;8388607;8388607;8388607;8388607;8388607;8388607;8388607;8388607;8388607;8388607;8388607;8388607;