Time;Load cell reading [N];Temperature [C];Pressure sensor 1 [bar];Pressure sensor 2 [bar];Distance [mm];

592038;-34.666626;22.375000;0.021667;3.102500;198;

592179;-22.666626;22.375000;0.021667;3.102500;197;

592327;-25.333374;22.375000;0.021667;3.102917;196;

592467;-30.666626;22.375000;0.021667;3.102917;196;

592604;-22.666626;22.375000;0.021667;3.102500;197;

592747;-36.000000;22.375000;0.021667;3.102500;199;

592884;-25.333374;22.375000;0.021667;3.102917;197;

593027;-22.666626;22.375000;0.021667;3.102917;198;

593164;-25.333374;22.375000;0.021667;3.102500;197;

593307;-21.333374;22.375000;0.021667;3.102917;196;

593444;-26.666626;22.375000;0.021667;3.102500;198;

593587;-22.666626;22.375000;0.021667;3.102917;198;

593724;-18.666626;22.375000;0.021250;3.102917;196;

593867;-29.333374;22.375000;0.021667;3.102917;198;

594004;-21.333374;22.375000;0.021667;3.102500;195;

594147;-25.333374;22.375000;0.021667;3.102500;198;

594287;-22.666626;22.437500;0.021667;3.102917;201;

594424;-17.333374;22.375000;0.021250;3.102500;202;

594571;-32.000000;22.375000;0.021667;3.102917;198;

594729;-22.666626;22.375000;0.021667;3.102917;197;

594889;-26.666626;22.375000;0.021667;3.102917;197;

595037;-34.666626;22.375000;0.021667;3.102917;198;

595177;-17.333374;22.375000;0.021667;3.102917;196;

595327;-25.333374;22.375000;0.021667;3.102500;193;

595464;-21.333374;22.375000;0.021667;3.102500;198;

595607;-21.333374;22.375000;0.021250;3.102500;199;

595750;-32.000000;22.375000;0.021667;3.102917;197;

595909;-21.333374;22.375000;0.021667;3.102917;198;

596074;-32.000000;22.437500;0.021667;3.102917;197;

596218;-20.000000;22.375000;0.021667;3.102917;201;

596357;-25.333374;22.375000;0.021250;3.102917;199;

596494;-25.333374;22.375000;0.021667;3.102917;194;

596648;-21.333374;22.437500;0.021250;3.102917;196;

596797;-25.333374;22.375000;0.021667;3.102917;201;

596934;-22.666626;22.375000;0.021667;3.102917;202;

597085;-21.333374;22.375000;0.021667;3.102500;196;

597231;-32.000000;22.375000;0.021667;3.102917;196;

597387;-20.000000;22.375000;0.021667;3.102917;201;

597526;-32.000000;22.375000;0.021667;3.102917;198;

597667;-20.000000;22.375000;0.021667;3.102917;198;

597804;-22.666626;22.375000;0.021667;3.102500;196;

597963;-34.666626;22.375000;0.021667;3.102500;195;

598107;-18.666626;22.375000;0.021250;3.100834;197;

598244;-32.000000;22.375000;0.021667;3.101667;201;

598387;-22.666626;22.375000;0.021667;3.099583;200;

598534;-22.666626;22.375000;0.021250;3.099167;202;

598677;-25.333374;22.375000;0.021667;3.097500;198;

598814;-25.333374;22.375000;0.021667;3.097500;197;

598967;-30.666626;22.375000;0.021667;3.097500;200;

599117;-22.666626;22.375000;0.021667;3.097500;198;

599257;-21.333374;22.375000;0.021667;3.097500;198;

599399;-34.666626;22.375000;0.021667;3.097500;202;

599547;-20.000000;22.375000;0.021250;3.097500;197;

599700;-30.666626;22.437500;0.021250;3.097083;192;

599857;-20.000000;22.375000;0.021667;3.097500;198;

600010;-22.666626;22.375000;0.021667;3.107917;198;

600168;-29.333374;22.375000;0.021667;3.107917;199;

600317;-16.000000;22.375000;0.021667;3.114167;201;

600457;-32.000000;22.375000;0.021250;3.124167;197;

600597;-22.666626;22.375000;0.021250;3.129583;197;

600732;-18.666626;22.375000;0.021667;3.135000;196;

600875;-29.333374;22.375000;0.021667;3.140834;198;

601017;-20.000000;22.375000;0.021667;3.148334;194;

601154;-22.666626;22.375000;0.021667;3.155000;194;

601302;-26.666626;22.375000;0.021250;3.161667;199;

601450;-22.666626;22.375000;0.021667;3.166667;199;

601594;-34.666626;22.375000;0.021667;3.172084;196;

601737;-20.000000;22.375000;0.021667;3.174583;199;

601876;-25.333374;22.375000;0.021667;3.180417;200;

602017;-30.666626;22.437500;0.021667;3.188334;197;

602154;-20.000000;22.375000;0.021667;3.193750;196;

602308;-34.666626;22.375000;0.021667;3.202500;201;

602471;-21.333374;22.375000;0.021667;3.204167;201;

602630;-22.666626;22.375000;0.021667;3.213333;199;

602777;-25.333374;22.375000;0.021667;3.215000;198;

602930;-22.666626;22.375000;0.021667;3.220417;195;

603089;-30.666626;22.375000;0.021667;3.231250;200;

603237;-18.666626;22.375000;0.021667;3.236250;195;

603375;-22.666626;22.375000;0.021667;3.241667;198;

603517;-30.666626;22.375000;0.021667;3.243334;199;

603661;-16.000000;22.375000;0.021667;3.247083;201;

603807;-29.333374;22.375000;0.021667;3.252500;199;

603950;-30.666626;22.375000;0.021667;3.257917;201;

604094;-22.666626;22.375000;0.021667;3.263333;198;

604251;-32.000000;22.375000;0.021667;3.271250;197;

604397;-22.666626;22.375000;0.021667;3.274167;197;

604534;-22.666626;22.375000;0.021667;3.279167;197;

604677;-30.666626;22.375000;0.021667;3.284583;197;

604821;-22.666626;22.375000;0.021667;3.284583;199;

604981;-22.666626;22.375000;0.021250;3.293333;198;

605132;-22.666626;22.375000;0.021667;3.300833;200;

605279;-18.666626;22.375000;0.021667;3.305417;194;

605420;-30.666626;22.375000;0.021667;3.305834;196;

605567;-21.333374;22.375000;0.021667;3.311250;199;

605707;-25.333374;22.375000;0.021667;3.316667;199;

605844;-25.333374;22.375000;0.021667;3.322083;198;

606001;-22.666626;22.375000;0.021667;3.327084;197;

606150;-25.333374;22.375000;0.021250;3.332500;198;

606297;-30.666626;22.437500;0.021250;3.337917;200;

606437;-18.666626;22.375000;0.021667;3.343333;198;

606577;-26.666626;22.375000;0.021667;3.346667;199;

606718;-29.333374;22.375000;0.021667;3.348750;195;

606867;-18.666626;22.375000;0.021667;3.354167;198;

607004;-34.666626;22.375000;0.021667;3.359167;197;

607147;-34.666626;22.375000;0.021250;3.364584;195;

607290;-18.666626;22.375000;0.021667;3.364584;199;

607437;-30.666626;22.375000;0.021250;3.369584;197;

607587;-29.333374;22.375000;0.021250;3.380833;198;

607740;-21.333374;22.375000;0.021667;3.381250;198;

607880;-26.666626;22.375000;0.021667;3.385834;197;

608035;-22.666626;22.375000;0.021667;3.391250;200;

608195;-21.333374;22.375000;0.021250;3.400417;199;

608337;-26.666626;22.375000;0.021667;3.409583;199;

608474;-22.666626;22.375000;0.021250;3.410834;200;

608624;-21.333374;22.375000;3.410417;3.415833;197;

608767;-30.666626;22.375000;0.021667;3.419584;200;

608904;-22.666626;22.375000;0.021250;3.421250;200;

609047;-22.666626;22.375000;0.021667;3.426666;195;

609187;-32.000000;22.375000;0.021667;3.432083;197;

609327;-25.333374;22.437500;3.432083;3.437500;195;

609464;-22.666626;22.375000;0.021667;3.442917;201;

609607;-25.333374;22.375000;0.021667;3.442917;200;

609747;-20.000000;22.375000;0.021250;3.448334;201;

609887;-18.666626;22.375000;0.021667;3.453750;200;

610024;-29.333374;22.375000;0.021667;3.458750;198;

610174;-21.333374;22.375000;0.021667;3.460000;198;

610327;-30.666626;22.375000;0.021667;3.464584;197;

610488;-22.666626;22.375000;0.021667;3.470000;196;

610641;-29.333374;22.375000;0.021250;3.475000;197;

610791;-22.666626;22.375000;0.021667;3.475000;197;

610937;-29.333374;22.375000;0.021667;3.480417;198;

611077;-21.333374;22.375000;0.021667;3.484584;197;

611214;-21.333374;22.375000;0.021667;3.486667;199;

611373;-22.666626;22.375000;0.021667;3.492917;201;

611517;-25.333374;22.375000;0.021667;3.497500;202;

611657;-22.666626;22.375000;0.021667;3.502084;199;

611797;-22.666626;22.375000;0.021667;3.507500;200;

611935;-17.333374;22.375000;0.021667;3.511250;200;

612079;-22.666626;22.375000;0.021667;3.517917;201;

612228;-21.333374;22.375000;0.021667;3.519583;201;

612364;-30.666626;22.375000;0.021667;3.523334;196;

612510;-25.333374;22.375000;0.021667;3.528750;198;

612657;-22.666626;22.375000;0.021667;3.534167;199;

612812;-17.333374;22.375000;0.021667;3.535833;198;

612962;-22.666626;22.375000;0.021667;3.539584;200;

613117;-16.000000;22.375000;0.021667;3.545417;199;

613275;-18.666626;22.375000;3.545000;3.550417;197;

613428;-20.000000;22.375000;0.021667;3.550833;200;

613578;-21.333374;22.375000;0.021667;3.557917;197;

613728;-17.333374;22.375000;0.021667;3.561250;198;

613869;-18.666626;22.375000;0.021667;3.568333;198;

614017;-20.000000;22.375000;0.021250;3.572083;198;

614155;-18.666626;22.375000;0.021667;3.574167;196;

614297;-17.333374;22.375000;0.021667;3.577500;199;

614439;-18.666626;22.375000;0.021667;3.582500;198;

614587;-18.666626;22.375000;0.021250;3.587917;198;

614727;-17.333374;22.375000;0.021667;3.592917;198;

614867;-13.333374;22.375000;0.021667;3.594167;195;

615007;-21.333374;22.375000;0.021667;3.599167;197;

615154;-16.000000;22.375000;0.021667;3.604167;198;

615297;-17.333374;22.375000;0.021667;3.607917;200;

615440;-17.333374;22.375000;0.021667;3.615000;199;

615593;-13.333374;22.375000;0.021667;3.615000;197;

615750;-17.333374;22.375000;0.021667;3.615417;197;

615906;-16.000000;22.375000;0.021667;3.625834;199;

616059;-13.333374;22.375000;0.021667;3.631250;202;

616197;-16.000000;22.375000;0.021667;3.631667;198;

616343;-16.000000;22.375000;0.021667;3.637500;196;

616496;-17.333374;22.375000;3.636250;3.642083;199;

616624;-16.000000;22.375000;0.021667;3.644584;196;

616767;-16.000000;22.375000;0.021667;3.647083;198;

616907;-17.333374;22.375000;0.021250;3.652500;197;

617060;-16.000000;22.375000;0.021667;3.657917;200;

617210;-13.333374;22.375000;0.021250;3.661250;198;

617357;-13.333374;22.375000;0.021667;3.668750;200;

617497;-13.333374;22.375000;0.021250;3.672084;201;

617644;-10.666626;22.375000;3.669583;3.674167;198;

617790;-13.333374;22.375000;0.021667;3.674583;198;

617934;-10.666626;22.375000;0.021667;3.679584;198;

618080;-16.000000;22.375000;0.021667;3.681250;197;

618235;-16.000000;22.375000;0.021250;3.685000;198;

618374;-17.333374;22.375000;0.021667;3.690417;197;

618517;-16.000000;22.375000;0.021667;0.021250;199;

618643;-10.666626;22.375000;0.021667;3.700833;198;

618800;-8.000000;22.375000;0.021667;3.701250;199;

618962;-16.000000;22.375000;0.021667;3.706667;198;

619117;-16.000000;22.375000;0.021667;3.711667;200;

619267;-16.000000;22.375000;0.021667;3.717084;196;

619404;-16.000000;22.375000;0.021250;3.722083;198;

619547;-13.333374;22.375000;0.021667;3.727917;202;

619684;-10.666626;22.375000;0.021667;3.727500;197;

619827;-10.666626;22.375000;0.021667;3.733333;199;

619964;-10.666626;22.375000;0.021667;3.735000;199;

620107;-13.333374;22.375000;0.021667;3.738750;197;

620247;-8.000000;22.375000;0.021667;3.747083;198;

620384;-16.000000;22.375000;0.021667;3.752500;203;

620530;-16.000000;22.375000;0.021667;3.752084;199;

620679;-16.000000;22.375000;0.021250;3.757917;199;

620827;-10.666626;22.375000;0.021250;3.762917;198;

620967;-16.000000;22.375000;0.021667;3.767083;200;

621104;-10.666626;22.375000;0.021667;3.772084;198;

621259;-13.333374;22.375000;0.021250;3.773334;199;

621416;-16.000000;22.375000;0.021667;3.778750;198;

621562;-8.000000;22.375000;0.021667;3.782084;202;

621714;-13.333374;22.375000;0.021667;3.789167;198;

621870;-17.333374;22.375000;0.021667;3.791250;199;

622017;-10.666626;22.375000;0.021250;3.795000;198;

622157;-13.333374;22.375000;0.021667;3.800000;197;

622294;-17.333374;22.375000;0.021667;3.803750;196;

622424;-17.333374;22.375000;0.021667;3.805417;198;

622565;-13.333374;22.375000;0.021667;3.808750;197;

622707;-13.333374;22.375000;0.021667;3.810834;199;

622847;-17.333374;22.375000;0.021667;3.816250;200;

622984;-13.333374;22.375000;0.021250;3.821250;196;

623130;-16.000000;22.375000;0.021250;0.021667;196;

623282;-17.333374;22.312500;0.021667;3.827084;197;

623427;-13.333374;22.375000;0.021667;3.832083;197;

623565;-16.000000;22.312500;0.021250;3.837500;200;

623707;-16.000000;22.375000;0.021667;3.842500;202;

623847;-13.333374;22.312500;0.021667;3.847917;200;

624007;-16.000000;22.375000;0.021667;3.847917;197;

624169;-13.333374;22.375000;0.021667;3.850834;198;

624334;-16.000000;22.375000;0.021667;3.858750;198;

624476;-17.333374;22.375000;0.021250;3.861667;200;

624614;-13.333374;22.312500;0.021667;3.863750;200;

624757;-16.000000;22.312500;0.021667;3.864584;198;

624900;-13.333374;22.312500;0.021667;3.870000;200;

625049;-16.000000;22.312500;0.021667;3.877917;198;

625200;-13.333374;22.375000;0.021667;3.885000;201;

625347;-16.000000;22.312500;0.021250;3.882500;197;

625487;-17.333374;22.312500;0.021667;3.885000;196;

625634;-17.333374;22.312500;0.021667;3.889167;197;

625777;-16.000000;22.375000;0.021667;3.892917;198;

625914;-13.333374;22.312500;0.021667;3.895833;200;

626060;-18.666626;22.375000;0.021667;3.900000;200;

626204;-16.000000;22.312500;0.021667;3.900833;200;

626350;-16.000000;22.312500;0.021667;3.910417;195;

626524;-17.333374;22.312500;3.911250;3.911667;199;

626677;-17.333374;22.375000;0.021667;3.911667;202;

626834;-17.333374;22.312500;0.021250;3.916667;200;

626977;-17.333374;22.312500;0.021667;3.922084;198;

627127;-18.666626;22.375000;0.021250;3.927500;198;

627265;-13.333374;22.312500;0.021250;3.932083;199;

627407;-17.333374;22.312500;0.021667;3.938334;200;

627545;-17.333374;22.312500;0.021667;3.939167;199;

627687;-18.666626;22.312500;0.021667;3.943334;201;

627825;-22.666626;22.312500;0.021667;3.948750;195;

627967;-21.333374;22.312500;0.021250;3.948750;195;

628108;-16.000000;22.312500;0.021667;3.953750;195;

628257;-21.333374;22.312500;0.021667;3.957084;196;

628397;-21.333374;22.375000;0.021250;3.959167;197;

628537;-21.333374;22.312500;0.021250;3.960000;198;

628679;-17.333374;22.312500;0.021667;3.964583;195;

628828;-21.333374;22.312500;0.021667;3.970000;199;

628994;-21.333374;22.312500;0.021667;3.975417;197;

629148;-17.333374;22.312500;0.021667;3.978750;200;

629309;-18.666626;22.312500;0.021667;3.980834;198;

629447;-21.333374;22.312500;0.021667;3.985833;199;

629587;-20.000000;22.312500;0.021667;3.990833;200;

629727;-18.666626;22.312500;0.021667;3.992917;198;

629867;-20.000000;22.312500;0.021667;3.996667;196;

630006;-22.666626;22.312500;0.021667;3.999167;201;

630147;-21.333374;22.312500;0.021667;4.001667;199;

630284;-20.000000;22.312500;0.021667;4.001667;197;

630427;-21.333374;22.312500;0.021667;4.007083;197;

630579;-18.666626;22.312500;0.021667;4.008750;197;

630730;-21.333374;22.312500;0.021667;4.013334;199;

630877;-20.000000;22.312500;0.021667;4.017500;199;

631017;-18.666626;22.312500;0.021667;4.017500;199;

631165;-21.333374;22.312500;0.021667;4.022917;197;

631307;-17.333374;22.312500;0.021667;4.028333;199;

631462;-18.666626;22.312500;0.021667;4.032500;199;

631623;-20.000000;22.312500;0.021667;4.038750;199;

631773;-18.666626;22.312500;0.021667;4.044167;199;

631917;-22.666626;22.312500;0.021667;0.021250;196;

632044;-21.333374;22.250000;0.021250;4.044167;196;

632180;-21.333374;22.312500;0.021667;4.048750;200;

632324;-17.333374;22.312500;0.021667;4.051250;199;

632470;-21.333374;22.312500;0.021667;4.054584;198;

632617;-18.666626;22.312500;0.021667;4.056667;200;

632762;-20.000000;22.312500;0.021667;4.060000;195;

632907;-21.333374;22.312500;0.021667;4.063750;198;

633047;-22.666626;22.250000;0.021667;4.068334;199;

633184;-22.666626;22.312500;0.021667;4.075000;198;

633328;-18.666626;22.312500;0.021667;4.075834;199;

633477;-17.333374;22.312500;0.021667;4.080000;197;

633627;-20.000000;22.312500;0.021250;4.082084;200;

633784;-18.666626;22.312500;0.021667;4.083333;65535;

634017;-20.000000;22.312500;0.021250;4.082500;65535;

634249;-18.666626;22.312500;0.021667;4.080833;65535;

634474;-17.333374;22.250000;0.021250;4.081250;65535;

634693;-20.000000;22.312500;0.021667;4.075834;65535;

634900;-21.333374;22.312500;0.021250;4.075834;65535;

635127;-22.666626;22.312500;0.021667;4.075834;65535;

635356;-21.333374;22.312500;0.021667;4.075417;65535;

635562;-18.666626;22.250000;0.021667;4.070417;65535;

635783;-22.666626;22.250000;0.021667;0.021667;65535;

635993;-20.000000;22.250000;0.021667;4.070417;65535;

636213;-18.666626;22.250000;0.021667;4.070834;65535;

636434;-21.333374;22.312500;0.021667;4.065417;65535;

636652;-21.333374;22.250000;0.021667;4.065000;65535;

636862;-17.333374;22.250000;0.021667;4.065417;65535;

637096;-22.666626;22.250000;0.021667;4.063334;65535;

637312;-21.333374;22.250000;0.021667;4.065417;65535;

637544;-25.333374;22.250000;4.061250;4.061667;65535;

637783;-18.666626;22.250000;0.021250;4.060000;65535;

638013;-20.000000;22.250000;0.021667;4.060000;65535;

638222;-16.000000;22.250000;0.021667;4.060000;65535;

638454;-17.333374;22.250000;0.021667;4.060000;65535;

638673;-21.333374;22.250000;0.021667;4.060000;65535;

638880;-21.333374;22.250000;0.021667;4.058334;65535;

639090;-22.666626;22.250000;0.021667;4.054584;65535;

639301;-22.666626;22.250000;0.021667;4.054584;65535;

639526;-21.333374;22.250000;4.054584;4.054584;65535;

639733;-22.666626;22.250000;0.021250;4.054584;65535;

639940;-25.333374;22.250000;0.021667;4.054584;65535;

640174;-21.333374;22.250000;0.021667;4.054584;65535;

640383;-25.333374;22.250000;0.021250;4.053750;65535;

640590;-22.666626;22.250000;0.021667;4.050833;65535;

640832;-21.333374;22.250000;0.021667;4.049584;65535;

641072;-21.333374;22.250000;0.021667;4.049167;65535;

641310;-22.666626;22.250000;0.021667;4.049167;65535;

641532;-22.666626;22.250000;0.021250;4.049584;65535;

641741;-21.333374;22.250000;0.021667;4.049584;65535;

641959;-20.000000;22.250000;0.021667;4.049167;65535;

642172;-29.333374;22.250000;0.021250;4.049167;65535;

642380;-22.666626;22.250000;0.021250;4.046250;65535;

642607;-22.666626;22.250000;0.021667;4.044584;65535;

642812;-22.666626;22.250000;0.021667;4.044167;65535;

643020;-22.666626;22.250000;0.021667;4.044167;65535;

643242;-22.666626;22.250000;0.021667;4.044167;65535;

643450;-22.666626;22.250000;0.021667;4.044167;65535;

643659;-25.333374;22.250000;0.021667;4.044167;65535;

643882;-25.333374;22.250000;0.021667;4.044167;65535;

644090;-25.333374;22.187500;0.021250;4.044167;65535;

644301;-22.666626;22.250000;0.021667;4.044167;65535;

644541;-22.666626;22.250000;0.021667;4.044167;65535;

644784;-21.333374;22.187500;0.021667;4.044167;65535;

645002;-22.666626;22.187500;0.021667;4.044167;65535;

645221;-22.666626;22.187500;0.021667;4.043750;65535;

645432;-21.333374;22.187500;0.021667;4.038750;65535;

645643;-21.333374;22.187500;0.021250;4.038750;65535;

645880;-29.333374;22.187500;0.021667;4.039167;65535;

646103;-22.666626;22.187500;0.021667;4.038750;65535;

646309;-18.666626;22.187500;0.021667;4.039167;65535;

646526;-21.333374;22.187500;0.021667;4.038750;65535;

646733;-18.666626;22.187500;0.021667;4.038750;65535;

646940;-17.333374;22.187500;0.021667;4.038750;65535;

647157;-17.333374;22.187500;0.021667;4.038750;65535;

647373;-16.000000;22.187500;0.021667;4.039167;65535;

647579;-16.000000;22.187500;0.021667;4.038750;65535;

647812;-13.333374;22.187500;0.021667;4.039167;65535;

648051;-13.333374;22.187500;0.021667;4.033333;65535;

648262;-10.666626;22.187500;0.021667;4.033750;65535;

648470;-8.000000;22.187500;0.021667;4.033750;65535;

648718;-4.000000;22.187500;0.021250;4.033750;65535;

648942;-8.000000;22.187500;0.021667;4.033750;65535;

649155;-10.666626;22.187500;0.021250;4.033333;65535;

649382;-4.000000;22.187500;0.021667;4.033333;65535;

649592;-4.000000;22.187500;0.021667;4.033750;65535;

649800;-5.333374;22.187500;0.021667;4.033333;65535;

650012;-2.666626;22.187500;0.021667;4.033750;65535;

650220;-1.333374;22.187500;0.021667;4.033750;65535;

650445;-4.000000;22.187500;0.021667;4.030000;65535;

650670;-4.000000;22.187500;0.021667;4.028750;65535;

650892;-5.333374;22.187500;0.021667;4.028333;65535;

651105;-4.000000;22.187500;0.021667;4.028333;65535;

651323;-4.000000;22.187500;0.021667;4.028333;65535;

651529;-4.000000;22.187500;0.021667;4.028333;65535;

651743;-5.333374;22.187500;0.021250;4.028333;65535;

651962;-5.333374;22.187500;0.021667;4.028333;65535;

652198;-8.000000;22.187500;0.021667;4.028333;65535;

652439;-10.666626;22.187500;0.021667;4.028333;65535;

652662;-4.000000;22.187500;0.021667;4.028333;65535;

652889;-5.333374;22.187500;0.021250;4.028333;65535;

653106;-8.000000;22.187500;0.021667;4.027084;65535;

653310;-4.000000;22.187500;0.021667;4.026667;65535;

653535;-1.333374;22.187500;0.021667;4.022917;65535;

653750;-8.000000;22.187500;0.021667;4.022917;65535;

653962;-5.333374;22.125000;0.021250;4.022917;65535;

654171;-5.333374;22.187500;0.021667;4.022917;65535;

654380;-8.000000;22.125000;0.021667;4.022917;65535;

654592;-8.000000;22.125000;0.021667;4.022917;65535;

654814;-8.000000;22.125000;0.021667;4.022917;65535;

655030;-10.666626;22.187500;0.021667;4.022917;65535;

655258;-10.666626;22.125000;0.021667;4.022917;65535;

655492;-8.000000;22.125000;0.021667;4.022917;65535;

655729;-8.000000;22.125000;0.021667;4.022917;65535;

655963;-4.000000;22.125000;4.022917;4.022917;65535;

656174;-2.666626;22.125000;0.021667;4.022917;65535;

656380;-4.000000;22.125000;0.021250;4.022917;65535;

656607;-13.333374;22.125000;0.021667;4.019167;65535;

656823;-2.666626;22.125000;0.021667;4.017917;65535;

657043;-4.000000;22.125000;0.021667;4.017500;65535;

657253;-5.333374;22.125000;0.021667;4.017500;65535;

657463;-8.000000;22.125000;0.021667;4.017500;65535;

657679;-13.333374;22.125000;0.021667;4.017500;65535;

657892;-13.333374;22.125000;0.021667;4.017500;65535;

658113;-16.000000;22.125000;0.021667;4.017500;65535;

658320;-13.333374;22.125000;0.021667;4.017500;65535;

658532;-17.333374;22.125000;0.021667;4.017917;65535;

658753;-17.333374;22.125000;0.021667;4.017500;65535;

658982;-17.333374;22.125000;0.021667;4.017917;65535;

659220;-18.666626;22.125000;0.021250;4.017917;65535;

659457;-16.000000;22.125000;0.021667;4.017917;65535;

659663;-17.333374;22.125000;0.021667;4.017500;65535;

659870;-21.333374;22.125000;0.021667;4.017917;65535;

660080;-25.333374;22.125000;0.021667;4.017500;65535;

660295;-18.666626;22.062500;0.021667;4.012500;65535;

660509;-18.666626;22.125000;0.021667;4.012500;65535;

660730;-20.000000;22.062500;0.021667;4.012500;65535;

660940;-21.333374;22.062500;0.021250;4.012500;65535;

661150;-22.666626;22.125000;0.021667;4.012500;65535;

661363;-18.666626;22.062500;0.021667;4.012500;65535;

661570;-20.000000;22.062500;0.021667;4.012500;65535;

661793;-22.666626;22.125000;0.021667;4.012500;65535;

662012;-20.000000;22.062500;0.021667;4.012500;65535;

662220;-18.666626;22.062500;0.021667;4.012500;65535;

662443;-21.333374;22.125000;4.012500;4.012500;65535;

662681;-18.666626;22.062500;0.021667;4.012500;65535;

662903;-25.333374;22.062500;0.021667;4.012084;65535;

663126;-22.666626;22.062500;0.021667;4.012084;65535;

663330;-21.333374;22.062500;0.021667;4.012500;65535;

663567;-17.333374;22.062500;0.021667;4.012500;65535;

663769;-22.666626;22.062500;0.021667;4.011667;65535;

663982;-18.666626;22.062500;0.021667;4.010000;65535;

664200;-22.666626;22.062500;0.021667;4.009167;65535;

664423;-17.333374;22.062500;0.021250;4.007500;65535;

664630;-32.000000;22.062500;0.021667;4.007500;65535;

664853;-18.666626;22.062500;0.021667;4.009583;65535;

665073;-20.000000;22.062500;0.021250;4.012084;65535;

665280;-21.333374;22.062500;0.021250;4.007083;65535;

665506;-20.000000;22.062500;0.021667;4.007083;65535;

665719;-22.666626;22.062500;0.021667;4.007083;65535;

665933;-18.666626;22.062500;0.021667;4.007083;65535;

666161;-21.333374;22.062500;0.021667;4.007083;65535;

666403;-25.333374;22.062500;0.021667;4.007083;65535;

666628;-20.000000;22.062500;0.021667;4.007083;65535;

666845;-20.000000;22.062500;0.021667;4.007500;65535;

667052;-21.333374;22.062500;0.021667;4.007083;65535;

667259;-22.666626;22.000000;0.021667;4.007083;65535;

667481;-18.666626;22.062500;0.021667;4.007083;65535;

667695;-21.333374;22.062500;0.021667;4.007083;65535;

667910;-18.666626;22.062500;0.021667;4.007083;65535;

668133;-20.000000;22.000000;0.021667;4.007083;65535;

668339;-18.666626;22.062500;0.021667;4.007083;65535;

668550;-17.333374;22.000000;0.021667;4.007083;65535;

668773;-20.000000;22.000000;0.021667;4.007083;65535;

668980;-20.000000;22.000000;0.021250;4.007083;65535;

669193;-18.666626;22.000000;0.021667;0.021667;65535;

669407;-21.333374;22.000000;0.021667;4.007083;65535;

669609;-22.666626;22.000000;0.021667;4.007083;65535;

669850;-22.666626;22.000000;0.021667;4.005833;65535;

670086;-18.666626;22.000000;0.021667;4.007083;65535;

670309;-18.666626;22.000000;0.021250;4.007083;65535;

670529;-20.000000;22.000000;0.021667;4.006667;65535;

670743;-22.666626;22.000000;0.021667;4.007083;65535;

670962;-22.666626;22.000000;0.021250;4.007083;65535;

671172;-18.666626;22.000000;0.021667;4.007083;65535;

671382;-18.666626;22.000000;0.021667;4.007083;65535;

671612;-22.666626;22.000000;0.021667;4.007083;65535;

671826;-18.666626;22.000000;0.021667;4.004583;65535;

672039;-20.000000;22.000000;0.021667;4.002083;65535;

672263;-17.333374;22.000000;0.021667;4.002083;65535;

672473;-17.333374;22.000000;0.021667;4.001667;65535;

672695;-25.333374;22.000000;0.021667;4.001667;65535;

672910;-18.666626;22.000000;0.021667;4.001667;65535;

673120;-21.333374;22.000000;0.021667;4.001667;65535;

673362;-17.333374;22.000000;0.021667;4.001667;65535;

673596;-18.666626;22.000000;0.021667;4.001667;65535;

673815;-17.333374;22.000000;0.021667;4.002083;65535;

674030;-18.666626;22.000000;0.021667;4.001667;65535;

674242;-17.333374;22.000000;0.021667;4.001667;65535;

674450;-22.666626;22.000000;0.021667;4.001667;65535;

674670;-17.333374;22.000000;0.021667;4.001667;65535;

674885;-21.333374;22.000000;0.021667;4.001667;65535;

675114;-17.333374;22.000000;4.001667;4.001667;65535;

675332;-17.333374;22.000000;0.021667;4.001667;65535;

675542;-16.000000;22.000000;0.021667;4.001667;65535;

675781;-22.666626;22.000000;0.021667;4.001667;65535;

676003;-22.666626;22.000000;0.021667;4.001667;65535;

676210;-20.000000;22.000000;0.021667;4.000417;65535;

676430;-18.666626;22.000000;0.021250;3.998750;65535;

676642;-18.666626;21.937500;0.021667;3.996250;65535;

676872;-21.333374;22.000000;0.021667;3.996667;65535;

677108;-21.333374;22.000000;0.021667;3.996250;65535;

677336;-17.333374;22.000000;3.996667;3.996250;65535;

677543;-21.333374;22.000000;0.021667;3.996667;65535;

677749;-17.333374;21.937500;0.021250;3.996250;65535;

677970;-20.000000;21.937500;0.021667;3.996667;65535;

678193;-22.666626;22.000000;0.021667;3.996250;65535;

678400;-16.000000;22.000000;0.021667;3.996250;65535;

678620;-21.333374;21.937500;0.021667;3.996250;65535;

678843;-21.333374;21.937500;0.021250;3.996667;65535;

679052;-22.666626;21.937500;0.021667;3.996667;65535;

679285;-25.333374;21.937500;0.021667;3.996667;65535;

679506;-22.666626;21.937500;0.021667;3.996250;65535;

679719;-32.000000;21.937500;0.021667;3.996667;65535;

679947;-25.333374;21.937500;0.021667;3.996667;65535;

680193;-22.666626;21.937500;0.021667;3.996250;65535;

680429;-25.333374;21.937500;0.021667;3.996250;65535;

680666;-30.666626;21.937500;0.021667;3.996667;65535;

680896;-30.666626;21.937500;0.021667;3.996667;65535;

681102;-25.333374;21.937500;0.021667;3.993750;65535;

681309;-22.666626;21.937500;0.021667;3.992500;65535;

681526;-34.666626;21.937500;0.021667;3.991250;65535;

681739;-26.666626;21.937500;0.021250;3.991250;65535;

681952;-30.666626;21.937500;0.021667;3.991250;65535;

682160;-29.333374;21.937500;0.021667;3.990833;65535;

682370;-22.666626;21.937500;0.021250;3.991250;65535;

682579;-30.666626;21.937500;0.021667;3.991250;65535;

682792;-34.666626;21.937500;0.021667;3.991250;65535;

683017;-25.333374;21.937500;0.021667;3.991250;65535;

683233;-32.000000;21.875000;0.021667;3.991250;65535;

683443;-34.666626;21.937500;0.021667;3.991250;65535;

683677;-25.333374;21.875000;0.021667;3.991250;65535;

683917;-30.666626;21.937500;0.021667;3.991250;65535;

684161;-30.666626;21.937500;0.021667;0.021667;65535;

684385;-30.666626;21.875000;0.021667;3.991250;65535;

684600;-34.666626;21.875000;0.021667;3.991250;65535;

684812;-32.000000;21.875000;0.021667;3.991250;65535;

685030;-32.000000;21.875000;0.021667;3.990833;65535;

685242;-30.666626;21.875000;0.021667;3.991250;65535;

685453;-26.666626;21.937500;0.021667;3.991250;65535;

685677;-29.333374;21.875000;0.021667;3.991250;65535;

685894;-22.666626;21.875000;0.021667;3.991250;65535;

686099;-22.666626;21.875000;0.021667;3.991250;65535;

686322;-29.333374;21.875000;0.021667;3.990417;65535;

686545;-21.333374;21.875000;0.021667;3.989167;65535;

686751;-29.333374;21.875000;0.021667;3.987083;65535;

686979;-25.333374;21.937500;0.021250;3.985833;65535;

687202;-22.666626;21.875000;0.021667;0.021667;65535;

687436;-25.333374;21.875000;3.985833;3.985417;65535;

687666;-18.666626;21.875000;0.021667;3.985833;65535;

687902;-25.333374;21.875000;0.021667;3.985833;65535;

688123;-22.666626;21.875000;0.021250;3.985833;65535;

688329;-25.333374;21.875000;0.021667;3.985833;65535;

688564;-20.000000;21.875000;0.021667;3.985833;65535;

688783;-20.000000;21.875000;0.021667;3.985833;65535;

688992;-17.333374;21.875000;0.021667;3.985833;65535;

689206;-17.333374;21.875000;0.021667;3.985833;65535;

689433;-8.000000;21.875000;0.021250;3.985417;65535;

689640;-10.666626;21.875000;0.021667;3.985833;65535;

689865;-13.333374;21.875000;0.021667;3.985833;65535;

690082;-5.333374;21.875000;0.021667;3.985833;65535;

690291;-4.000000;21.875000;0.021667;3.985833;65535;

690531;-5.333374;21.875000;0.021250;3.985833;65535;

690755;-16.000000;21.812500;0.021667;3.985833;65535;

690969;-16.000000;21.875000;0.021667;3.985833;65535;

691206;-16.000000;21.875000;0.021250;3.985833;65535;

691439;-17.333374;21.875000;0.021667;3.985833;65535;

691678;-16.000000;21.812500;0.021250;3.985833;65535;

691910;-22.666626;21.812500;0.021667;3.983334;65535;

692119;-17.333374;21.875000;0.021667;3.981250;65535;

692336;-21.333374;21.812500;0.021667;3.980417;65535;

692560;-16.000000;21.812500;0.021667;3.980417;65535;

692773;-18.666626;21.875000;0.021667;3.980417;65535;

692979;-17.333374;21.812500;0.021667;3.980417;65535;

693210;-21.333374;21.812500;0.021667;3.980417;65535;

693422;-18.666626;21.812500;0.021667;3.980417;65535;

693630;-17.333374;21.812500;0.021667;3.980417;65535;

693864;-17.333374;21.812500;0.021667;3.980417;65535;

694083;-17.333374;21.812500;0.021667;3.980834;65535;

694289;-16.000000;21.812500;0.021667;3.980834;65535;

694511;-16.000000;21.812500;0.021667;3.980834;65535;

694754;-16.000000;21.812500;0.021667;3.980834;65535;

694975;-21.333374;21.812500;0.021667;3.980417;65535;

695194;-22.666626;21.812500;0.021667;3.980417;65535;

695428;-16.000000;21.812500;0.021667;3.980417;65535;

695655;-18.666626;21.812500;0.021250;3.980417;65535;

695873;-21.333374;21.812500;0.021667;3.980417;65535;

696087;-17.333374;21.812500;0.021667;3.980417;65535;

696306;-17.333374;21.812500;0.021667;3.980417;65535;

696510;-21.333374;21.812500;0.021667;3.980417;65535;

696720;-25.333374;21.812500;0.021667;3.980417;65535;

696943;-22.666626;21.812500;0.021250;3.980417;65535;

697150;-22.666626;21.812500;0.021667;3.980417;65535;

697367;-21.333374;21.812500;0.021250;3.980417;65535;

697583;-21.333374;21.812500;0.021667;3.980417;65535;

697789;-21.333374;21.812500;0.021250;3.980417;65535;

698000;-22.666626;21.812500;0.021667;3.980417;65535;

698222;-17.333374;21.812500;0.021667;3.980417;65535;

698430;-20.000000;21.812500;0.021667;3.980417;65535;

698656;-21.333374;21.750000;0.021250;3.979167;65535;

698892;-20.000000;21.812500;0.021667;3.977917;65535;

699114;-21.333374;21.750000;3.975000;3.977083;65535;

699332;-21.333374;21.750000;0.021667;3.975000;65535;

699552;-22.666626;21.750000;0.021250;3.975000;65535;

699772;-22.666626;21.750000;0.021667;3.975417;65535;

699980;-20.000000;21.750000;0.021667;3.975000;65535;

700202;-21.333374;21.750000;0.021667;0.021667;65535;

700425;-21.333374;21.750000;0.021667;3.975000;65535;

700630;-22.666626;21.750000;0.021250;3.975000;65535;

700845;-25.333374;21.750000;0.021667;3.975417;65535;

701062;-25.333374;21.750000;0.021667;3.975417;65535;

701272;-22.666626;21.750000;0.021667;3.975417;65535;

701480;-22.666626;21.750000;0.021250;3.975417;65535;

701690;-21.333374;21.750000;0.021667;3.975000;65535;

701915;-25.333374;21.750000;0.021667;3.975417;65535;

702126;-25.333374;21.750000;0.021250;3.975417;65535;

702341;-25.333374;21.750000;0.021667;3.975000;65535;

702574;-22.666626;21.750000;0.021667;3.975000;65535;

702803;-21.333374;21.750000;0.021667;3.975000;65535;

703020;-20.000000;21.750000;0.021667;3.975000;65535;

703243;-29.333374;21.750000;0.021667;3.975000;65535;

703481;-25.333374;21.750000;0.021667;3.975000;65535;

703703;-40.000000;21.750000;0.021667;3.975417;65535;

703909;-34.666626;21.750000;0.021667;3.975417;65535;

704135;-37.333374;21.750000;0.021667;3.975000;65535;

704352;-36.000000;21.750000;0.021667;3.972917;65535;

704563;-36.000000;21.750000;0.021667;3.970417;65535;

704789;-34.666626;21.750000;0.021250;3.970000;65535;

705012;-36.000000;21.687500;0.021667;3.969584;65535;

705223;-32.000000;21.750000;0.021667;3.970000;65535;

705453;-36.000000;21.750000;3.969584;3.970000;65535;

705672;-34.666626;21.750000;0.021667;3.970000;65535;

705886;-36.000000;21.687500;0.021667;3.969584;65535;

706099;-37.333374;21.750000;0.021667;3.970000;65535;

706339;-36.000000;21.687500;0.021667;3.970000;65535;

706578;-34.666626;21.687500;0.021667;3.970000;65535;

706823;-36.000000;21.687500;0.021667;3.970000;65535;

707058;-30.666626;21.750000;0.021667;3.970000;65535;

707283;-32.000000;21.687500;0.021667;3.969584;65535;

707489;-32.000000;21.687500;0.021667;3.969584;65535;

707723;-29.333374;21.687500;0.021667;3.970000;65535;

707940;-34.666626;21.687500;0.021250;3.970000;65535;

708169;-32.000000;21.687500;0.021250;3.970000;65535;

708393;-22.666626;21.687500;0.021667;3.969584;65535;

708599;-34.666626;21.687500;0.021667;3.969584;65535;

708825;-25.333374;21.687500;0.021667;3.970000;65535;

709044;-21.333374;21.687500;0.021667;3.970000;65535;

709249;-21.333374;21.687500;0.021667;3.969584;65535;

709487;-18.666626;21.687500;0.021667;3.970000;65535;

709705;-17.333374;21.687500;0.021667;3.970000;65535;

709919;-17.333374;21.687500;0.021667;3.970000;65535;

710133;-16.000000;21.687500;0.021250;3.970000;65535;

710368;-17.333374;21.687500;0.021667;3.970000;65535;

710612;-17.333374;21.687500;0.021667;3.969584;65535;

710850;-13.333374;21.687500;0.021667;3.970000;65535;

711076;-17.333374;21.687500;0.021250;3.969584;65535;

711280;-20.000000;21.687500;0.021667;3.969584;65535;

711492;-17.333374;21.687500;0.021250;3.968333;65535;

711702;-18.666626;21.687500;0.021667;3.969167;65535;

711910;-18.666626;21.687500;0.021667;3.966250;65535;

712125;-18.666626;21.687500;0.021667;3.966250;65535;

712330;-22.666626;21.687500;0.021667;3.966667;65535;

712539;-29.333374;21.625000;0.021667;3.964583;65535;

712770;-22.666626;21.687500;0.021667;3.964583;65535;

712989;-32.000000;21.625000;0.021667;3.964583;65535;

713202;-22.666626;21.625000;0.021667;3.964583;65535;

713410;-21.333374;21.687500;0.021667;0.021667;65535;

713632;-25.333374;21.625000;0.021667;3.964583;65535;

713855;-30.666626;21.625000;0.021667;3.964583;65535;

714078;-36.000000;21.625000;0.021667;3.964583;65535;

714317;-41.333374;21.625000;0.021667;3.964583;65535;

714545;-38.666626;21.625000;0.021667;3.964583;65535;

714763;-38.666626;21.625000;0.021667;3.964583;65535;

714989;-48.000000;21.625000;0.021667;3.964167;65535;

715202;-48.000000;21.625000;0.021667;3.964583;65535;

715410;-50.666626;21.625000;0.021667;3.964583;65535;

715647;-53.333374;21.625000;0.021667;3.964583;65535;

715862;-50.666626;21.625000;0.021667;3.964583;65535;

716083;-53.333374;21.625000;0.021667;3.964583;65535;

716319;-49.333374;21.625000;0.021667;3.964583;65535;

716542;-50.666626;21.625000;0.021667;3.964583;65535;

716749;-38.666626;21.625000;0.021667;3.964583;65535;

716976;-36.000000;21.625000;0.021250;3.964583;65535;

717183;-32.000000;21.625000;0.021667;3.963750;65535;

717389;-32.000000;21.625000;0.021667;3.962917;65535;

717630;-25.333374;21.625000;0.021667;3.960000;65535;

717871;-21.333374;21.625000;0.021667;3.960000;65535;

718111;-20.000000;21.625000;0.021667;3.959167;65535;

718341;-13.333374;21.625000;0.021667;3.959167;65535;

718565;-4.000000;21.625000;0.021667;3.959167;65535;

718780;-1.333374;21.625000;0.021667;3.959167;65535;

719006;0.000000;21.625000;0.021667;3.959167;65535;

719216;-1.333374;21.625000;0.021667;3.959167;65535;

719419;-1.333374;21.625000;0.021667;3.959583;65535;

719636;-8.000000;21.625000;3.959167;3.959167;65535;

719842;-2.666626;21.625000;0.021250;3.959167;65535;

720060;-8.000000;21.625000;0.021667;3.959167;65535;

720274;-13.333374;21.625000;0.021667;3.959583;65535;

720490;-16.000000;21.625000;0.021667;3.959167;65535;

720699;-18.666626;21.625000;0.021667;3.959167;65535;

720931;-20.000000;21.625000;0.021667;3.959167;65535;

721153;-18.666626;21.625000;0.021667;3.958333;65535;

721373;-21.333374;21.625000;0.021667;3.957084;65535;

721605;-30.666626;21.625000;0.021250;3.954583;65535;

721845;-20.000000;21.625000;0.021667;3.953750;65535;

722065;-29.333374;21.625000;0.021667;3.953750;65535;

722279;-25.333374;21.562500;0.021667;3.953750;65535;

722500;-25.333374;21.562500;0.021667;3.954167;65535;

722722;-25.333374;21.562500;0.021667;3.954167;65535;

722930;-25.333374;21.562500;0.021667;3.953750;65535;

723142;-30.666626;21.562500;0.021667;3.953750;65535;

723359;-25.333374;21.562500;0.021667;3.954167;65535;

723573;-21.333374;21.562500;0.021667;3.954167;65535;

723790;-22.666626;21.562500;0.021667;3.954167;65535;

724012;-29.333374;21.562500;0.021667;3.954167;65535;

724222;-22.666626;21.562500;0.021667;3.954167;65535;

724432;-21.333374;21.562500;0.021667;3.953750;65535;

724656;-25.333374;21.562500;0.021667;3.953750;65535;

724885;-22.666626;21.562500;0.021667;3.954167;65535;

725117;-30.666626;21.562500;0.021667;3.954167;65535;

725358;-32.000000;21.562500;0.021667;3.954167;65535;

725581;-34.666626;21.562500;0.021667;3.954167;65535;

725789;-38.666626;21.562500;0.021667;3.954167;65535;

726002;-38.666626;21.562500;0.021667;3.953750;65535;

726220;-48.000000;21.562500;0.021250;3.953750;65535;

726432;-50.666626;21.562500;0.021667;3.954167;65535;

726640;-53.333374;21.562500;0.021667;3.952500;65535;

726860;-53.333374;21.562500;0.021667;3.950417;65535;

727073;-50.666626;21.562500;0.021667;3.948750;65535;

727290;-49.333374;21.562500;0.021667;3.948750;65535;

727512;-38.666626;21.500000;0.021250;3.948750;65535;

727719;-32.000000;21.500000;0.021667;3.948750;65535;

727932;-29.333374;21.500000;0.021667;3.948750;65535;

728154;-22.666626;21.562500;0.021667;3.948750;65535;

728370;-18.666626;21.500000;0.021667;3.948750;65535;

728585;-18.666626;21.500000;0.021667;3.948750;65535;

728813;-18.666626;21.500000;0.021667;3.948750;65535;

729035;-22.666626;21.500000;0.021667;3.948334;65535;

729250;-22.666626;21.500000;0.021667;3.948750;65535;

729465;-29.333374;21.500000;0.021667;3.948334;65535;

729694;-30.666626;21.500000;0.021667;3.948750;65535;

729912;-34.666626;21.500000;0.021250;3.948750;65535;

730120;-34.666626;21.500000;0.021667;3.948750;65535;

730343;-34.666626;21.500000;0.021667;3.948334;65535;

730554;-34.666626;21.500000;0.021667;3.948750;65535;

730772;-38.666626;21.500000;0.021667;3.948750;65535;

731003;-34.666626;21.500000;0.021667;3.948750;65535;

731213;-32.000000;21.500000;0.021667;3.948750;65535;

731419;-48.000000;21.500000;0.021667;3.948750;65535;

731641;-48.000000;21.500000;0.021667;3.948750;65535;

731863;-36.000000;21.500000;0.021667;3.948750;65535;

732070;-36.000000;21.500000;0.021250;3.948750;65535;

732303;-41.333374;21.500000;0.021667;3.947500;65535;

732537;-38.666626;21.500000;0.021667;3.943334;65535;

732771;-34.666626;21.500000;0.021667;3.945417;65535;

733005;-34.666626;21.437500;0.021667;3.944167;65535;

733225;-34.666626;21.500000;0.021250;3.943334;65535;

733432;-36.000000;21.437500;0.021667;3.943334;65535;

733640;-37.333374;21.500000;0.021250;3.943334;65535;

733861;-36.000000;21.500000;0.021667;3.948750;65535;

734072;-30.666626;21.437500;0.021667;3.948750;65535;

734288;-37.333374;21.500000;0.021667;3.948750;65535;

734516;-36.000000;21.437500;0.021667;3.943334;65535;

734719;-34.666626;21.437500;0.021667;3.943334;65535;

734939;-32.000000;21.437500;0.021667;3.943750;65535;

735153;-34.666626;21.437500;0.021667;3.943334;65535;

735359;-37.333374;21.437500;0.021667;3.943334;65535;

735570;-34.666626;21.500000;0.021667;3.943334;65535;

735796;-22.666626;21.437500;0.021250;3.943334;65535;

736009;-16.000000;21.437500;0.021667;3.943334;65535;

736242;-4.000000;21.437500;0.021667;3.943334;65535;

736480;0.000000;21.437500;0.021667;3.943334;65535;

736713;-4.000000;21.437500;0.021667;3.943334;65535;

736936;0.000000;21.437500;0.021667;3.943334;65535;

737140;1.333374;21.437500;0.021667;3.943334;65535;

737353;-5.333374;21.437500;0.021667;3.943334;65535;

737573;-4.000000;21.437500;0.021250;3.943334;65535;

737790;-8.000000;21.437500;0.021667;3.943334;65535;

738006;-17.333374;21.437500;0.021667;3.943334;65535;

738220;-21.333374;21.437500;0.021667;3.943334;65535;

738442;-26.666626;21.437500;0.021667;3.943334;65535;

738652;-25.333374;21.437500;0.021667;3.943334;65535;

738860;-32.000000;21.437500;0.021667;3.943334;65535;

739082;-30.666626;21.437500;0.021667;3.943334;65535;

739290;-30.666626;21.437500;0.021667;3.943334;65535;

739500;-22.666626;21.437500;0.021667;3.943334;65535;

739722;-22.666626;21.437500;0.021667;3.943334;65535;

739953;-22.666626;21.437500;0.021667;3.943334;65535;

740187;-25.333374;21.437500;0.021667;3.943334;65535;

740421;-30.666626;21.437500;0.021667;3.943334;65535;

740643;-29.333374;21.437500;0.021667;3.943334;65535;

740850;-25.333374;21.375000;0.021667;3.943334;65535;

741075;-22.666626;21.375000;0.021250;3.943334;65535;

741290;-20.000000;21.375000;0.021667;3.943334;65535;

741502;-21.333374;21.375000;0.021667;3.943334;65535;

741739;-22.666626;21.375000;0.021667;3.943334;65535;

741962;-25.333374;21.437500;0.021667;3.943334;65535;

742186;-22.666626;21.375000;0.021667;3.940000;65535;

742405;-22.666626;21.375000;0.021667;3.938334;65535;

742623;-34.666626;21.375000;0.021667;3.937917;65535;

742840;-26.666626;21.375000;0.021667;3.938750;65535;

743060;-30.666626;21.375000;0.021667;3.938334;65535;

743301;-25.333374;21.375000;0.021250;3.937917;65535;

743538;-22.666626;21.375000;0.021667;3.937917;65535;

743774;-22.666626;21.375000;0.021667;3.937917;65535;

743996;-20.000000;21.375000;0.021667;3.937917;65535;

744202;-22.666626;21.375000;0.021667;3.937917;65535;

744410;-13.333374;21.375000;0.021667;3.937917;65535;

744629;-13.333374;21.375000;0.021667;3.937917;65535;

744842;-13.333374;21.375000;0.021250;3.937917;65535;

745050;-17.333374;21.375000;0.021667;3.937917;65535;

745260;-13.333374;21.375000;0.021667;3.937917;65535;

745473;-16.000000;21.375000;0.021667;3.937917;65535;

745693;-25.333374;21.375000;0.021667;3.937917;65535;

745900;-25.333374;21.375000;0.021667;3.938334;65535;

746132;-29.333374;21.375000;0.021667;3.937917;65535;

746340;-34.666626;21.375000;0.021250;3.937917;65535;

746553;-34.666626;21.375000;0.021667;3.937917;65535;

746777;-38.666626;21.375000;3.937917;3.937917;65535;

747011;-36.000000;21.375000;0.021667;3.937917;65535;

747259;-30.666626;21.312500;0.021667;3.937917;65535;

747496;-34.666626;21.312500;0.021667;3.937917;65535;

747703;-25.333374;21.375000;0.021667;3.937083;65535;

747910;-22.666626;21.375000;0.021667;3.933750;65535;

748130;-16.000000;21.312500;0.021667;3.932917;65535;

748346;-16.000000;21.312500;0.021667;3.932500;65535;

748550;-16.000000;21.312500;0.021667;0.021250;65535;

748770;-8.000000;21.375000;0.021667;3.932917;65535;

748986;-4.000000;21.312500;0.021250;3.932917;65535;

749215;-4.000000;21.312500;3.932917;3.932917;65535;

749432;-13.333374;21.312500;0.021667;3.932500;65535;

749640;-8.000000;21.312500;0.021667;3.932500;65535;

749857;-13.333374;21.312500;0.021667;3.932917;65535;

750060;-16.000000;21.312500;0.021667;3.932917;65535;

750283;-17.333374;21.312500;0.021667;3.932500;65535;

750523;-18.666626;21.312500;0.021667;3.932917;65535;

750761;-16.000000;21.312500;0.021667;3.932500;65535;

751002;-16.000000;21.312500;0.021667;3.932917;65535;

751226;-18.666626;21.312500;0.021667;3.932500;65535;

751443;-16.000000;21.312500;0.021667;3.932500;65535;

751650;-17.333374;21.312500;0.021667;3.932500;65535;

751870;-17.333374;21.312500;0.021667;3.932500;65535;

752093;-22.666626;21.312500;0.021667;3.932917;65535;

752300;-25.333374;21.312500;0.021667;3.932500;65535;

752523;-29.333374;21.250000;0.021667;3.932500;65535;

752743;-30.666626;21.312500;0.021667;3.932500;65535;

752963;-36.000000;21.312500;0.021667;3.932083;65535;

753179;-38.666626;21.312500;0.021667;3.929167;65535;

753396;-34.666626;21.312500;0.021667;3.928750;65535;

753620;-36.000000;21.312500;0.021667;3.928750;65535;

753843;-40.000000;21.250000;0.021667;3.927500;65535;

754061;-36.000000;21.312500;0.021667;3.927917;65535;

754297;-40.000000;21.312500;0.021667;3.927500;65535;

754538;-38.666626;21.312500;0.021667;3.927500;65535;

754762;-30.666626;21.250000;0.021667;3.927500;65535;

754982;-30.666626;21.312500;0.021250;3.927500;65535;

755192;-34.666626;21.250000;0.021667;3.927500;65535;

755412;-30.666626;21.250000;0.021667;3.927083;65535;

755622;-34.666626;21.250000;0.021667;3.927500;65535;

755843;-37.333374;21.250000;0.021250;3.927500;65535;

756067;-34.666626;21.250000;0.021667;3.927500;65535;

756269;-36.000000;21.250000;0.021667;3.927500;65535;

756480;-34.666626;21.250000;0.021667;3.927500;65535;

756716;-38.666626;21.250000;0.021667;3.927500;65535;

756923;-38.666626;21.250000;0.021667;3.927500;65535;

757140;-36.000000;21.250000;0.021667;3.927500;65535;

757365;-32.000000;21.250000;0.021667;3.927500;65535;

757592;-32.000000;21.250000;0.021667;3.927500;65535;

757827;-49.333374;21.250000;0.021667;3.927500;65535;

758064;-38.666626;21.250000;0.021667;3.927500;65535;

758286;-34.666626;21.250000;0.021667;3.927500;65535;

758489;-29.333374;21.250000;0.021667;3.927500;65535;

758703;-25.333374;21.250000;0.021667;3.927500;65535;

758923;-18.666626;21.250000;0.021667;3.927083;65535;

759140;-16.000000;21.250000;0.021667;3.927500;65535;

759355;-16.000000;21.250000;0.021667;3.927500;65535;

759570;-13.333374;21.250000;0.021667;3.927500;65535;

759792;-13.333374;21.250000;0.021667;3.927500;65535;

760001;-13.333374;21.250000;0.021667;3.927500;65535;

760210;-18.666626;21.250000;0.021667;0.021667;65535;

760432;-18.666626;21.250000;0.021667;3.927500;65535;

760643;-22.666626;21.250000;0.021667;3.927500;65535;

760881;-22.666626;21.250000;0.021667;3.927500;65535;

761107;-34.666626;21.250000;0.021667;3.925417;65535;

761342;-36.000000;21.187500;0.021667;3.927500;65535;

761581;-34.666626;21.187500;0.021667;3.922500;65535;

761804;-41.333374;21.250000;0.021667;3.922084;65535;

762012;-38.666626;21.187500;0.021667;3.922084;65535;

762219;-41.333374;21.187500;0.021667;3.922084;65535;

762441;-38.666626;21.187500;0.021667;3.922084;65535;

762662;-32.000000;21.250000;0.021250;3.922084;65535;

762870;-29.333374;21.187500;0.021667;3.922084;65535;

763106;-30.666626;21.187500;0.021667;3.922084;65535;

763323;-22.666626;21.187500;0.021250;3.922084;65535;

763533;-16.000000;21.187500;0.021667;3.922084;65535;

763740;-21.333374;21.187500;0.021667;3.922084;65535;

763950;-20.000000;21.187500;0.021667;3.922084;65535;

764165;-17.333374;21.187500;0.021667;3.922084;65535;

764379;-20.000000;21.187500;0.021667;3.922084;65535;

764590;-18.666626;21.187500;0.021667;3.922084;65535;

764829;-17.333374;21.187500;0.021667;3.922084;65535;

765067;-16.000000;21.187500;0.021667;3.922084;65535;

765295;-13.333374;21.187500;3.922084;3.922084;65535;

765499;-17.333374;21.187500;0.021667;3.922084;65535;

765726;-21.333374;21.187500;3.922084;3.922084;65535;

765930;-16.000000;21.187500;0.021667;3.922084;65535;

766156;-13.333374;21.187500;0.021250;3.922084;65535;

766370;-16.000000;21.187500;0.021667;3.922084;65535;

766592;-16.000000;21.187500;0.021667;3.922084;65535;

766800;-17.333374;21.187500;0.021667;3.922084;65535;

767026;-17.333374;21.187500;0.021667;3.922084;65535;

767230;-22.666626;21.187500;0.021667;3.920834;65535;

767444;-26.666626;21.187500;3.917917;3.917500;65535;

767665;-25.333374;21.187500;0.021667;3.919167;65535;

767879;-38.666626;21.187500;0.021667;3.918333;65535;

768115;-37.333374;21.187500;0.021667;3.917084;65535;

768335;-36.000000;21.125000;0.021667;3.916667;65535;

768567;-41.333374;21.125000;0.021667;3.916667;65535;

768792;-50.666626;21.187500;0.021667;3.916667;65535;

769026;-49.333374;21.125000;0.021667;3.916667;65535;

769249;-48.000000;21.125000;0.021667;3.916667;65535;

769462;-49.333374;21.125000;0.021667;3.916667;65535;

769680;-38.666626;21.125000;0.021667;3.916667;65535;

769921;-48.000000;21.125000;0.021667;3.917084;65535;

770136;-38.666626;21.125000;0.021667;3.916667;65535;

770339;-38.666626;21.125000;0.021667;3.916667;65535;

770558;-38.666626;21.125000;0.021667;3.916667;65535;

770775;-36.000000;21.125000;3.916667;3.916667;65535;

770980;-37.333374;21.125000;0.021667;3.916667;65535;

771192;-34.666626;21.125000;0.021667;3.916667;65535;

771416;-38.666626;21.125000;3.916667;3.916667;65535;

771623;-32.000000;21.125000;0.021667;3.916667;65535;

771832;-36.000000;21.125000;0.021250;3.916667;65535;

772061;-34.666626;21.125000;0.021667;3.916667;65535;

772285;-30.666626;21.125000;0.021667;3.916667;65535;

772514;-22.666626;21.125000;0.021667;3.916667;65535;

772747;-16.000000;21.125000;0.021250;3.916667;65535;

772989;-16.000000;21.125000;0.021667;3.914583;65535;

773213;-13.333374;21.125000;0.021667;3.912500;65535;

773422;-4.000000;21.125000;0.021667;3.913750;65535;

773640;-4.000000;21.125000;0.021667;3.911250;65535;

773850;-13.333374;21.125000;0.021667;3.911250;65535;

774064;-5.333374;21.125000;0.021667;3.911667;65535;

774280;-17.333374;21.125000;0.021667;3.911250;65535;

774502;-18.666626;21.125000;0.021667;3.911250;65535;

774725;-16.000000;21.125000;0.021667;3.911250;65535;

774942;-18.666626;21.062500;0.021667;3.911250;65535;

775153;-20.000000;21.125000;0.021250;3.911250;65535;

775374;-18.666626;21.125000;0.021250;3.911250;65535;

775580;-21.333374;21.125000;0.021250;3.911250;65535;

775790;-25.333374;21.062500;0.021667;3.911667;65535;

776011;-32.000000;21.062500;0.021250;3.911250;65535;

776249;-34.666626;21.062500;0.021667;3.911667;65535;

776487;-34.666626;21.062500;0.021667;3.911250;65535;

776710;-38.666626;21.062500;0.021250;3.911250;65535;

776926;-38.666626;21.062500;0.021667;3.911250;65535;

777150;-38.666626;21.062500;0.021667;3.911250;65535;

777362;-32.000000;21.062500;0.021667;3.911250;65535;

777585;-36.000000;21.062500;0.021667;3.911250;65535;

777802;-34.666626;21.062500;0.021667;3.911667;65535;

778010;-34.666626;21.062500;0.021667;3.911250;65535;

778245;-34.666626;21.062500;0.021667;3.911250;65535;

778452;-38.666626;21.062500;0.021667;3.911250;65535;

778659;-32.000000;21.062500;0.021667;3.911250;65535;

778883;-32.000000;21.062500;0.021250;3.911250;65535;

779092;-22.666626;21.062500;0.021250;3.911250;65535;

779300;-34.666626;21.062500;0.021667;3.911250;65535;

779515;-34.666626;21.062500;0.021667;3.911250;65535;

779741;-34.666626;21.062500;0.021667;3.911250;65535;

779977;-34.666626;21.062500;0.021250;3.911667;65535;

780220;-30.666626;21.062500;0.021667;3.911667;65535;

780455;-34.666626;21.062500;0.021667;3.911250;65535;

780673;-26.666626;21.062500;0.021667;3.911667;65535;

780880;-29.333374;21.062500;0.021667;3.910834;65535;

781105;-18.666626;21.062500;0.021667;3.910417;65535;

781320;-21.333374;21.062500;0.021667;3.910417;65535;

781532;-18.666626;21.062500;0.021667;3.906250;65535;

781740;-20.000000;21.062500;0.021250;3.905833;65535;

781950;-20.000000;21.062500;0.021667;3.906250;65535;

782169;-17.333374;21.000000;0.021667;3.906250;65535;

782385;-17.333374;21.000000;0.021667;3.906250;65535;

782590;-18.666626;21.000000;0.021250;3.906250;65535;

782814;-18.666626;21.062500;0.021667;3.906250;65535;

783023;-21.333374;21.000000;0.021667;3.906250;65535;

783242;-18.666626;21.000000;0.021667;3.906250;65535;

783464;-20.000000;21.062500;0.021667;3.906250;65535;

783699;-20.000000;21.000000;0.021667;3.905833;65535;

783940;-17.333374;21.000000;0.021667;3.906250;65535;

784166;-21.333374;21.000000;0.021667;3.906250;65535;

784380;-22.666626;21.000000;0.021667;3.906250;65535;

784592;-17.333374;21.000000;0.021667;3.905833;65535;

784810;-16.000000;21.000000;0.021667;3.906250;65535;

785020;-17.333374;21.000000;0.021667;3.906250;65535;

785234;-16.000000;21.000000;0.021667;3.906250;65535;

785450;-16.000000;21.000000;0.021667;3.901667;65535;

785660;-13.333374;21.000000;0.021250;3.906250;65535;

785875;-13.333374;21.000000;0.021667;3.905833;65535;

786080;-16.000000;21.000000;0.021250;3.906250;65535;

786293;-17.333374;21.000000;0.021667;3.906250;65535;

786515;-21.333374;21.000000;0.021667;3.906250;65535;

786720;-22.666626;21.000000;0.021250;3.906250;65535;

786932;-18.666626;21.000000;0.021667;3.902084;65535;

787167;-22.666626;21.000000;0.021667;3.900833;65535;

787411;-21.333374;21.000000;0.021667;3.900833;65535;

787631;-25.333374;20.937500;0.021667;3.900833;65535;

787852;-22.666626;21.000000;3.900833;3.900833;65535;

788062;-21.333374;21.000000;0.021667;3.900833;65535;

788270;-21.333374;21.000000;0.021667;3.900833;65535;

788488;-21.333374;21.000000;0.021667;3.900833;65535;

788712;-21.333374;21.000000;0.021667;3.900833;65535;

788920;-18.666626;20.937500;0.021667;3.900833;65535;

789147;-18.666626;21.000000;0.021667;3.900833;65535;

789363;-16.000000;21.000000;0.021667;3.900833;65535;

789573;-17.333374;20.937500;0.021667;3.900833;65535;

789790;-18.666626;20.937500;0.021667;3.900833;65535;

790003;-17.333374;20.937500;0.021667;3.900833;65535;

790213;-18.666626;21.000000;0.021667;3.900833;65535;

790431;-22.666626;20.937500;0.021667;3.900833;65535;

790652;-25.333374;20.937500;0.021667;3.900833;65535;

790867;-22.666626;20.937500;0.021250;3.900833;65535;

791105;-32.000000;20.937500;0.021667;3.900833;65535;

791345;-22.666626;20.937500;0.021250;3.900833;65535;

791575;-21.333374;20.937500;0.021667;3.897917;65535;

791792;-20.000000;20.937500;0.021667;3.895416;65535;

792000;-22.666626;20.937500;0.021250;3.897500;65535;

792227;-21.333374;20.937500;0.021667;3.895833;65535;

792434;-21.333374;20.937500;0.021667;3.895416;65535;

792640;-16.000000;20.937500;0.021667;3.895416;65535;

792850;-8.000000;20.937500;0.021667;3.895416;65535;

793075;-5.333374;20.937500;0.021667;3.895416;65535;

793301;-16.000000;20.937500;3.895416;3.895416;65535;

793523;-22.666626;20.937500;0.021667;3.895416;65535;

793729;-48.000000;20.937500;0.021667;3.895416;65535;

793947;-50.666626;20.937500;3.895416;3.895416;65535;

794150;-56.000000;20.937500;0.021667;3.895416;65535;

794360;-58.666626;20.937500;0.021667;3.895416;65535;

794596;-50.666626;20.937500;3.895833;3.895416;65535;

794826;-38.666626;20.937500;3.895416;3.895416;65535;

795051;-30.666626;20.937500;0.021667;3.895416;65535;

795273;-17.333374;20.937500;0.021667;3.895416;65535;

795480;-5.333374;20.937500;0.021667;3.895833;65535;

795699;0.000000;20.937500;0.021667;3.895416;65535;

795910;-5.333374;20.875000;0.021667;3.895833;65535;

796122;-17.333374;20.937500;0.021667;3.895833;65535;

796338;-17.333374;20.875000;0.021667;3.895416;65535;

796540;-34.666626;20.937500;0.021667;3.895416;65535;

796750;-25.333374;20.937500;0.021667;3.895416;65535;

796962;-32.000000;20.875000;0.021667;3.895416;65535;

797170;-30.666626;20.875000;0.021667;3.892500;65535;

797396;-30.666626;20.875000;0.021667;3.893750;65535;

797601;-25.333374;20.937500;0.021667;3.892083;65535;

797820;-21.333374;20.937500;0.021667;3.890417;65535;

798049;-22.666626;20.875000;0.021667;3.890417;65535;

798288;-22.666626;20.875000;0.021667;3.890000;65535;

798526;-34.666626;20.875000;3.890417;3.890417;65535;

798746;-41.333374;20.875000;0.021250;3.890417;65535;

798949;-49.333374;20.875000;0.021667;3.890000;65535;

799173;-53.333374;20.875000;0.021667;3.890417;65535;

799392;-56.000000;20.875000;0.021667;3.890000;65535;

799600;-57.333374;20.875000;0.021667;3.890417;65535;

799820;-57.333374;20.875000;0.021667;3.890000;65535;

800042;-50.666626;20.875000;0.021667;3.890000;65535;

800265;-45.333374;20.875000;0.021667;3.890417;65535;

800497;-34.666626;20.875000;3.890417;3.890000;65535;

800702;-22.666626;20.875000;0.021250;3.890000;65535;

800912;-18.666626;20.875000;0.021250;3.890417;65535;

801122;-17.333374;20.875000;0.021667;3.890417;65535;

801336;-16.000000;20.875000;0.021667;3.890417;65535;

801539;-17.333374;20.875000;0.021667;3.890000;65535;

801772;-13.333374;20.875000;0.021667;3.890417;65535;

802010;-13.333374;20.875000;0.021667;3.890000;65535;

802237;-17.333374;20.812500;0.021667;3.890417;65535;

802454;-22.666626;20.875000;0.021667;3.890000;65535;

802660;-29.333374;20.875000;0.021667;3.890000;65535;

802871;-32.000000;20.875000;0.021667;3.890417;65535;

803082;-48.000000;20.875000;0.021250;3.890417;65535;

803296;-50.666626;20.875000;0.021667;3.888750;65535;

803510;-49.333374;20.875000;0.021667;3.887084;65535;

803723;-48.000000;20.875000;0.021667;3.888750;65535;

803933;-53.333374;20.875000;0.021667;3.885417;65535;

804153;-36.000000;20.875000;0.021667;3.885000;65535;

804370;-41.333374;20.875000;0.021667;3.885000;65535;

804592;-38.666626;20.875000;0.021667;3.885000;65535;

804800;-50.666626;20.812500;0.021667;3.885000;65535;

805019;-50.666626;20.875000;0.021667;3.885000;65535;

805261;-38.666626;20.812500;0.021250;3.885000;65535;

805497;-53.333374;20.875000;0.021667;3.885000;65535;

805734;-48.000000;20.812500;0.021667;3.885000;65535;

805952;-53.333374;20.875000;0.021667;3.885000;65535;

806159;-50.666626;20.812500;0.021667;3.885000;65535;

806369;-56.000000;20.812500;0.021667;3.885000;65535;

806596;-50.666626;20.875000;0.021250;3.885000;65535;

806813;-50.666626;20.812500;0.021667;3.885000;65535;

807020;-49.333374;20.812500;0.021667;0.021667;65535;

807247;-42.666626;20.812500;0.021667;3.885000;65535;

807462;-41.333374;20.812500;0.021667;3.885000;65535;

807670;-36.000000;20.812500;0.021667;3.885000;65535;

807893;-26.666626;20.812500;0.021667;3.885000;65535;

808102;-22.666626;20.812500;0.021667;3.885000;65535;

808310;-21.333374;20.812500;0.021667;3.885000;65535;

808532;-10.666626;20.812500;0.021667;3.885000;65535;

808756;-13.333374;20.875000;0.021667;3.885000;65535;

808996;-1.333374;20.812500;0.021250;3.885000;65535;

809235;-1.333374;20.812500;3.885000;3.885000;65535;

809452;-4.000000;20.812500;0.021667;3.885000;65535;

809660;-4.000000;20.812500;0.021667;3.885000;65535;

809882;-10.666626;20.812500;0.021250;3.885000;65535;

810100;-16.000000;20.812500;0.021250;3.885000;65535;

810312;-22.666626;20.812500;0.021667;3.885000;65535;

810522;-26.666626;20.812500;0.021667;3.885000;65535;

810730;-30.666626;20.812500;0.021667;3.885000;65535;

810940;-41.333374;20.812500;0.021667;3.885000;65535;

811152;-34.666626;20.812500;0.021667;3.882917;65535;

811362;-30.666626;20.812500;0.021667;3.880833;65535;

811582;-22.666626;20.812500;0.021667;3.880000;65535;

811792;-22.666626;20.812500;0.021667;3.879584;65535;

812000;-21.333374;20.812500;0.021667;3.879584;65535;

812224;-22.666626;20.812500;0.021667;3.879584;65535;

812451;-30.666626;20.812500;0.021667;3.879584;65535;

812688;-34.666626;20.812500;0.021667;3.879584;65535;

812902;-34.666626;20.812500;0.021667;3.879584;65535;

813110;-36.000000;20.812500;0.021667;3.879584;65535;

813332;-40.000000;20.812500;0.021667;3.879584;65535;

813540;-50.666626;20.812500;0.021667;3.879584;65535;

813750;-48.000000;20.812500;0.021667;3.879584;65535;

813960;-50.666626;20.812500;0.021667;3.879584;65535;

814172;-36.000000;20.812500;0.021667;3.879584;65535;

814380;-36.000000;20.812500;0.021667;3.880000;65535;

814593;-34.666626;20.812500;0.021667;3.879584;65535;

814799;-25.333374;20.812500;0.021667;3.879584;65535;

815012;-25.333374;20.812500;0.021667;3.879584;65535;

815220;-21.333374;20.812500;0.021250;3.879584;65535;

815430;-18.666626;20.812500;0.021667;3.879584;65535;

815654;-22.666626;20.812500;0.021667;3.879584;65535;

815881;-22.666626;20.812500;0.021667;3.879584;65535;

816120;-22.666626;20.812500;0.021667;3.879584;65535;

816342;-25.333374;20.812500;0.021250;3.879584;65535;

816554;-25.333374;20.812500;0.021667;3.879584;65535;

816760;-22.666626;20.812500;0.021667;3.879584;65535;

816970;-21.333374;20.750000;0.021667;3.879167;65535;

817179;-25.333374;20.812500;0.021667;3.875000;65535;

817393;-22.666626;20.812500;0.021667;3.876250;65535;

817601;-22.666626;20.812500;0.021667;3.874583;65535;

817810;-22.666626;20.812500;0.021667;3.874583;65535;

818020;-22.666626;20.812500;0.021667;3.874583;65535;

818243;-25.333374;20.812500;0.021667;3.874167;65535;

818450;-20.000000;20.812500;0.021667;3.874583;65535;

818672;-22.666626;20.812500;0.021667;3.874167;65535;

818880;-17.333374;20.812500;0.021667;3.874167;65535;

819090;-21.333374;20.812500;0.021667;3.874583;65535;

819329;-22.666626;20.750000;0.021667;3.874583;65535;

819561;-21.333374;20.812500;0.021667;3.874167;65535;

819781;-22.666626;20.812500;0.021667;3.874583;65535;

820002;-25.333374;20.812500;0.021667;3.874167;65535;

820212;-25.333374;20.750000;0.021667;3.874583;65535;

820431;-32.000000;20.750000;0.021667;3.874583;65535;

820652;-30.666626;20.812500;0.021667;3.874583;65535;

820860;-34.666626;20.750000;0.021667;3.874583;65535;

821080;-34.666626;20.750000;0.021250;3.874167;65535;

821292;-37.333374;20.812500;0.021667;3.874583;65535;

821501;-36.000000;20.812500;0.021667;3.874583;65535;

821722;-34.666626;20.750000;0.021667;3.874167;65535;

821930;-32.000000;20.750000;0.021667;3.874583;65535;

822150;-30.666626;20.750000;0.021250;3.874583;65535;

822362;-34.666626;20.812500;0.021667;3.874583;65535;

822571;-30.666626;20.812500;0.021667;3.874583;65535;

822780;-30.666626;20.812500;0.021667;3.874583;65535;

823017;-29.333374;20.750000;0.021250;3.874167;65535;

823256;-22.666626;20.750000;0.021667;3.873750;65535;

823482;-30.666626;20.750000;0.021667;3.874583;65535;

823690;-22.666626;20.750000;0.021667;3.874167;65535;

823901;-34.666626;20.812500;0.021667;3.874167;65535;

824113;-30.666626;20.750000;0.021250;3.874167;65535;

824320;-20.000000;20.750000;0.021667;3.874167;65535;

824530;-18.666626;20.750000;0.021667;3.874167;65535;

824744;-18.666626;20.750000;0.021667;3.874583;65535;

824962;-22.666626;20.750000;0.021667;3.874167;65535;

825170;-16.000000;20.750000;0.021667;3.874167;65535;

825382;-10.666626;20.750000;0.021667;3.872500;65535;

825590;-16.000000;20.750000;0.021667;3.870417;65535;

825810;-21.333374;20.750000;0.021667;3.870000;65535;

826023;-20.000000;20.750000;0.021250;3.869167;65535;

826230;-20.000000;20.750000;0.021250;3.868750;65535;

826460;-21.333374;20.750000;0.021667;3.869167;65535;

826690;-25.333374;20.750000;0.021667;3.868750;65535;

826912;-21.333374;20.750000;0.021667;3.869167;65535;

827132;-22.666626;20.750000;0.021667;3.868750;65535;

827339;-25.333374;20.750000;0.021667;3.868750;65535;

827550;-21.333374;20.750000;0.021667;3.868750;65535;

827760;-22.666626;20.750000;0.021667;3.869167;65535;

827972;-25.333374;20.750000;0.021667;3.869167;65535;

828180;-29.333374;20.750000;0.021667;3.868750;65535;

828390;-32.000000;20.750000;0.021667;3.868750;65535;

828602;-32.000000;20.750000;0.021667;3.869167;65535;

828812;-36.000000;20.750000;0.021667;3.869167;65535;

829030;-40.000000;20.750000;0.021667;3.869167;65535;

829242;-48.000000;20.750000;0.021667;3.869167;65535;

829460;-41.333374;20.750000;0.021667;3.869167;65535;

829685;-38.666626;20.750000;0.021667;3.869167;65535;

829915;-36.000000;20.750000;0.021667;3.868750;65535;

830139;-36.000000;20.750000;0.021667;3.868750;65535;

830352;-37.333374;20.750000;0.021667;3.869167;65535;

830570;-34.666626;20.750000;0.021667;3.869167;65535;

830780;-38.666626;20.750000;0.021667;3.867500;65535;

830995;-34.666626;20.750000;0.021667;3.865417;65535;

831200;-34.666626;20.750000;0.021667;3.863750;65535;

831409;-48.000000;20.750000;0.021667;3.867083;65535;

831622;-32.000000;20.750000;0.021667;3.864167;65535;

831840;-38.666626;20.750000;0.021667;3.863750;65535;

832050;-38.666626;20.750000;0.021667;3.863750;65535;

832263;-37.333374;20.750000;0.021667;3.863750;65535;

832470;-30.666626;20.750000;0.021250;3.863750;65535;

832680;-36.000000;20.750000;0.021667;3.863750;65535;

832894;-22.666626;20.750000;0.021667;3.863750;65535;

833099;-21.333374;20.750000;0.021667;3.863750;65535;

833333;-25.333374;20.750000;3.863750;3.863750;65535;

833567;-22.666626;20.750000;0.021667;3.863750;65535;

833794;-8.000000;20.750000;0.021667;3.863750;65535;

834015;-10.666626;20.750000;0.021667;3.863750;65535;

834230;-22.666626;20.750000;0.021667;3.863750;65535;

834442;-18.666626;20.750000;0.021250;3.863750;65535;

834650;-30.666626;20.750000;0.021667;3.863750;65535;

834859;-22.666626;20.750000;0.021667;3.863750;65535;

835072;-32.000000;20.750000;0.021667;3.863750;65535;

835282;-38.666626;20.750000;0.021667;3.863750;65535;

835490;-45.333374;20.750000;0.021667;3.863750;65535;

835702;-21.333374;20.750000;0.021667;3.863750;65535;

835924;-29.333374;20.750000;0.021250;3.863750;65535;

836129;-36.000000;20.750000;0.021667;3.863750;65535;

836340;-21.333374;20.750000;0.021667;3.863750;65535;

836562;-18.666626;20.750000;0.021667;3.862917;65535;

836783;-21.333374;20.750000;0.021250;3.862083;65535;

837008;-1.333374;20.750000;0.021250;3.862917;65535;

837246;-25.333374;20.750000;0.021667;3.861667;65535;

837452;-1.333374;20.750000;0.021667;3.862083;65535;

837662;-18.666626;20.750000;0.021667;3.858750;65535;

837870;-13.333374;20.750000;0.021667;3.858334;65535;

838080;-1.333374;20.750000;0.021667;3.858750;65535;

838290;-18.666626;20.750000;0.021667;3.858750;65535;

838503;-4.000000;20.750000;0.021667;3.858334;65535;

838712;-25.333374;20.750000;0.021667;3.858334;65535;

838920;-8.000000;20.750000;0.021667;3.858334;65535;

839132;-17.333374;20.750000;0.021667;3.858334;65535;

839340;-21.333374;20.750000;0.021667;3.858750;65535;

839551;-10.666626;20.750000;0.021667;3.858334;65535;

839760;-32.000000;20.750000;0.021667;3.858334;65535;

839972;-13.333374;20.750000;0.021667;3.858334;65535;

840180;-34.666626;20.750000;0.021667;3.858750;65535;

840400;-22.666626;20.750000;0.021667;3.858750;65535;

840638;-29.333374;20.750000;0.021667;3.858334;65535;

840862;-38.666626;20.750000;0.021667;3.858334;65535;

841072;-30.666626;20.750000;0.021667;3.858334;65535;

841284;-56.000000;20.750000;0.021667;3.858334;65535;

841500;-21.333374;20.750000;0.021667;3.858750;65535;

841709;-48.000000;20.750000;0.021667;3.858334;65535;

841932;-34.666626;20.750000;0.021667;3.858334;65535;

842141;-36.000000;20.750000;0.021667;3.858334;65535;

842354;-48.000000;20.750000;0.021667;3.858750;65535;

842560;-22.666626;20.750000;0.021667;3.858334;65535;

842770;-41.333374;20.750000;0.021667;3.858334;65535;

842982;-32.000000;20.750000;0.021667;3.858334;65535;

843192;-21.333374;20.750000;0.021667;3.858750;65535;

843400;-34.666626;20.750000;0.021667;3.855417;65535;

843611;-8.000000;20.750000;0.021250;3.855000;65535;

843845;-38.666626;20.750000;0.021667;3.853333;65535;

844073;-16.000000;20.750000;0.021250;3.853333;65535;

844302;-36.000000;20.750000;0.021667;3.853333;65535;

844524;-17.333374;20.750000;0.021667;3.853333;65535;

844730;-37.333374;20.750000;0.021667;3.852917;65535;

844943;-17.333374;20.750000;0.021667;3.853333;65535;

845160;-30.666626;20.750000;0.021667;3.853333;65535;

845370;-32.000000;20.750000;0.021667;3.853333;65535;

845583;-22.666626;20.750000;0.021667;3.853333;65535;

845789;-38.666626;20.750000;0.021667;3.853333;65535;

846000;-34.666626;20.750000;0.021250;3.853333;65535;

846213;-53.333374;20.750000;0.021667;3.852917;65535;

846423;-30.666626;20.750000;0.021667;3.853333;65535;

846629;-40.000000;20.750000;0.021667;3.853333;65535;

846840;-36.000000;20.750000;0.021667;3.853333;65535;

847052;-13.333374;20.750000;0.021667;3.853333;65535;

847260;-34.666626;20.750000;0.021667;3.853333;65535;

847491;-18.666626;20.750000;0.021250;3.853333;65535;

847705;-2.666626;20.750000;0.021667;3.853333;65535;

847910;-17.333374;20.750000;0.021667;3.853333;65535;

848122;-20.000000;20.750000;0.021667;3.853333;65535;

848330;2.666626;20.750000;0.021667;3.853333;65535;

848550;-18.666626;20.750000;0.021667;3.853333;65535;

848764;-18.666626;20.750000;0.021667;3.853333;65535;

848980;-8.000000;20.750000;0.021667;3.853333;65535;

849192;-21.333374;20.750000;0.021667;3.851667;65535;

849400;-13.333374;20.750000;0.021667;3.849167;65535;

849610;-22.666626;20.750000;0.021667;3.848750;65535;

849823;-30.666626;20.750000;0.021667;3.847917;65535;

850033;-17.333374;20.750000;0.021667;3.847917;65535;

850250;-30.666626;20.750000;0.021667;3.847917;65535;

850462;-29.333374;20.750000;0.021667;3.847917;65535;

850671;-17.333374;20.750000;0.021667;3.847917;65535;

850905;-29.333374;20.750000;0.021250;3.852500;65535;

851131;-32.000000;20.750000;0.021250;3.847917;65535;

851350;-21.333374;20.750000;0.021250;3.847917;65535;

851583;-22.666626;20.750000;0.021667;3.847917;65535;

851805;-37.333374;20.750000;0.021667;3.847917;65535;

852012;-16.000000;20.750000;0.021667;3.847917;65535;

852221;-25.333374;20.750000;0.021250;3.847917;65535;

852441;-29.333374;20.750000;0.021667;3.847917;65535;

852653;-22.666626;20.750000;0.021667;3.847917;65535;

852860;-22.666626;20.750000;0.021667;3.847917;65535;

853070;-16.000000;20.750000;0.021250;3.847917;65535;

853281;-25.333374;20.750000;0.021667;3.847917;65535;

853493;-20.000000;20.750000;0.021667;3.847917;65535;

853700;-22.666626;20.750000;0.021250;3.847500;65535;

853922;-22.666626;20.750000;0.021667;3.847917;65535;

854130;-22.666626;20.750000;0.021250;3.847917;65535;

854340;-32.000000;20.750000;0.021667;3.847917;65535;

854552;-30.666626;20.812500;0.021667;3.847917;65535;

854793;-40.000000;20.750000;0.021667;3.847917;65535;

855017;-30.666626;20.750000;0.021667;3.847917;65535;

855244;-41.333374;20.750000;0.021250;3.847917;65535;

855462;-22.666626;20.750000;0.021667;3.847917;65535;

855672;-41.333374;20.750000;0.021667;3.847917;65535;

855880;-32.000000;20.750000;0.021250;3.847917;65535;

856090;-49.333374;20.750000;0.021667;3.847917;65535;

856312;-18.666626;20.812500;0.021667;3.847917;65535;

856520;-38.666626;20.812500;0.021667;3.847917;65535;

856730;-29.333374;20.750000;0.021667;3.847917;65535;

856942;-30.666626;20.750000;0.021667;3.847917;65535;

857150;-38.666626;20.750000;0.021667;3.847917;65535;

857370;-34.666626;20.750000;0.021667;3.847917;65535;

857584;-32.000000;20.750000;0.021667;3.842500;65535;

857803;-29.333374;20.750000;0.021667;3.847917;65535;

858010;-26.666626;20.750000;0.021667;3.847917;65535;

858241;-29.333374;20.750000;0.021667;3.847917;65535;

858449;-22.666626;20.750000;0.021667;3.847917;65535;

858676;-18.666626;20.812500;0.021250;3.847917;65535;

858892;-17.333374;20.750000;0.021667;3.847500;65535;

859100;-22.666626;20.750000;0.021667;3.847917;65535;

859312;-21.333374;20.750000;0.021667;3.847084;65535;

859520;-22.666626;20.812500;0.021250;3.847084;65535;

859733;-16.000000;20.812500;0.021250;3.845000;65535;

859950;-20.000000;20.812500;0.021250;3.842917;65535;

860164;-16.000000;20.812500;0.021667;3.842500;65535;

860380;-21.333374;20.812500;0.021667;3.842500;65535;

860590;-22.666626;20.750000;0.021667;3.842500;65535;

860802;-25.333374;20.812500;0.021667;3.842500;65535;

861010;-18.666626;20.812500;0.021667;3.842500;65535;

861220;-17.333374;20.812500;0.021667;3.842500;65535;

861430;-18.666626;20.812500;0.021667;3.842500;65535;

861642;-25.333374;20.812500;0.021667;3.842500;65535;

861873;-32.000000;20.750000;0.021667;3.842500;65535;

862095;-25.333374;20.812500;0.021667;3.842500;65535;

862319;-22.666626;20.750000;0.021667;3.842500;65535;

862542;-25.333374;20.812500;0.021667;3.842500;65535;

862752;-26.666626;20.812500;0.021250;3.842500;65535;

862962;-34.666626;20.812500;0.021667;3.842500;65535;

863170;-25.333374;20.812500;0.021667;3.841250;65535;

863392;-21.333374;20.812500;0.021667;3.837500;65535;

863600;-25.333374;20.812500;0.021667;3.837084;65535;

863810;-34.666626;20.750000;0.021667;3.837084;65535;

864022;-30.666626;20.812500;0.021667;3.837500;65535;

864229;-20.000000;20.812500;0.021667;3.837084;65535;

864440;-30.666626;20.812500;0.021667;3.837084;65535;

864650;-36.000000;20.812500;0.021667;3.837084;65535;

864862;-25.333374;20.812500;0.021667;3.837500;65535;

865073;-22.666626;20.812500;0.021667;3.837084;65535;

865280;-22.666626;20.812500;0.021667;3.837500;65535;

865515;-30.666626;20.812500;0.021667;3.837084;65535;

865746;-34.666626;20.812500;3.837084;3.837084;65535;

865961;-25.333374;20.812500;0.021667;3.837084;65535;

866173;-20.000000;20.812500;0.021667;3.837084;65535;

866381;-22.666626;20.812500;0.021667;3.837084;65535;

866605;-30.666626;20.812500;0.021667;3.837084;65535;

866810;-32.000000;20.812500;0.021667;3.837084;65535;

867030;-25.333374;20.812500;0.021667;3.837084;65535;

867242;-20.000000;20.812500;0.021667;3.837084;65535;

867452;-21.333374;20.812500;0.021250;3.837084;65535;

867670;-29.333374;20.812500;0.021667;3.837084;65535;

867882;-30.666626;20.812500;0.021667;3.837084;65535;

868090;-21.333374;20.812500;0.021667;3.837500;65535;

868301;-18.666626;20.812500;0.021667;3.837084;65535;

868525;-25.333374;20.812500;0.021667;3.837084;65535;

868730;-29.333374;20.812500;0.021667;3.837084;65535;

868940;-25.333374;20.812500;0.021667;3.837084;65535;

869181;-18.666626;20.812500;0.021667;3.835834;65535;

869395;-18.666626;20.812500;3.835000;3.834583;65535;

869608;-18.666626;20.812500;0.021667;3.835417;65535;

869847;-22.666626;20.812500;0.021667;3.832500;65535;

870049;-21.333374;20.812500;0.021667;3.832083;65535;

870262;-21.333374;20.812500;0.021667;3.831667;65535;

870470;-18.666626;20.812500;0.021667;3.832083;65535;

870683;-25.333374;20.812500;0.021667;3.832083;65535;

870890;-30.666626;20.812500;0.021667;3.831667;65535;

871102;-22.666626;20.812500;0.021667;3.832083;65535;

871311;-22.666626;20.812500;0.021667;3.831667;65535;

871533;-30.666626;20.812500;0.021667;3.832083;65535;

871740;-21.333374;20.812500;0.021667;3.832083;65535;

871950;-21.333374;20.812500;0.021667;3.832083;65535;

872160;-18.666626;20.812500;0.021667;3.832083;65535;

872374;-36.000000;20.812500;0.021667;3.831667;65535;

872593;-17.333374;20.812500;0.021667;3.832083;65535;

872800;-21.333374;20.812500;0.021667;3.832083;65535;

873014;-25.333374;20.812500;0.021250;3.832083;65535;

873234;-22.666626;20.812500;0.021667;3.832083;65535;

873465;-30.666626;20.812500;0.021667;3.832083;65535;

873682;-21.333374;20.812500;0.021667;3.832083;65535;

873891;-22.666626;20.812500;0.021667;3.831667;65535;

874111;-38.666626;20.812500;0.021667;3.832083;65535;

874324;-18.666626;20.812500;0.021667;3.832083;65535;

874530;-38.666626;20.812500;0.021667;3.832083;65535;

874739;-25.333374;20.812500;0.021667;3.832083;65535;

874952;-30.666626;20.812500;0.021667;3.832083;65535;

875161;-34.666626;20.812500;0.021667;3.832083;65535;

875370;-18.666626;20.812500;0.021667;3.832083;65535;

875592;-21.333374;20.812500;0.021250;3.832083;65535;

875800;-13.333374;20.812500;0.021667;3.831667;65535;

876010;-30.666626;20.875000;0.021667;3.832083;65535;

876224;-5.333374;20.812500;0.021667;3.832083;65535;

876452;-32.000000;20.812500;0.021667;3.832083;65535;

876685;-13.333374;20.812500;0.021667;3.832083;65535;

876903;-29.333374;20.812500;0.021250;3.831667;65535;

877111;-26.666626;20.812500;0.021667;3.831250;65535;

877330;-8.000000;20.812500;0.021667;3.830417;65535;

877542;-37.333374;20.812500;0.021250;3.828750;65535;

877749;-25.333374;20.812500;0.021667;3.826667;65535;

877960;-13.333374;20.812500;0.021667;3.826667;65535;

878176;-36.000000;20.812500;0.021667;3.826667;65535;

878390;-25.333374;20.812500;0.021667;3.826667;65535;

878600;-17.333374;20.875000;0.021667;3.826667;65535;

878812;-38.666626;20.875000;0.021667;3.826667;65535;

879020;-22.666626;20.812500;0.021667;3.826667;65535;

879230;-17.333374;20.875000;0.021667;3.826667;65535;

879443;-36.000000;20.812500;0.021667;3.826667;65535;

879650;-21.333374;20.812500;0.021667;3.826667;65535;

879860;-8.000000;20.812500;0.021667;3.826667;65535;

880083;-34.666626;20.812500;0.021667;3.826667;65535;

880317;-34.666626;20.812500;0.021667;3.826667;65535;

880540;-18.666626;20.812500;0.021667;3.826667;65535;

880762;-17.333374;20.812500;0.021667;3.826667;65535;

880972;-32.000000;20.812500;0.021250;3.826667;65535;

881180;-34.666626;20.875000;0.021250;3.826667;65535;

881392;-22.666626;20.812500;0.021667;3.826667;65535;

881600;-5.333374;20.875000;0.021667;3.826667;65535;

881813;-22.666626;20.812500;0.021667;3.826667;65535;

882020;-38.666626;20.812500;0.021667;3.826667;65535;

882232;-18.666626;20.875000;0.021667;3.826667;65535;

882443;-13.333374;20.812500;0.021667;3.826667;65535;

882650;-26.666626;20.875000;0.021667;3.826667;65535;

882863;-16.000000;20.812500;0.021667;3.826667;65535;

883070;-16.000000;20.812500;0.021667;3.826667;65535;

883283;-25.333374;20.875000;0.021667;3.826667;65535;

883490;-32.000000;20.875000;0.021667;3.826667;65535;

883727;-34.666626;20.812500;0.021667;3.826667;65535;

883969;-34.666626;20.875000;0.021667;3.823334;65535;

884194;-32.000000;20.875000;0.021667;3.822083;65535;

884414;-25.333374;20.812500;0.021250;3.821250;65535;

884620;-32.000000;20.875000;0.021667;3.821250;65535;

884830;-41.333374;20.875000;0.021667;3.821250;65535;

885041;-36.000000;20.875000;0.021667;3.821250;65535;

885262;-36.000000;20.875000;0.021667;3.821250;65535;

885470;-42.666626;20.875000;0.021667;3.821250;65535;

885682;-26.666626;20.875000;0.021667;3.821250;65535;

885890;-17.333374;20.875000;0.021250;3.821250;65535;

886101;-17.333374;20.875000;0.021667;3.821250;65535;

886323;-30.666626;20.875000;0.021250;3.821250;65535;

886531;-36.000000;20.875000;0.021667;3.821250;65535;

886750;-37.333374;20.875000;0.021667;3.821250;65535;

886962;-22.666626;20.875000;0.021667;3.821250;65535;

887170;-29.333374;20.875000;0.021667;3.821250;65535;

887394;-50.666626;20.875000;0.021250;3.821250;65535;

887626;-36.000000;20.875000;3.821250;3.821250;65535;

887857;-32.000000;20.875000;0.021250;3.821250;65535;

888060;-41.333374;20.875000;0.021667;3.821250;65535;

888273;-38.666626;20.875000;0.021667;3.821250;65535;

888479;-29.333374;20.875000;0.021667;3.821250;65535;

888690;-41.333374;20.875000;0.021667;3.821250;65535;

888905;-36.000000;20.875000;0.021667;3.821250;65535;

889110;-36.000000;20.875000;0.021667;3.821250;65535;

889320;-38.666626;20.875000;0.021667;3.821250;65535;

889531;-36.000000;20.875000;0.021667;3.821250;65535;

889755;-22.666626;20.875000;0.021667;3.817500;65535;

889960;-34.666626;20.875000;0.021667;3.816250;65535;

890170;-17.333374;20.875000;0.021667;3.816667;65535;

890392;-16.000000;20.875000;0.021667;3.815833;65535;

890601;-21.333374;20.875000;0.021667;3.815833;65535;

890822;-5.333374;20.875000;0.021667;3.815833;65535;

891053;-1.333374;20.875000;0.021667;3.815833;65535;

891274;-1.333374;20.875000;0.021667;3.816250;65535;

891479;-17.333374;20.875000;0.021667;3.815833;65535;

891703;-16.000000;20.875000;0.021250;3.815833;65535;

891909;-4.000000;20.875000;0.021250;3.815833;65535;

892122;-4.000000;20.875000;0.021667;3.815833;65535;

892331;-13.333374;20.875000;0.021667;3.816250;65535;

892551;-10.666626;20.875000;0.021667;3.815833;65535;

892762;-16.000000;20.875000;0.021250;3.816250;65535;

892970;-17.333374;20.875000;0.021667;3.816250;65535;

893180;-22.666626;20.875000;0.021667;3.815833;65535;

893390;-22.666626;20.875000;0.021667;3.816250;65535;

893612;-22.666626;20.875000;0.021667;3.816250;65535;

893820;-22.666626;20.875000;0.021250;3.815833;65535;

894034;-30.666626;20.875000;0.021667;3.816250;65535;

894250;-34.666626;20.875000;0.021667;3.816250;65535;

894472;-32.000000;20.875000;0.021250;3.816250;65535;

894691;-32.000000;20.875000;0.021667;3.816250;65535;

894925;-50.666626;20.875000;3.815833;3.815833;65535;

895140;-36.000000;20.875000;0.021667;3.815833;65535;

895352;-41.333374;20.875000;0.021667;3.816250;65535;

895560;-41.333374;20.875000;0.021667;3.816250;65535;

895772;-41.333374;20.875000;0.021667;3.816250;65535;

895982;-50.666626;20.875000;0.021667;3.816250;65535;

896190;-50.666626;20.875000;0.021250;3.816250;65535;

896410;-36.000000;20.875000;0.021667;3.816250;65535;

896623;-36.000000;20.875000;0.021667;3.815833;65535;

896830;-29.333374;20.875000;0.021667;3.815833;65535;

897042;-22.666626;20.875000;0.021667;3.816250;65535;

897252;-18.666626;20.875000;0.021667;3.815833;65535;

897461;-21.333374;20.937500;0.021667;3.815833;65535;

897680;-18.666626;20.875000;0.021667;3.814167;65535;

897893;-18.666626;20.937500;0.021667;3.812083;65535;

898100;-13.333374;20.937500;0.021667;3.810417;65535;

898331;-17.333374;20.875000;0.021667;3.810834;65535;

898567;-20.000000;20.875000;0.021667;3.810834;65535;

898782;-20.000000;20.875000;0.021667;3.810834;65535;

898990;-26.666626;20.937500;0.021250;3.810834;65535;

899202;-30.666626;20.875000;0.021667;3.810834;65535;

899413;-37.333374;20.937500;0.021667;3.810834;65535;

899620;-38.666626;20.937500;0.021250;3.810834;65535;

899830;-38.666626;20.937500;0.021250;3.810834;65535;

900053;-36.000000;20.937500;0.021667;3.810417;65535;

900262;-40.000000;20.875000;0.021667;3.810834;65535;

900485;-37.333374;20.937500;0.021667;3.810834;65535;

900690;-36.000000;20.937500;0.021667;3.810834;65535;

900900;-32.000000;20.937500;0.021667;3.810834;65535;

901112;-29.333374;20.937500;0.021667;3.810417;65535;

901323;-26.666626;20.937500;0.021667;3.810834;65535;

901530;-25.333374;20.937500;0.021667;3.810834;65535;

901767;-25.333374;20.937500;0.021667;3.810834;65535;

902011;-22.666626;20.937500;0.021250;3.810834;65535;

902233;-30.666626;20.937500;0.021667;3.810834;65535;

902440;-25.333374;20.937500;0.021250;3.810834;65535;

902650;-25.333374;20.937500;0.021667;3.810834;65535;

902862;-22.666626;20.937500;0.021667;3.810417;65535;

903070;-21.333374;20.937500;0.021667;3.810834;65535;

903283;-22.666626;20.937500;0.021667;3.810834;65535;

903493;-22.666626;20.937500;0.021667;3.810834;65535;

903710;-22.666626;20.937500;0.021667;3.810000;65535;

903920;-18.666626;20.937500;0.021667;3.807917;65535;

904132;-30.666626;20.937500;0.021667;3.807500;65535;

904342;-32.000000;20.937500;0.021667;3.805834;65535;

904560;-32.000000;20.937500;0.021667;3.805417;65535;

904773;-53.333374;20.937500;0.021667;3.805417;65535;

904980;-64.000000;20.937500;0.021667;3.805417;65535;

905200;-80.000000;20.937500;0.021667;3.805417;65535;

905436;-90.666626;20.937500;0.021667;3.805417;65535;

905658;-116.000000;20.937500;0.021667;3.805417;65535;

905883;-121.333374;20.937500;0.021667;3.805417;65535;

906100;-129.333374;20.937500;0.021667;3.805417;65535;

906310;-136.000000;20.937500;0.021250;3.805417;65535;

906523;-142.666626;20.937500;0.021667;3.805417;65535;

906732;-142.666626;20.937500;0.021667;3.805417;65535;

906940;-152.000000;20.937500;0.021667;3.805417;65535;

907152;-145.333374;20.937500;0.021667;3.805417;65535;

907360;-153.333374;20.937500;0.021667;3.805417;65535;

907570;-157.333374;20.937500;0.021250;3.805417;65535;

907780;-157.333374;20.937500;0.021250;3.805417;65535;

907992;-161.333374;20.937500;0.021667;3.805417;65535;

908203;-166.666626;20.937500;0.021250;3.805417;65535;

908410;-170.666626;20.937500;0.021667;3.805417;65535;

908622;-170.666626;20.937500;0.021667;3.805417;65535;

908850;-177.333374;20.937500;0.021667;3.805417;65535;

909086;-170.666626;20.937500;0.021667;3.805417;65535;

909314;-174.666626;20.937500;0.021667;3.804584;65535;

909520;-174.666626;20.937500;0.021667;3.803750;65535;

909732;-170.666626;20.937500;0.021667;3.800834;65535;

909941;-170.666626;20.937500;0.021667;3.800834;65535;

910160;-172.000000;20.937500;0.021667;3.800000;65535;

910373;-164.000000;20.937500;0.021667;3.800000;65535;

910590;-164.000000;20.937500;0.021667;3.800000;65535;

910800;-161.333374;20.937500;0.021667;3.800000;65535;

911012;-170.666626;20.937500;0.021667;3.800417;65535;

911221;-168.000000;20.937500;0.021667;3.800000;65535;

911430;-160.000000;20.937500;0.021667;3.800000;65535;

911644;-164.000000;20.937500;0.021667;3.800000;65535;

911850;-168.000000;20.937500;0.021667;3.800000;65535;

912060;-170.666626;21.000000;0.021667;3.800000;65535;

912295;-172.000000;20.937500;0.021667;3.800000;65535;

912538;-168.000000;20.937500;0.021667;3.800000;65535;

912765;-168.000000;21.000000;0.021667;3.800000;65535;

912980;-164.000000;21.000000;0.021667;3.800000;65535;

913192;-168.000000;20.937500;0.021667;3.800000;65535;

913400;-164.000000;21.000000;0.021667;3.800000;65535;

913610;-168.000000;20.937500;0.021667;3.800000;65535;

913821;-170.666626;21.000000;0.021667;3.800000;65535;

914032;-168.000000;20.937500;0.021667;3.800000;65535;

914250;-170.666626;21.000000;0.021667;3.800000;65535;

914462;-172.000000;21.000000;0.021667;3.800417;65535;

914673;-169.333374;20.937500;0.021667;3.800000;65535;

914880;-168.000000;20.937500;0.021667;3.800000;65535;

915090;-168.000000;21.000000;0.021667;3.800000;65535;

915302;-164.000000;20.937500;0.021667;3.800000;65535;

915519;-164.000000;21.000000;0.021667;3.800000;65535;

915761;-169.333374;21.000000;0.021667;3.800000;65535;

915996;-164.000000;21.000000;0.021667;3.800000;65535;

916201;-170.666626;21.000000;0.021667;3.798333;65535;

916424;-174.666626;20.937500;0.021667;3.799167;65535;

916630;-173.333374;21.000000;0.021250;3.796250;65535;

916842;-177.333374;21.000000;0.021667;3.795000;65535;

917053;-173.333374;21.000000;0.021667;3.794584;65535;

917260;-172.000000;20.937500;0.021667;3.795000;65535;

917470;-169.333374;21.000000;0.021667;3.795000;65535;

917684;-172.000000;21.000000;0.021667;3.795000;65535;

917903;-170.666626;21.000000;0.021667;3.794584;65535;

918110;-168.000000;21.000000;0.021667;3.794584;65535;

918322;-164.000000;21.000000;0.021667;3.794584;65535;

918532;-172.000000;21.000000;0.021667;3.795000;65535;

918753;-161.333374;21.000000;0.021667;3.795000;65535;

918962;-164.000000;21.000000;0.021667;3.795000;65535;

919181;-170.666626;21.000000;0.021667;3.795000;65535;

919400;-164.000000;21.000000;0.021667;3.795000;65535;

919622;-164.000000;21.000000;0.021667;3.795000;65535;

919832;-161.333374;21.000000;0.021667;3.794584;65535;

920040;-164.000000;21.000000;0.021250;3.795000;65535;

920251;-158.666626;21.000000;0.021667;3.794584;65535;

920460;-157.333374;21.000000;0.021667;3.794584;65535;

920672;-153.333374;21.000000;0.021667;3.794584;65535;

920879;-144.000000;21.000000;0.021250;3.795000;65535;

921091;-145.333374;21.000000;0.021667;3.794584;65535;

921312;-142.666626;21.000000;0.021667;3.794584;65535;

921520;-138.666626;21.000000;0.021667;3.794584;65535;

921743;-144.000000;21.000000;0.021667;3.794584;65535;

921949;-140.000000;21.000000;0.021667;3.794584;65535;

922160;-144.000000;21.000000;0.021667;3.794584;65535;

922372;-158.666626;21.000000;0.021667;3.795000;65535;

922582;-154.666626;21.000000;0.021667;3.794584;65535;

922800;-157.333374;21.000000;0.021667;3.794167;65535;

923018;-157.333374;21.000000;0.021667;3.793750;65535;

923236;-161.333374;21.000000;0.021667;3.794167;65535;

923470;-157.333374;21.000000;0.021667;3.789583;65535;

923692;-164.000000;21.000000;0.021250;3.789583;65535;

923902;-152.000000;21.000000;0.021667;3.789583;65535;

924124;-153.333374;21.000000;0.021250;3.789583;65535;

924330;-137.333374;21.000000;0.021667;3.794167;65535;

924550;-133.333374;21.000000;0.021667;3.789167;65535;

924762;-125.333374;21.000000;0.021667;3.789583;65535;

924972;-124.000000;21.000000;0.021667;3.789583;65535;

925180;-118.666626;21.000000;0.021667;3.789583;65535;

925390;-90.666626;21.000000;0.021667;3.789167;65535;

925605;-56.000000;21.000000;0.021667;3.789583;65535;

925810;-4.000000;21.000000;0.021667;3.789583;65535;

926020;14.666626;21.000000;0.021667;3.789167;65535;

926233;34.666626;21.000000;0.021667;3.789167;65535;

926442;60.000000;21.062500;0.021667;3.789583;65535;

926671;86.666748;21.000000;0.021667;3.789583;65535;

926897;104.000000;21.000000;0.021667;3.789583;65535;

927107;117.333252;21.000000;0.021667;3.789583;65535;

927322;124.000000;21.000000;0.021667;3.789583;65535;

927530;129.333252;21.062500;0.021667;3.789583;65535;

927742;132.000000;21.000000;0.021667;3.789583;65535;

927952;136.000000;21.062500;0.021250;3.789583;65535;

928173;142.666748;21.000000;0.021667;3.787084;65535;

928382;138.666748;21.062500;0.021667;3.784167;65535;

928590;137.333252;21.000000;0.021667;3.784167;65535;

928801;137.333252;21.000000;0.021667;3.784167;65535;

929013;132.000000;21.062500;0.021667;3.784167;65535;

929220;138.666748;21.000000;0.021250;3.784167;65535;

929440;132.000000;21.000000;0.021667;3.784167;65535;

929652;132.000000;21.062500;0.021667;3.784167;65535;

929863;132.000000;21.000000;0.021667;3.784167;65535;

930070;132.000000;21.000000;0.021667;3.784167;65535;

930306;132.000000;21.062500;0.021667;3.784167;65535;

930548;136.000000;21.062500;0.021667;3.784167;65535;

930771;136.000000;21.062500;0.021667;3.784167;65535;

930983;138.666748;21.000000;0.021667;3.784167;65535;

931189;138.666748;21.062500;0.021667;3.784167;65535;

931403;138.666748;21.062500;0.021667;3.784167;65535;

931610;140.000000;21.062500;0.021250;3.784167;65535;

931830;138.666748;21.062500;0.021667;3.784167;65535;

932042;146.666748;21.062500;0.021250;3.784167;65535;

932250;142.666748;21.062500;0.021667;3.784167;65535;

932474;142.666748;21.062500;0.021667;3.784167;65535;

932693;142.666748;21.000000;0.021667;3.784167;65535;

932900;142.666748;21.062500;0.021667;3.784167;65535;

933112;142.666748;21.062500;0.021667;3.784167;65535;

933320;138.666748;21.062500;0.021667;3.784167;65535;

933530;146.666748;21.062500;0.021667;3.784167;65535;

933740;142.666748;21.062500;0.021667;3.782917;65535;

933979;142.666748;21.062500;0.021667;3.784167;65535;

934206;148.000000;21.062500;3.780416;3.779583;65535;

934410;140.000000;21.062500;0.021667;3.778750;65535;

934623;142.666748;21.062500;0.021667;3.780833;65535;

934830;137.333252;21.062500;0.021667;3.778750;65535;

935040;140.000000;21.062500;0.021667;3.778750;65535;

935249;142.666748;21.062500;0.021667;3.778750;65535;

935472;146.666748;21.062500;0.021667;3.779167;65535;

935680;142.666748;21.062500;0.021667;3.778750;65535;

935895;142.666748;21.062500;0.021667;3.778750;65535;

936100;142.666748;21.062500;0.021250;3.779167;65535;

936310;148.000000;21.062500;0.021667;3.779167;65535;

936522;146.666748;21.062500;0.021667;3.778750;65535;

936744;142.666748;21.062500;0.021667;3.778750;65535;

936950;142.666748;21.062500;0.021667;3.778750;65535;

937171;142.666748;21.062500;0.021667;3.778750;65535;

937405;145.333252;21.062500;3.778750;3.778750;65535;

937622;142.666748;21.062500;0.021667;3.779167;65535;

937842;142.666748;21.062500;0.021250;3.778750;65535;

938050;142.666748;21.062500;0.021667;3.778750;65535;

938260;142.666748;21.062500;0.021667;3.778750;65535;

938470;142.666748;21.062500;0.021667;3.778750;65535;

938683;142.666748;21.062500;0.021667;3.778750;65535;

938903;146.666748;21.062500;0.021667;3.778750;65535;

939112;150.666748;21.062500;0.021667;3.778750;65535;

939321;148.000000;21.062500;0.021667;3.778750;65535;

939530;148.000000;21.062500;0.021667;3.778750;65535;

939739;148.000000;21.062500;0.021667;3.778750;65535;

939953;142.666748;21.062500;0.021250;3.778750;65535;

940170;148.000000;21.062500;0.021667;3.778750;65535;

940382;148.000000;21.062500;0.021667;3.778750;65535;

940592;150.666748;21.062500;0.021667;3.778750;65535;

