Time;Load cell reading [N];Temperature [C];Pressure sensor 1 [bar];Pressure sensor 2 [bar];Distance [mm];

515254;-18.666626;24.187500;0.021667;3.747500;192;

515398;-17.333374;24.187500;0.021667;3.739166;196;

515546;-17.333374;24.187500;0.021667;3.739166;196;

515683;-16.000000;24.187500;0.021667;3.747500;194;

515826;-16.000000;24.187500;0.021667;3.747917;192;

515966;-16.000000;24.187500;0.021667;3.739166;194;

516103;-16.000000;24.187500;0.021667;3.743334;190;

516246;-10.666626;24.187500;0.021667;3.741250;198;

516383;-10.666626;24.187500;0.021667;3.745417;197;

516526;-8.000000;24.187500;0.021667;3.747083;195;

516663;-5.333374;24.187500;0.021667;3.745417;194;

516806;-8.000000;24.187500;0.021667;3.739166;196;

516943;-8.000000;24.187500;0.021667;3.739166;196;

517086;-16.000000;24.187500;0.021667;3.739166;193;

517223;-5.333374;24.187500;0.021667;3.739166;195;

517366;-16.000000;24.187500;0.021667;3.739166;193;

517503;-16.000000;24.187500;0.021667;3.739166;197;

517646;-13.333374;24.187500;0.021667;3.739166;195;

517784;-16.000000;24.187500;3.739166;3.739166;196;

517929;-13.333374;24.187500;0.021667;3.739166;196;

518083;-10.666626;24.187500;0.021667;3.739166;196;

518223;-4.000000;24.187500;0.021667;3.739166;195;

518371;-5.333374;24.187500;0.021667;3.739166;194;

518516;-8.000000;24.187500;0.021667;3.739166;197;

518653;-5.333374;24.187500;0.021667;3.739166;195;

518797;-2.666626;24.187500;0.021667;3.739166;197;

518960;-4.000000;24.187500;0.021667;3.739166;193;

519109;0.000000;24.187500;0.021667;3.738750;195;

519254;-1.333374;24.187500;0.021667;3.739166;195;

519396;4.000000;24.187500;0.021667;3.739166;194;

519533;0.000000;24.187500;0.021667;3.739166;195;

519677;-4.000000;24.187500;0.021667;3.739166;193;

519826;-1.333374;24.187500;0.021667;3.739166;195;

519965;0.000000;24.187500;0.021667;3.739166;194;

520106;-8.000000;24.187500;0.021667;3.739166;199;

520243;-5.333374;24.187500;0.021667;3.739166;191;

520386;-4.000000;24.187500;0.021667;3.739166;193;

520522;-4.000000;24.187500;0.021667;3.739166;195;

520671;-8.000000;24.187500;0.021667;3.739166;194;

520805;-1.333374;24.187500;0.021667;3.739166;196;

520944;-4.000000;24.125000;3.739166;3.739166;194;

521084;-8.000000;24.187500;3.739166;3.739166;192;

521225;-1.333374;24.187500;0.021667;3.739166;193;

521366;-5.333374;24.125000;0.021667;3.739166;195;

521506;-4.000000;24.187500;0.021667;3.739166;197;

521643;-5.333374;24.187500;0.021667;3.739166;194;

521786;-1.333374;24.187500;0.021667;3.739166;195;

521936;-5.333374;24.187500;0.021667;3.739166;197;

522073;-5.333374;24.125000;0.021250;3.739166;193;

522218;-10.666626;24.187500;0.021667;3.739166;196;

522366;-13.333374;24.187500;0.021667;3.739166;194;

522503;-16.000000;24.125000;0.021667;3.739166;196;

522647;-20.000000;24.125000;0.021667;3.739166;193;

522783;-21.333374;24.125000;0.021667;3.739166;196;

522927;-13.333374;24.125000;0.021667;3.739166;193;

523063;-18.666626;24.125000;0.021667;3.739166;195;

523206;-18.666626;24.125000;0.021667;3.739166;194;

523345;-21.333374;24.125000;0.021667;3.739166;194;

523490;-17.333374;24.125000;0.021667;3.739166;197;

523636;-18.666626;24.187500;0.021667;3.739166;197;

523789;-18.666626;24.187500;0.021667;3.739166;195;

523940;-21.333374;24.125000;0.021667;3.739166;196;

524091;-17.333374;24.125000;0.021667;3.739166;198;

524236;-20.000000;24.125000;0.021667;3.739166;192;

524373;-22.666626;24.125000;0.021667;3.739166;195;

524517;-17.333374;24.125000;0.021667;3.739166;195;

524653;-21.333374;24.125000;0.021667;3.739166;195;

524798;-20.000000;24.125000;0.021667;3.738333;194;

524943;-22.666626;24.125000;0.021667;3.737917;195;

525086;-22.666626;24.125000;0.021667;3.734584;195;

525224;-20.000000;24.125000;0.021667;3.735000;197;

525366;-20.000000;24.125000;0.021667;3.734584;195;

525503;-18.666626;24.187500;0.021667;3.736250;194;

525647;-21.333374;24.125000;0.021667;3.733750;196;

525796;-21.333374;24.125000;0.021667;3.733750;198;

525933;-21.333374;24.125000;0.021667;3.733750;195;

526076;-18.666626;24.125000;0.021667;3.733750;196;

526214;-21.333374;24.125000;0.021667;3.733750;195;

526360;-20.000000;24.125000;0.021667;3.733750;194;

526504;-18.666626;24.125000;0.021667;3.734167;194;

526648;-16.000000;24.125000;0.021667;3.733750;195;

526799;-21.333374;24.125000;0.021667;3.733750;194;

526931;-17.333374;24.125000;0.021667;3.733750;196;

527075;-17.333374;24.125000;0.021667;3.733750;193;

527203;-13.333374;24.125000;0.021667;3.733750;193;

527346;-16.000000;24.125000;0.021667;3.733750;198;

527483;-16.000000;24.125000;0.021667;3.733750;196;

527626;-16.000000;24.125000;0.021667;3.733750;194;

527763;-13.333374;24.125000;0.021667;3.733750;197;

527908;-18.666626;24.125000;0.021667;3.733750;195;

528056;-16.000000;24.125000;0.021667;3.733750;195;

528193;-13.333374;24.125000;0.021667;3.733750;198;

528337;-13.333374;24.125000;0.021667;3.733750;195;

528483;-13.333374;24.125000;0.021667;3.733750;196;

528628;-17.333374;24.125000;0.021667;3.733750;195;

528776;-16.000000;24.125000;0.021667;3.733750;193;

528913;-16.000000;24.125000;0.021667;3.733750;190;

529056;-8.000000;24.125000;0.021667;3.733750;195;

529193;0.000000;24.125000;0.021667;3.733750;196;

529339;4.000000;24.125000;0.021667;3.733750;192;

529484;10.666626;24.125000;0.021667;3.733750;191;

529622;12.000000;24.125000;0.021667;0.021667;195;

529755;18.666626;24.125000;0.021667;3.733750;196;

529899;18.666626;24.125000;0.021667;3.733750;194;

530049;21.333374;24.125000;0.021667;3.733750;195;

530193;28.000000;24.125000;0.021667;3.733750;194;

530336;28.000000;24.125000;0.021667;3.733750;198;

530473;18.666626;24.125000;0.021667;3.733750;194;

530616;21.333374;24.125000;0.021667;3.733750;196;

530756;16.000000;24.125000;0.021667;3.733750;197;

530893;12.000000;24.125000;0.021667;3.733750;195;

531036;5.333374;24.125000;0.021667;3.733750;190;

531173;2.666626;24.125000;0.021667;3.733750;196;

531316;1.333374;24.125000;0.021667;3.733750;193;

531453;-4.000000;24.125000;0.021667;3.733750;191;

531598;-13.333374;24.125000;0.021667;3.733750;194;

531743;-10.666626;24.125000;0.021667;3.732500;195;

531886;-13.333374;24.125000;0.021667;3.730417;196;

532023;-16.000000;24.125000;0.021667;0.021667;195;

532170;-13.333374;24.125000;0.021667;3.728333;195;

532319;-16.000000;24.125000;0.021667;3.728333;193;

532467;-8.000000;24.125000;0.021667;3.728333;195;

532620;-4.000000;24.125000;0.021667;3.728333;196;

532761;-5.333374;24.125000;0.021667;3.728333;194;

532906;-5.333374;24.125000;0.021667;3.728333;193;

533044;-2.666626;24.125000;0.021667;3.728333;198;

533186;0.000000;24.125000;0.021667;3.728333;196;

533323;-1.333374;24.125000;0.021667;3.728333;194;

533466;-4.000000;24.125000;0.021667;3.728333;194;

533603;-4.000000;24.125000;0.021667;3.728333;195;

533746;0.000000;24.125000;0.021667;3.728750;195;

533883;0.000000;24.125000;0.021667;3.728333;195;

534026;-5.333374;24.125000;0.021667;3.728333;192;

534164;-4.000000;24.125000;0.021667;3.728333;196;

534306;-5.333374;24.125000;0.021667;3.728333;196;

534445;-10.666626;24.125000;0.021667;3.728333;193;

534586;-8.000000;24.125000;0.021667;3.728333;194;

534725;-13.333374;24.062500;0.021667;3.728333;195;

534870;-8.000000;24.125000;0.021667;3.728750;198;

535026;-13.333374;24.125000;0.021667;3.728333;195;

535164;-10.666626;24.125000;0.021667;3.728333;194;

535309;-17.333374;24.125000;0.021667;3.728333;195;

535459;-17.333374;24.125000;0.021667;3.728333;194;

535602;-18.666626;24.125000;0.021667;3.728333;196;

535736;-16.000000;24.125000;0.021667;3.728333;195;

535873;-10.666626;24.125000;0.021667;3.728333;195;

536019;-18.666626;24.062500;0.021667;3.728333;196;

536168;-13.333374;24.125000;0.021667;3.728333;194;

536313;-8.000000;24.125000;0.021667;3.728333;196;

536456;-5.333374;24.062500;0.021667;3.728333;191;

536594;-5.333374;24.062500;0.021667;3.728333;191;

536736;-1.333374;24.062500;0.021667;3.728333;196;

536875;1.333374;24.062500;0.021667;3.728333;194;

537016;4.000000;24.062500;0.021667;3.728333;196;

537156;0.000000;24.062500;0.021667;3.728333;193;

537294;0.000000;24.125000;0.021667;3.728333;193;

537436;-2.666626;24.125000;0.021667;3.728333;196;

537573;0.000000;24.062500;0.021667;3.727500;195;

537717;1.333374;24.062500;0.021667;3.727500;196;

537853;0.000000;24.062500;0.021667;3.725834;192;

537996;-1.333374;24.062500;0.021667;3.724583;197;

538136;-1.333374;24.062500;0.021667;3.724583;193;

538280;-1.333374;24.062500;0.021667;3.723750;195;

538414;-8.000000;24.062500;3.722917;3.722917;196;

538557;-5.333374;24.062500;0.021667;3.722917;198;

538707;-8.000000;24.062500;3.722917;3.722917;195;

538851;-13.333374;24.062500;0.021667;3.722917;194;

539000;-5.333374;24.062500;0.021250;3.722917;195;

539146;-8.000000;24.062500;0.021667;3.722917;197;

539287;-17.333374;24.062500;0.021667;3.722917;197;

539426;-5.333374;24.062500;0.021667;3.722917;194;

539565;-16.000000;24.062500;0.021667;3.722917;197;

539706;-13.333374;24.062500;0.021667;3.722917;196;

539844;-13.333374;24.062500;0.021667;3.722917;195;

539986;-4.000000;24.062500;0.021667;3.722917;192;

540123;-4.000000;24.062500;0.021667;3.723334;196;

540266;0.000000;24.062500;0.021667;3.722917;194;

540404;-1.333374;24.062500;0.021667;3.722917;195;

540546;-2.666626;24.062500;0.021667;3.722917;197;

540683;-5.333374;24.062500;0.021667;3.722917;194;

540826;0.000000;24.062500;0.021667;3.722917;195;

540963;-1.333374;24.062500;0.021667;3.722917;193;

541108;1.333374;24.062500;0.021667;3.722917;195;

541260;0.000000;24.062500;0.021667;3.722917;196;

541410;0.000000;24.062500;0.021667;3.722917;195;

541553;0.000000;24.062500;0.021667;3.722917;196;

541701;-4.000000;24.062500;0.021667;3.722917;198;

541846;8.000000;24.062500;3.722917;3.722917;192;

541991;-4.000000;24.062500;0.021667;3.722917;194;

542126;-1.333374;24.062500;0.021667;3.722917;192;

542263;-13.333374;24.062500;0.021667;3.722917;196;

542406;-13.333374;24.062500;0.021667;3.722917;194;

542543;-4.000000;24.062500;0.021667;3.722917;196;

542686;-17.333374;24.062500;0.021667;3.722917;195;

542823;-10.666626;24.062500;0.021667;3.722917;195;

542966;-16.000000;24.062500;0.021667;3.722917;195;

543113;-16.000000;24.062500;0.021667;3.722917;195;

543256;-18.666626;24.062500;0.021667;3.722917;196;

543393;-16.000000;24.062500;0.021667;3.722917;194;

543536;-17.333374;24.062500;0.021667;3.722500;194;

543673;-17.333374;24.062500;0.021667;3.723334;192;

543816;-16.000000;24.062500;0.021667;3.722917;195;

543956;-21.333374;24.062500;0.021667;3.722917;195;

544093;-17.333374;24.062500;0.021667;3.720417;197;

544234;-18.666626;24.062500;0.021667;3.720417;194;

544369;-2.666626;24.062500;0.021667;3.719167;194;

544520;-18.666626;24.062500;0.021667;3.720000;199;

544671;-8.000000;24.062500;0.021667;3.717917;194;

544821;-8.000000;24.062500;0.021667;3.718333;194;

544969;0.000000;24.062500;0.021667;3.717500;193;

545118;-2.666626;24.062500;0.021667;3.717500;192;

545263;0.000000;24.062500;0.021667;3.717500;197;

545406;-4.000000;24.062500;0.021667;3.717500;193;

545548;8.000000;24.062500;0.021667;3.717500;197;

545693;0.000000;24.062500;0.021667;3.717500;196;

545836;14.666626;24.062500;0.021667;3.717500;194;

545973;1.333374;24.062500;0.021667;3.717500;196;

546116;10.666626;24.062500;0.021667;3.717500;194;

546253;8.000000;24.062500;0.021667;3.717500;194;

546398;5.333374;24.062500;0.021667;3.717500;196;

546546;8.000000;24.062500;0.021667;3.717500;196;

546683;1.333374;24.062500;0.021250;3.717500;192;

546826;5.333374;24.062500;0.021667;3.717500;194;

546964;0.000000;24.062500;0.021667;3.717917;197;

547096;4.000000;24.062500;0.021667;3.717500;196;

547235;0.000000;24.062500;0.021667;3.717500;196;

547374;10.666626;24.062500;0.021667;3.717500;197;

547525;-5.333374;24.062500;0.021667;3.717500;195;

547670;5.333374;24.062500;0.021667;3.717500;195;

547821;-1.333374;24.062500;0.021667;3.717500;195;

547953;10.666626;24.000000;0.021667;3.717500;197;

548096;-1.333374;24.062500;0.021667;3.717500;193;

548233;1.333374;24.062500;0.021667;3.717500;194;

548377;0.000000;24.062500;0.021667;3.717500;194;

548523;0.000000;24.062500;0.021667;3.717500;197;

548666;-2.666626;24.062500;0.021667;3.717500;190;

548806;4.000000;24.062500;0.021667;3.717500;196;

548943;-1.333374;24.062500;0.021667;3.717500;195;

549087;-1.333374;24.062500;0.021667;3.717500;194;

549233;2.666626;24.062500;0.021667;3.717500;193;

549376;-1.333374;24.000000;0.021667;3.717500;194;

549514;4.000000;24.062500;0.021667;3.717500;194;

549656;-1.333374;24.062500;0.021667;3.717500;193;

549795;0.000000;24.062500;0.021667;3.717500;194;

549941;-8.000000;24.062500;0.021667;3.717500;190;

550069;1.333374;24.000000;0.021667;3.717500;196;

550215;-5.333374;24.062500;0.021667;3.717500;191;

550348;1.333374;24.062500;0.021667;3.717500;195;

550496;-1.333374;24.000000;0.021667;3.717500;194;

550649;-1.333374;24.062500;0.021667;3.714583;196;

550794;0.000000;24.062500;3.714167;3.713750;198;

550940;5.333374;24.000000;0.021667;3.712917;189;

551089;-1.333374;24.000000;0.021667;3.713334;198;

551225;0.000000;24.062500;0.021667;3.712084;197;

551366;-4.000000;24.000000;0.021667;3.712084;197;

551503;0.000000;24.000000;0.021667;3.712084;194;

551646;-4.000000;24.062500;0.021667;3.712500;197;

551783;0.000000;24.000000;0.021667;3.712084;195;

551928;-4.000000;24.062500;0.021667;3.712084;195;

552076;-4.000000;24.062500;0.021667;3.712084;195;

552213;0.000000;24.000000;0.021667;3.712084;195;

552358;-4.000000;24.000000;0.021667;3.712084;197;

552506;-4.000000;24.000000;0.021667;3.712084;195;

552643;-5.333374;24.000000;0.021667;3.712500;193;

552788;-5.333374;24.062500;0.021667;3.712084;197;

552933;-13.333374;24.000000;0.021667;3.712084;195;

553076;-8.000000;24.062500;0.021667;3.712084;193;

553213;-17.333374;24.000000;0.021667;3.712084;195;

553360;-13.333374;24.000000;0.021667;3.712084;195;

553511;-22.666626;24.000000;0.021667;3.712084;197;

553656;-16.000000;24.000000;0.021667;3.712084;194;

553799;-30.666626;24.000000;0.021667;3.712084;193;

553955;-17.333374;24.000000;0.021667;3.712084;194;

554095;-30.666626;24.000000;0.021667;3.712084;194;

554246;-21.333374;24.000000;0.021667;3.712084;196;

554387;-25.333374;24.000000;0.021667;3.712084;193;

554536;-21.333374;24.000000;0.021667;3.712084;198;

554673;-22.666626;24.000000;0.021250;3.712084;196;

554816;-17.333374;24.000000;0.021667;3.712084;192;

554955;-21.333374;24.062500;0.021667;3.712084;195;

555096;-18.666626;24.000000;0.021667;3.712084;194;

555233;-22.666626;24.000000;0.021667;3.712084;193;

555376;-16.000000;24.000000;0.021667;3.712084;193;

555513;-22.666626;24.000000;0.021667;3.712084;198;

555658;-21.333374;24.000000;0.021667;3.712084;195;

555806;-16.000000;24.000000;0.021667;3.712084;194;

555943;-17.333374;24.000000;0.021667;3.712084;196;

556087;-21.333374;24.000000;0.021667;3.712084;194;

556230;-13.333374;24.000000;0.021667;3.712084;196;

556371;-5.333374;24.000000;0.021667;3.712084;197;

556515;-16.000000;24.000000;0.021667;3.712084;194;

556661;-16.000000;24.000000;0.021667;3.712084;197;

556816;-13.333374;24.000000;3.712084;3.712084;195;

556953;-5.333374;24.000000;0.021250;3.712084;197;

557104;-16.000000;24.000000;0.021667;3.712084;193;

557246;-10.666626;24.000000;0.021667;3.712084;193;

557383;-4.000000;24.000000;0.021667;3.712084;194;

557526;-10.666626;24.000000;0.021667;3.712084;195;

557663;-4.000000;24.000000;0.021667;3.712084;193;

557806;-1.333374;24.000000;0.021667;3.712500;193;

557944;-8.000000;24.000000;0.021667;3.712084;196;

558086;-8.000000;24.000000;0.021667;3.712084;197;

558225;-13.333374;24.000000;0.021667;3.712084;194;

558366;-8.000000;24.000000;0.021667;3.712084;197;

558506;-4.000000;24.000000;0.021667;3.712084;196;

558643;-4.000000;24.000000;0.021667;3.712084;193;

558786;-8.000000;24.000000;0.021667;3.707083;198;

558923;-4.000000;24.000000;0.021667;3.707083;196;

559066;-5.333374;24.000000;0.021667;3.712500;194;

559205;-10.666626;24.000000;0.021667;3.712084;196;

559351;-1.333374;24.000000;0.021667;3.710833;193;

559494;-4.000000;24.000000;0.021667;3.709584;194;

559639;5.333374;24.000000;0.021667;3.707500;195;

559790;4.000000;24.000000;0.021667;3.710417;198;

559933;10.666626;24.000000;0.021667;3.707500;194;

560078;14.666626;24.000000;0.021667;3.706667;196;

560226;18.666626;24.000000;0.021667;3.707500;197;

560363;12.000000;24.000000;0.021667;3.707083;195;

560508;14.666626;24.000000;0.021250;3.706667;196;

560656;21.333374;24.000000;0.021667;3.707083;192;

560793;17.333374;24.000000;0.021667;3.707083;193;

560938;12.000000;24.000000;0.021667;3.706667;195;

561083;8.000000;24.000000;0.021667;3.706667;195;

561226;-1.333374;24.000000;0.021667;3.706667;193;

561365;-4.000000;24.000000;0.021667;3.707083;194;

561506;-13.333374;24.000000;0.021667;3.706667;195;

561645;-16.000000;24.000000;0.021667;3.706667;200;

561786;-17.333374;24.000000;0.021667;3.706667;195;

561926;-21.333374;24.000000;0.021667;3.707083;194;

562069;-30.666626;24.000000;0.021667;3.706667;197;

562219;-30.666626;24.000000;0.021667;3.706667;191;

562365;-34.666626;24.000000;3.707083;3.706667;194;

562509;-36.000000;24.000000;0.021667;3.706667;193;

562660;-36.000000;24.000000;0.021667;3.707083;198;

562806;-32.000000;24.000000;0.021667;3.706667;197;

562943;-25.333374;24.000000;0.021667;3.707083;195;

563086;-25.333374;24.000000;0.021667;3.706667;195;

563223;-21.333374;23.937500;0.021667;3.706667;196;

563368;-13.333374;24.000000;0.021667;3.707083;193;

563516;-16.000000;24.000000;0.021667;3.707083;194;

563653;-16.000000;24.000000;0.021667;3.706667;191;

563798;-16.000000;24.000000;0.021667;3.707083;193;

563943;-16.000000;24.000000;0.021667;3.706667;197;

564086;-22.666626;24.000000;0.021667;3.707083;193;

564223;-32.000000;24.000000;0.021667;3.706667;194;

564366;-36.000000;24.000000;0.021667;3.707083;192;

564505;-32.000000;24.000000;0.021667;3.706667;194;

564646;-38.666626;24.000000;0.021667;3.707083;194;

564786;-38.666626;24.000000;0.021667;3.707083;198;

564930;-34.666626;24.000000;0.021667;3.706667;198;

565081;-30.666626;24.000000;0.021667;3.706667;195;

565224;-22.666626;23.937500;3.707083;3.706250;194;

565369;-20.000000;24.000000;0.021667;3.704583;194;

565501;-20.000000;23.937500;0.021667;3.706250;198;

565633;-13.333374;24.000000;0.021667;3.703334;194;

565773;-13.333374;23.937500;0.021667;3.706250;198;

565916;-16.000000;24.000000;0.021250;3.701667;195;

566053;0.000000;24.000000;0.021667;3.702917;198;

566196;-5.333374;24.000000;0.021667;3.703334;192;

566333;-1.333374;24.000000;0.021667;3.701250;196;

566477;-5.333374;24.000000;0.021667;3.701667;197;

566626;-4.000000;24.000000;0.021667;3.701667;194;

566763;-13.333374;24.000000;0.021667;3.701667;197;

566906;-13.333374;24.000000;0.021667;3.701667;196;

567043;-17.333374;23.937500;0.021667;3.701250;195;

567187;-17.333374;24.000000;0.021667;3.701250;193;

567323;-18.666626;24.000000;0.021667;3.701667;194;

567468;-20.000000;24.000000;0.021667;3.701667;195;

567618;-17.333374;24.000000;0.021667;3.701667;194;

567766;-17.333374;23.937500;0.021667;3.701667;194;

567909;-17.333374;23.937500;0.021667;3.701667;195;

568059;-18.666626;24.000000;0.021667;3.701667;194;

568205;-17.333374;23.937500;0.021667;3.701667;195;

568345;-16.000000;23.937500;3.701250;3.701667;197;

568487;-18.666626;23.937500;3.701667;3.701667;192;

568623;-16.000000;23.937500;0.021667;3.701667;195;

568760;-8.000000;23.937500;0.021667;3.701250;191;

568906;-5.333374;24.000000;0.021667;3.701250;194;

569046;-1.333374;24.000000;0.021667;3.701667;195;

569184;-10.666626;23.937500;0.021667;3.701667;197;

569326;-5.333374;23.937500;0.021667;3.701667;200;

569464;1.333374;24.000000;0.021667;3.701667;195;

569606;-4.000000;23.937500;0.021667;3.701667;194;

569743;-1.333374;24.000000;0.021667;3.701667;195;

569887;0.000000;23.937500;0.021667;3.701667;196;

570036;-1.333374;24.000000;0.021667;3.701667;194;

570175;-1.333374;23.937500;0.021667;3.701667;195;

570316;-2.666626;23.937500;0.021667;3.701667;193;

570455;-4.000000;24.000000;0.021667;3.701667;193;

570596;-4.000000;23.937500;0.021667;3.701667;196;

570733;-8.000000;23.937500;0.021667;3.700833;194;

570882;-5.333374;23.937500;3.701667;3.700833;194;

571023;-13.333374;23.937500;0.021667;3.701667;196;

571170;-4.000000;23.937500;0.021667;3.700000;194;

571315;-8.000000;23.937500;3.700000;3.700000;193;

571443;-8.000000;23.937500;0.021667;3.696667;195;

571585;-8.000000;24.000000;0.021667;0.021667;199;

571736;-5.333374;23.937500;0.021667;3.696250;193;

571866;-16.000000;23.937500;0.021667;3.697083;192;

572003;-4.000000;23.937500;0.021667;3.696250;198;

572146;-16.000000;23.937500;0.021667;3.696250;195;

572283;-16.000000;23.937500;0.021667;3.696250;194;

572427;-13.333374;23.937500;0.021667;3.696250;195;

572573;-17.333374;23.937500;0.021667;3.696250;196;

572718;-8.000000;23.937500;0.021667;3.696250;195;

572866;-5.333374;23.937500;0.021667;3.696250;196;

573003;-8.000000;23.937500;0.021667;3.695834;195;

573146;-4.000000;23.937500;0.021667;3.696250;196;

573296;-4.000000;23.937500;0.021667;3.696250;195;

573433;-13.333374;23.937500;0.021667;3.695834;194;

573576;-4.000000;23.937500;0.021667;3.696250;195;

573713;-4.000000;23.937500;0.021667;3.696250;195;

573853;-5.333374;23.937500;0.021667;3.696250;194;

573989;-5.333374;23.937500;0.021667;3.696250;197;

574139;-8.000000;23.937500;0.021667;3.696250;197;

574286;-16.000000;23.937500;3.696250;3.696250;193;

574429;-13.333374;23.937500;0.021667;3.696250;197;

574578;-17.333374;23.937500;0.021667;3.696250;193;

574725;-17.333374;23.937500;0.021667;3.696250;193;

574866;-21.333374;23.937500;0.021667;3.696250;195;

575006;-18.666626;23.937500;0.021667;3.696250;195;

575144;-17.333374;23.937500;0.021667;3.696250;194;

575286;-18.666626;23.937500;0.021667;3.696250;195;

575423;-20.000000;23.937500;0.021667;3.696250;195;

575566;-17.333374;23.937500;0.021667;3.696250;194;

575703;-16.000000;23.937500;0.021667;3.696250;196;

575846;-18.666626;23.937500;0.021667;3.696250;194;

575984;-16.000000;23.937500;0.021667;3.696250;195;

576126;-16.000000;23.937500;0.021667;3.695834;197;

576263;-17.333374;23.937500;0.021667;3.696250;192;

576406;-13.333374;23.937500;0.021667;3.696250;197;

576543;-4.000000;23.937500;0.021667;3.696250;196;

576694;-8.000000;23.937500;0.021667;3.696250;195;

576838;-13.333374;23.937500;0.021667;3.696250;197;

576986;-5.333374;23.937500;0.021667;3.696250;194;

577139;0.000000;23.937500;0.021667;3.696250;193;

577290;4.000000;23.937500;0.021667;3.696250;194;

577437;4.000000;23.937500;0.021667;3.695834;196;

577571;10.666626;23.937500;0.021667;3.696250;194;

577718;12.000000;23.937500;0.021667;3.696250;195;

577863;12.000000;23.937500;0.021667;3.696250;193;

578006;10.666626;23.937500;0.021667;3.696250;197;

578145;12.000000;23.937500;0.021667;3.696250;191;

578286;5.333374;23.937500;0.021667;3.696250;195;

578427;-2.666626;23.937500;0.021667;3.696250;195;

578573;4.000000;23.937500;0.021667;3.696250;197;

578716;0.000000;23.937500;0.021667;3.696250;198;

578855;-5.333374;23.937500;0.021667;3.696250;196;

578996;-13.333374;23.937500;0.021667;3.696250;195;

579135;-16.000000;23.937500;0.021667;3.696250;195;

579276;-20.000000;23.937500;0.021667;3.696250;195;

579413;-13.333374;23.937500;0.021667;3.696250;191;

579556;-17.333374;23.937500;0.021667;3.696250;194;

579693;-18.666626;23.937500;0.021667;3.695000;196;

579839;-21.333374;23.937500;0.021667;3.694167;193;

579988;-4.000000;23.937500;0.021667;3.695834;193;

580133;-8.000000;23.937500;0.021667;3.694167;193;

580276;-1.333374;23.937500;0.021667;3.690834;194;

580425;-5.333374;23.937500;0.021667;3.690834;193;

580559;4.000000;23.937500;0.021667;3.690834;196;

580706;0.000000;23.937500;0.021667;3.690834;195;

580839;8.000000;23.937500;0.021667;3.690834;194;

580976;1.333374;23.937500;0.021667;3.690834;195;

581118;4.000000;23.937500;0.021667;3.690834;196;

581259;-2.666626;23.937500;0.021667;3.690834;194;

581403;-2.666626;23.937500;0.021667;3.690834;193;

581546;-5.333374;23.937500;0.021667;3.690834;191;

581686;-4.000000;23.937500;0.021667;3.690834;197;

581825;-8.000000;23.937500;0.021667;3.690834;196;

581966;-16.000000;23.937500;0.021667;3.690834;194;

582104;-13.333374;23.937500;0.021667;3.690834;196;

582246;-16.000000;23.937500;0.021667;3.690834;194;

582384;-16.000000;23.937500;0.021667;3.690834;197;

582526;-16.000000;23.937500;0.021667;3.690834;193;

582673;-13.333374;23.937500;0.021667;3.690834;194;

582816;-16.000000;23.937500;0.021667;3.690834;191;

582955;-10.666626;23.937500;0.021667;3.690834;196;

583096;-13.333374;23.937500;0.021667;3.690834;194;

583236;-2.666626;23.937500;0.021667;3.690834;195;

583376;-16.000000;23.937500;3.690834;3.690834;195;

583514;-5.333374;23.875000;0.021667;3.690834;195;

583657;-5.333374;23.937500;0.021667;3.690834;194;

583798;-16.000000;23.937500;0.021667;3.690834;192;

583931;-1.333374;23.937500;0.021667;3.690834;196;

584074;-8.000000;23.937500;0.021667;3.691250;193;

584214;-4.000000;23.875000;0.021667;3.690834;195;

584359;-4.000000;23.937500;0.021667;3.690834;196;

584496;-4.000000;23.937500;0.021667;3.690834;195;

584638;-1.333374;23.937500;0.021667;3.690834;196;

584786;-1.333374;23.937500;0.021667;3.690834;195;

584923;-4.000000;23.937500;0.021667;3.690834;194;

585066;-4.000000;23.937500;0.021667;3.690834;192;

585213;-1.333374;23.937500;0.021667;3.690834;197;

585356;-5.333374;23.937500;0.021667;3.690834;195;

585493;-1.333374;23.937500;0.021667;3.690834;195;

585636;-8.000000;23.937500;0.021667;3.690834;194;

585775;-1.333374;23.937500;0.021667;3.690834;195;

585916;-8.000000;23.937500;0.021667;3.690834;195;

586055;-13.333374;23.937500;0.021667;3.688334;196;

586196;-5.333374;23.875000;0.021667;3.690417;196;

586337;-1.333374;23.937500;0.021667;3.687917;194;

586473;-4.000000;23.937500;0.021667;0.021667;194;

586615;-18.666626;23.937500;0.021667;3.690000;195;

586748;-10.666626;23.937500;0.021667;3.686250;195;

586894;0.000000;23.937500;0.021667;3.685417;196;

587039;-2.666626;23.937500;0.021667;3.685417;193;

587177;-1.333374;23.875000;0.021667;3.685417;195;

587316;5.333374;23.937500;0.021667;3.685417;193;

587456;0.000000;23.937500;3.685417;3.685417;193;

587585;-5.333374;23.937500;0.021667;3.685417;196;

587722;8.000000;23.937500;0.021667;3.685417;192;

587856;0.000000;23.875000;0.021667;3.685417;196;

587993;-4.000000;23.937500;0.021667;3.685417;198;

588136;-4.000000;23.937500;0.021667;3.685417;191;

588273;1.333374;23.875000;0.021667;3.685417;192;

588416;-4.000000;23.937500;0.021667;3.685417;194;

588553;-8.000000;23.937500;0.021667;3.685417;196;

588696;-10.666626;23.937500;0.021667;3.685417;196;

588837;-18.666626;23.937500;0.021667;3.685417;195;

588986;-17.333374;23.875000;0.021667;3.685417;194;

589126;-13.333374;23.937500;0.021667;3.685417;195;

589265;-17.333374;23.875000;0.021667;3.685417;194;

589406;-16.000000;23.875000;0.021667;3.685417;196;

589545;-2.666626;23.875000;0.021667;3.685834;196;

589686;-5.333374;23.875000;0.021667;3.685417;195;

589823;-13.333374;23.875000;3.685417;3.685417;194;

589952;-4.000000;23.875000;0.021667;3.685834;199;

590085;-4.000000;23.875000;0.021667;3.685417;195;

590214;-10.666626;23.875000;0.021667;3.685417;196;

590343;-5.333374;23.937500;0.021667;0.021667;195;

590484;-4.000000;23.875000;0.021667;3.685417;195;

590616;-4.000000;23.875000;3.685417;3.685417;198;

590759;-8.000000;23.937500;0.021667;3.685417;196;

590905;-8.000000;23.875000;3.685417;3.685417;192;

591043;-4.000000;23.875000;0.021667;3.685417;196;

591173;-4.000000;23.875000;0.021667;3.685417;195;

591318;-8.000000;23.875000;0.021667;3.685417;196;

591466;-5.333374;23.875000;0.021667;3.685000;194;

591603;-2.666626;23.875000;0.021667;3.685417;193;

591747;-4.000000;23.875000;0.021667;3.685417;197;

591893;1.333374;23.875000;0.021667;3.685417;194;

592036;1.333374;23.875000;0.021667;3.685417;194;

592174;8.000000;23.875000;0.021667;3.685417;195;

592316;4.000000;23.875000;0.021667;3.684167;195;

592455;12.000000;23.875000;0.021667;3.685000;192;

592596;2.666626;23.875000;0.021667;3.685000;193;

592733;1.333374;23.875000;0.021667;3.685417;195;

592877;10.666626;23.875000;0.021667;3.684167;197;

593026;1.333374;23.875000;0.021667;3.682500;196;

593167;10.666626;23.875000;0.021667;3.682084;196;

593309;0.000000;23.875000;0.021667;3.680417;198;

593449;4.000000;23.875000;0.021667;3.680000;190;

593589;-1.333374;23.875000;0.021667;3.680000;197;

593739;4.000000;23.875000;0.021667;3.680000;195;

593876;-2.666626;23.875000;3.680000;3.680000;193;

594013;0.000000;23.875000;0.021667;3.680000;197;

594155;-8.000000;23.875000;0.021667;3.680000;196;

594296;-2.666626;23.875000;0.021667;3.680417;194;

594433;-8.000000;23.875000;0.021667;3.680000;197;

594578;-1.333374;23.875000;0.021667;3.680000;194;

594726;-1.333374;23.875000;0.021667;3.680417;197;

594863;0.000000;23.875000;0.021667;3.680000;195;

595007;-2.666626;23.875000;0.021667;3.680000;191;

595143;0.000000;23.875000;0.021667;3.680000;194;

595288;-5.333374;23.875000;0.021667;3.680000;196;

595433;0.000000;23.875000;0.021667;3.680000;194;

595576;-5.333374;23.875000;0.021667;3.680000;196;

595714;-4.000000;23.875000;0.021667;3.680000;195;

595856;-8.000000;23.875000;0.021667;3.680000;194;

595995;-5.333374;23.875000;0.021667;0.021667;193;

596138;-13.333374;23.875000;0.021667;3.680417;194;

596285;-16.000000;23.875000;0.021667;3.680000;197;

596423;-13.333374;23.875000;0.021667;3.680000;198;

596569;-10.666626;23.875000;0.021667;3.680000;194;

596715;-10.666626;23.875000;0.021667;3.680000;192;

596850;-16.000000;23.875000;0.021667;3.680000;196;

596987;-10.666626;23.875000;0.021667;3.680417;192;

597136;-13.333374;23.875000;0.021667;3.680000;198;

597276;-18.666626;23.875000;0.021667;3.680000;195;

597414;-22.666626;23.875000;0.021667;3.680417;196;

597556;-21.333374;23.875000;0.021667;3.680000;194;

597693;-30.666626;23.875000;0.021667;3.680000;197;

597837;-32.000000;23.875000;0.021667;3.680000;192;

597973;-34.666626;23.875000;0.021667;3.680000;196;

598116;-34.666626;23.875000;0.021667;3.680000;199;

598253;-32.000000;23.875000;0.021667;3.680000;195;

598396;-29.333374;23.875000;0.021667;3.680000;195;

598533;-30.666626;23.875000;0.021667;3.680000;195;

598676;-17.333374;23.875000;0.021667;3.680000;196;

598813;-32.000000;23.875000;0.021667;3.680000;194;

598957;-16.000000;23.875000;0.021667;3.680000;197;

599093;-13.333374;23.875000;0.021667;3.680417;196;

599242;-10.666626;23.875000;0.021667;3.680000;195;

599384;-1.333374;23.875000;3.680000;3.680000;192;

599515;-2.666626;23.875000;0.021667;3.680000;191;

599656;-1.333374;23.875000;0.021667;3.680000;195;

599789;-2.666626;23.875000;0.021667;3.680000;194;

599922;0.000000;23.875000;3.680000;3.680000;195;

600056;-4.000000;23.875000;3.680417;3.680000;194;

600200;-8.000000;23.875000;0.021250;3.680000;195;

600340;-5.333374;23.875000;0.021667;3.680000;193;

600483;-17.333374;23.875000;0.021667;3.680000;195;

600626;-5.333374;23.875000;0.021667;3.680417;193;

600763;-8.000000;23.875000;0.021667;3.680000;198;

600907;-10.666626;23.875000;0.021667;3.680000;199;

601056;-16.000000;23.875000;0.021667;3.680417;197;

601195;-10.666626;23.875000;0.021667;3.680000;195;

601336;-17.333374;23.875000;0.021667;3.678333;193;

601473;-18.666626;23.875000;0.021667;3.678750;196;

601616;-17.333374;23.875000;0.021667;3.678750;194;

601753;-13.333374;23.875000;0.021667;3.676250;196;

601897;-17.333374;23.875000;0.021667;3.676667;192;

602046;-17.333374;23.875000;0.021667;3.676250;197;

602185;-16.000000;23.875000;0.021667;3.674583;194;

602326;-8.000000;23.875000;0.021667;3.674583;196;

602452;-13.333374;23.875000;0.021667;3.675000;197;

602594;-13.333374;23.875000;0.021667;3.674583;194;

602737;-8.000000;23.875000;0.021667;3.675000;193;

602889;-5.333374;23.875000;0.021667;3.674583;192;

603026;-5.333374;23.875000;0.021667;3.674583;195;

603156;-13.333374;23.875000;0.021667;3.674583;194;

603300;-2.666626;23.875000;0.021667;3.674583;195;

603436;-8.000000;23.875000;0.021667;3.674583;193;

603573;-5.333374;23.875000;0.021667;3.674583;193;

603716;-1.333374;23.875000;0.021667;3.674583;197;

603854;0.000000;23.875000;0.021667;3.675000;195;

603996;-8.000000;23.875000;0.021667;3.674583;195;

604143;0.000000;23.875000;0.021667;3.674583;197;

604286;-1.333374;23.875000;0.021667;3.674583;193;

604425;-4.000000;23.875000;0.021667;3.674583;191;

604566;-4.000000;23.875000;0.021667;3.674583;195;

604706;-5.333374;23.875000;0.021667;3.675000;196;

604843;-2.666626;23.875000;0.021667;3.674583;195;

604986;-1.333374;23.875000;0.021667;3.674583;193;

605125;-4.000000;23.875000;0.021667;3.674583;196;

605266;-5.333374;23.875000;0.021667;3.674583;197;

605403;-2.666626;23.875000;3.674583;3.674583;198;

605534;-1.333374;23.875000;3.674583;3.674583;193;

605669;-13.333374;23.875000;0.021667;3.674583;196;

605805;-8.000000;23.875000;0.021667;3.674583;193;

605936;-5.333374;23.875000;3.674583;3.674583;195;

606068;-8.000000;23.875000;0.021667;3.674583;196;

606207;-2.666626;23.875000;0.021667;3.674583;196;

606347;-5.333374;23.875000;0.021667;3.674583;196;

606496;-4.000000;23.875000;0.021667;3.674583;194;

606633;-2.666626;23.875000;0.021667;3.675000;196;

606777;-4.000000;23.875000;0.021667;3.674583;194;

606913;-5.333374;23.875000;0.021667;3.674583;194;

607056;0.000000;23.875000;0.021667;3.674583;196;

607194;4.000000;23.875000;0.021667;3.674583;192;

607336;4.000000;23.875000;0.021667;3.674583;193;

607473;1.333374;23.875000;0.021667;3.674583;195;

607617;5.333374;23.875000;0.021667;3.674583;197;

607763;4.000000;23.875000;0.021667;3.674583;196;

607906;1.333374;23.875000;0.021667;3.674583;195;

608046;0.000000;23.875000;0.021667;3.674167;193;

608183;0.000000;23.875000;0.021667;3.673750;195;

608325;0.000000;23.875000;0.021667;3.673750;194;

608464;-4.000000;23.875000;0.021667;3.669583;197;

608607;-4.000000;23.875000;0.021667;3.669583;195;

608753;-8.000000;23.875000;0.021667;3.670000;195;

608887;-13.333374;23.875000;0.021667;3.670000;195;

609022;-17.333374;23.812500;0.021667;3.669583;194;

609155;-16.000000;23.875000;0.021667;3.669167;196;

609310;-16.000000;23.875000;0.021667;3.669167;192;

609446;-17.333374;23.875000;0.021667;3.669167;192;

609585;-13.333374;23.875000;0.021667;3.669583;200;

609726;-16.000000;23.875000;0.021667;3.669583;196;

609863;-10.666626;23.875000;0.021667;3.669167;198;

610007;-13.333374;23.875000;0.021667;3.669167;195;

610156;-13.333374;23.875000;0.021667;3.669167;192;

610295;-5.333374;23.875000;0.021667;3.669167;196;

610436;-4.000000;23.875000;0.021667;3.669583;192;

610573;-8.000000;23.875000;0.021667;3.669167;198;

610716;-4.000000;23.812500;0.021667;3.669167;193;

610853;-1.333374;23.875000;0.021667;3.669167;193;

610998;0.000000;23.875000;0.021667;3.669583;196;

611146;0.000000;23.875000;0.021667;3.669583;193;

611283;-1.333374;23.875000;0.021667;3.669167;195;

611419;-2.666626;23.875000;0.021667;3.669583;196;

611558;0.000000;23.875000;0.021667;3.669583;194;

611705;-1.333374;23.875000;3.669583;3.669583;191;

611846;0.000000;23.875000;0.021667;3.669167;194;

611990;0.000000;23.812500;0.021667;3.669583;194;

612136;1.333374;23.812500;3.669583;3.669167;198;

612278;-4.000000;23.875000;0.021667;3.669583;195;

612429;4.000000;23.875000;0.021667;3.669167;195;

612573;4.000000;23.875000;0.021667;3.669583;194;

612718;0.000000;23.875000;0.021667;3.669583;195;

612866;0.000000;23.812500;0.021667;3.669167;193;

613003;-1.333374;23.812500;0.021667;3.669167;197;

613148;1.333374;23.875000;0.021667;3.669167;193;

613296;1.333374;23.875000;0.021667;3.669583;194;

613433;0.000000;23.875000;0.021667;3.669167;199;

613576;-1.333374;23.812500;0.021667;3.669167;195;

613713;2.666626;23.812500;0.021667;3.669583;196;

613858;1.333374;23.875000;0.021667;3.669583;195;

614003;0.000000;23.812500;0.021667;3.669167;193;

614146;-1.333374;23.875000;0.021667;3.669583;195;

614285;-1.333374;23.812500;0.021667;3.669583;193;

614426;0.000000;23.812500;0.021667;3.669167;197;

614566;-4.000000;23.812500;3.666250;3.666250;191;

614705;0.000000;23.875000;3.667500;3.668750;197;

614849;-1.333374;23.812500;0.021667;3.665833;195;

614989;-4.000000;23.875000;0.021667;3.667084;195;

615138;-4.000000;23.875000;0.021250;3.668334;194;

615289;-8.000000;23.812500;0.021667;3.664167;194;

615434;-8.000000;23.812500;0.021667;3.665833;194;

615576;-4.000000;23.875000;0.021667;3.663750;197;

615713;-5.333374;23.812500;0.021667;3.663750;193;

615855;-8.000000;23.812500;3.663750;3.664167;195;

615985;-4.000000;23.875000;0.021667;3.663750;199;

616132;-16.000000;23.875000;0.021667;3.664167;192;

616278;-4.000000;23.812500;0.021667;3.664167;196;

616423;-10.666626;23.812500;0.021667;3.663750;196;

616566;-16.000000;23.875000;0.021667;3.664167;197;

616705;-16.000000;23.875000;0.021667;3.663750;194;

616846;-17.333374;23.875000;0.021667;3.663750;194;

616985;-13.333374;23.812500;0.021250;3.663750;194;

617126;-16.000000;23.812500;0.021667;3.664167;192;

617264;-18.666626;23.875000;0.021667;3.664167;197;

617406;-17.333374;23.812500;0.021667;3.663750;196;

617543;-17.333374;23.875000;0.021667;3.663750;195;

617686;-21.333374;23.812500;0.021667;3.663750;193;

617826;-25.333374;23.875000;0.021667;3.663750;196;

617963;-17.333374;23.875000;0.021667;3.664167;192;

618106;-16.000000;23.812500;0.021667;3.663750;194;

618246;-17.333374;23.812500;3.663750;3.663750;194;

618386;-21.333374;23.812500;0.021667;3.663750;195;

618526;-10.666626;23.812500;0.021667;3.663750;193;

618667;-13.333374;23.812500;0.021667;3.664167;196;

618801;-13.333374;23.812500;0.021667;3.663750;195;

618955;-2.666626;23.812500;0.021667;3.663750;194;

619084;-1.333374;23.812500;0.021667;3.664167;194;

619211;-4.000000;23.812500;0.021667;3.664167;194;

619349;-1.333374;23.812500;0.021667;3.664167;194;

619496;4.000000;23.812500;0.021667;3.663750;195;

619639;4.000000;23.812500;0.021667;3.663750;196;

619772;1.333374;23.875000;0.021667;3.663750;194;

619916;0.000000;23.812500;0.021667;3.664167;197;

620056;0.000000;23.812500;0.021667;3.664167;194;

620193;-13.333374;23.812500;0.021667;3.663750;191;

620336;-13.333374;23.812500;0.021667;3.664167;197;

620474;-8.000000;23.812500;0.021667;3.664167;195;

620616;-20.000000;23.812500;0.021667;3.663750;194;

620753;-18.666626;23.875000;0.021667;3.663750;191;

620896;-21.333374;23.812500;0.021667;3.663750;196;

621033;-17.333374;23.812500;0.021667;3.662917;195;

621178;-18.666626;23.812500;0.021667;3.662084;196;

621326;-22.666626;23.812500;0.021667;3.660000;193;

621464;-18.666626;23.812500;0.021667;3.660000;195;

621608;-16.000000;23.812500;0.021667;3.658334;194;

621753;-13.333374;23.812500;0.021667;3.658750;194;

621899;-16.000000;23.812500;0.021667;3.658750;196;

622049;-16.000000;23.812500;0.021667;3.658750;200;

622186;-13.333374;23.812500;3.658750;3.658334;193;

622329;-13.333374;23.812500;0.021667;3.658750;192;

622474;-4.000000;23.812500;3.658750;3.658334;195;

622612;-4.000000;23.812500;0.021667;3.658334;194;

622756;-1.333374;23.812500;0.021667;3.658334;191;

622893;-2.666626;23.812500;0.021667;3.658750;196;

623036;-4.000000;23.812500;0.021667;3.658334;195;

623175;-2.666626;23.812500;0.021667;3.658750;195;

623316;1.333374;23.812500;0.021667;3.658750;197;

623455;1.333374;23.812500;0.021667;3.658750;197;

623596;-1.333374;23.812500;0.021667;3.658750;194;

623733;-2.666626;23.812500;0.021667;3.658334;195;

623876;-4.000000;23.812500;0.021667;3.658750;195;

624013;-8.000000;23.812500;0.021667;3.658750;194;

624157;-16.000000;23.812500;0.021667;3.658334;195;

624303;-8.000000;23.812500;0.021667;3.658334;194;

624446;-10.666626;23.812500;0.021667;3.658750;194;

624587;-17.333374;23.812500;0.021667;3.658750;193;

624721;-10.666626;23.812500;0.021667;3.658750;196;

624864;-16.000000;23.812500;0.021667;3.657917;198;

625007;-17.333374;23.812500;0.021667;3.658334;195;

625156;-8.000000;23.812500;0.021667;3.654584;195;

625306;-13.333374;23.812500;0.021667;3.657084;197;

625443;-5.333374;23.812500;0.021667;3.655833;195;

625586;-8.000000;23.812500;0.021667;3.653334;195;

625723;-10.666626;23.812500;0.021667;3.653750;195;

625866;-13.333374;23.812500;0.021667;3.653334;196;

626005;-17.333374;23.812500;0.021667;3.653334;195;

626149;-17.333374;23.812500;0.021667;3.653334;196;

626295;-17.333374;23.812500;0.021667;3.653334;194;

626437;-16.000000;23.812500;0.021667;3.653334;196;

626586;-16.000000;23.812500;0.021667;3.653334;193;

626725;-17.333374;23.812500;0.021667;3.653334;193;

626866;-17.333374;23.812500;0.021667;3.653334;196;

627004;-16.000000;23.812500;0.021667;3.653334;197;

627146;-16.000000;23.812500;0.021667;3.653334;193;

627283;-20.000000;23.812500;0.021667;3.653334;196;

627428;-17.333374;23.812500;0.021667;3.653334;195;

627576;-17.333374;23.812500;0.021667;3.653334;196;

627713;-16.000000;23.812500;0.021667;3.653334;195;

627856;-18.666626;23.812500;0.021667;3.653334;194;

627993;-18.666626;23.812500;0.021667;3.653334;197;

628136;-13.333374;23.812500;0.021667;3.653334;199;

628275;-13.333374;23.812500;0.021667;3.653334;194;

628416;-16.000000;23.812500;0.021667;3.653334;194;

628550;-4.000000;23.812500;0.021667;3.653334;197;

628696;-8.000000;23.812500;0.021667;3.652917;195;

628834;-13.333374;23.812500;0.021667;3.653334;197;

628980;-1.333374;23.812500;0.021667;3.653334;193;

629114;0.000000;23.812500;0.021667;3.652917;193;

629262;0.000000;23.812500;0.021667;3.652917;196;

629407;-2.666626;23.812500;0.021667;3.653334;194;

629549;-2.666626;23.812500;0.021667;3.652917;195;

629700;0.000000;23.812500;0.021667;3.653334;192;

629846;-1.333374;23.812500;0.021667;3.653334;191;

629983;0.000000;23.812500;0.021667;3.653334;194;

630126;-1.333374;23.812500;0.021667;3.653334;191;

630264;0.000000;23.812500;0.021667;3.653334;195;

630406;-2.666626;23.812500;0.021667;3.653334;195;

630544;-2.666626;23.812500;0.021667;3.652917;195;

630686;0.000000;23.812500;0.021667;3.653334;195;

630824;0.000000;23.812500;0.021667;3.653334;192;

630966;1.333374;23.812500;0.021667;3.653334;196;

631106;-1.333374;23.812500;0.021667;3.653334;196;

631243;1.333374;23.812500;0.021667;3.653334;196;

631386;-1.333374;23.812500;0.021667;3.653334;193;

631525;-1.333374;23.812500;0.021667;3.653334;191;

631666;-1.333374;23.812500;0.021667;3.653334;197;

631805;0.000000;23.812500;0.021667;3.653334;195;

631946;-2.666626;23.812500;0.021667;3.652917;195;

632093;-2.666626;23.812500;0.021667;3.652917;193;

632241;-4.000000;23.812500;0.021667;3.653334;196;

632385;0.000000;23.812500;0.021667;3.653334;194;

632516;-1.333374;23.812500;0.021667;3.653334;196;

632645;0.000000;23.812500;0.021667;3.653334;191;

632786;4.000000;23.812500;0.021667;3.653334;194;

632923;-1.333374;23.812500;0.021667;3.653334;194;

633066;-2.666626;23.812500;0.021667;3.653334;193;

633203;0.000000;23.812500;0.021667;3.653334;195;

633348;0.000000;23.812500;0.021667;3.653334;195;

633496;-1.333374;23.812500;0.021667;3.653334;191;

633633;0.000000;23.812500;0.021667;3.653334;195;

633776;-5.333374;23.812500;0.021667;3.652917;194;

633913;-2.666626;23.812500;0.021667;3.652917;193;

634056;-4.000000;23.812500;0.021667;3.653334;198;

634193;-10.666626;23.812500;0.021667;3.653334;194;

634336;-4.000000;23.812500;0.021667;3.648750;193;

634473;-1.333374;23.812500;0.021667;3.650833;193;

634625;-4.000000;23.812500;0.021667;3.648334;193;

634764;-8.000000;23.812500;0.021667;3.651250;192;

634908;-4.000000;23.812500;0.021667;3.647917;193;

635057;-1.333374;23.812500;0.021667;3.647917;194;

635207;-4.000000;23.812500;0.021667;0.021667;193;

635333;-4.000000;23.812500;0.021667;3.647917;195;

635473;-4.000000;23.812500;0.021667;3.647917;195;

635619;-8.000000;23.812500;0.021667;3.647917;194;

635755;-5.333374;23.812500;3.647917;3.647917;193;

635887;-13.333374;23.812500;0.021667;3.647917;195;

636023;-5.333374;23.812500;0.021667;3.647917;193;

636166;-17.333374;23.812500;0.021667;3.647917;198;

636304;-17.333374;23.812500;0.021667;3.647917;196;

636446;-21.333374;23.812500;0.021667;3.647917;196;

636585;-22.666626;23.812500;0.021667;3.647917;196;

636726;-25.333374;23.812500;0.021667;3.647917;197;

636863;-22.666626;23.812500;0.021667;3.647917;196;

637007;-18.666626;23.812500;0.021667;3.647917;195;

637156;-5.333374;23.812500;0.021667;3.647917;193;

637293;-1.333374;23.812500;0.021667;3.647917;193;

637437;-2.666626;23.812500;0.021667;3.647917;198;

637583;4.000000;23.750000;0.021667;3.647917;194;

637726;-1.333374;23.812500;0.021667;3.647917;193;

637866;2.666626;23.812500;0.021667;3.647917;198;

638010;8.000000;23.812500;0.021667;3.647917;196;

638161;-1.333374;23.812500;0.021667;3.647917;193;

638292;-4.000000;23.812500;0.021667;3.647917;195;

638433;4.000000;23.812500;0.021667;3.647917;194;

638572;0.000000;23.812500;0.021667;3.647917;191;

638719;-1.333374;23.812500;0.021667;3.647917;194;

638863;-1.333374;23.812500;0.021667;3.647917;193;

638993;-4.000000;23.812500;0.021667;3.647917;195;

639125;-13.333374;23.812500;0.021667;3.647917;199;

639266;-5.333374;23.812500;0.021667;3.647917;197;

639403;-13.333374;23.812500;0.021667;3.647917;192;

639546;-5.333374;23.812500;0.021667;3.647917;193;

639683;-13.333374;23.812500;0.021667;3.647917;194;

639826;-5.333374;23.812500;0.021667;3.647917;195;

639963;-4.000000;23.812500;0.021667;3.647917;195;

640106;-4.000000;23.750000;0.021667;3.647917;193;

640243;-4.000000;23.812500;0.021667;3.647917;192;

640388;-1.333374;23.812500;0.021667;3.647917;195;

640536;0.000000;23.750000;0.021250;3.647917;196;

640673;-4.000000;23.750000;0.021667;3.647083;195;

640817;0.000000;23.812500;0.021667;3.647917;196;

640953;5.333374;23.812500;0.021667;3.645417;193;

641096;-1.333374;23.750000;0.021667;3.645833;199;

641233;10.666626;23.812500;0.021667;3.643750;196;

641375;1.333374;23.750000;0.021250;3.643750;192;

641500;5.333374;23.812500;0.021667;3.642500;195;

641641;10.666626;23.812500;0.021667;3.643333;195;

641778;0.000000;23.812500;0.021667;3.642500;192;

641928;-1.333374;23.750000;0.021667;3.642500;194;

642076;4.000000;23.750000;0.021667;3.642500;194;

642223;0.000000;23.812500;0.021667;3.642500;197;

642369;-4.000000;23.812500;0.021667;3.642500;195;

642517;-4.000000;23.812500;0.021667;3.642500;196;

642666;1.333374;23.750000;0.021667;3.642500;197;

642807;-8.000000;23.750000;0.021667;3.642500;194;

642944;-4.000000;23.812500;0.021667;3.642500;194;

643086;-5.333374;23.750000;0.021667;3.642500;195;

643223;-1.333374;23.812500;0.021667;3.642917;193;

643367;1.333374;23.812500;0.021667;3.642500;194;

643516;-8.000000;23.812500;0.021667;3.642500;194;

643653;-2.666626;23.750000;0.021667;3.642500;195;

643796;-1.333374;23.750000;0.021667;3.642500;193;

643933;-5.333374;23.750000;0.021667;3.642500;195;

644078;0.000000;23.812500;0.021667;3.642500;195;

644223;-5.333374;23.750000;0.021667;3.642500;194;

644366;-2.666626;23.812500;0.021667;3.642500;196;

644508;-2.666626;23.750000;0.021667;0.021667;197;

644656;-1.333374;23.750000;0.021667;3.642500;199;

644802;-4.000000;23.750000;0.021667;3.642500;195;

644935;-5.333374;23.750000;0.021667;3.642500;195;

645082;-5.333374;23.812500;0.021667;3.642500;194;

645216;-5.333374;23.750000;3.642500;3.642500;195;

645350;0.000000;23.750000;0.021667;3.642500;196;

645482;-4.000000;23.750000;0.021667;0.021667;193;

645615;-8.000000;23.750000;0.021667;3.642500;196;

645756;-18.666626;23.750000;0.021667;3.642500;195;

645893;-17.333374;23.750000;0.021667;3.642500;196;

646037;-10.666626;23.812500;0.021667;3.642500;198;

646176;-16.000000;23.750000;0.021667;3.642500;195;

646313;-13.333374;23.812500;0.021667;3.642500;191;

646456;-5.333374;23.750000;0.021667;3.642500;191;

646593;-8.000000;23.750000;0.021667;3.642500;197;

646737;-21.333374;23.750000;0.021667;3.642500;196;

646883;-26.666626;23.812500;0.021667;3.642500;195;

647026;-29.333374;23.750000;0.021667;3.642500;196;

647163;-20.000000;23.750000;0.021667;3.642500;196;

647306;-13.333374;23.750000;0.021667;3.642500;196;

647444;-5.333374;23.750000;0.021667;3.642500;194;

647589;-21.333374;23.750000;0.021667;3.642500;194;

647726;-22.666626;23.750000;0.021667;3.642500;195;

647866;-21.333374;23.750000;3.642500;3.642500;197;

648012;-5.333374;23.750000;0.021667;3.642083;197;

648155;-10.666626;23.812500;0.021667;3.642500;193;

648298;-22.666626;23.750000;0.021667;3.642500;196;

648449;-18.666626;23.750000;0.021667;3.642500;191;

648585;-13.333374;23.750000;0.021667;3.642500;193;

648719;-13.333374;23.750000;0.021667;3.642500;193;

648866;-25.333374;23.750000;0.021667;3.642500;197;

649006;-29.333374;23.750000;0.021667;3.642500;195;

649143;-16.000000;23.750000;0.021667;3.642500;197;

649286;-16.000000;23.750000;0.021667;3.642500;195;

649423;-22.666626;23.750000;0.021667;3.642500;196;

649566;-16.000000;23.812500;0.021667;3.640417;197;

649705;-8.000000;23.750000;0.021667;3.640417;194;

649846;-18.666626;23.750000;0.021667;3.639584;192;

649983;-16.000000;23.750000;0.021667;3.637917;196;

650126;-1.333374;23.750000;0.021667;3.638334;196;

650263;1.333374;23.750000;0.021667;3.637083;196;

650407;-8.000000;23.750000;0.021667;3.637083;197;

650556;-8.000000;23.750000;0.021667;3.637083;195;

650693;0.000000;23.750000;0.021667;3.637083;193;

650835;-1.333374;23.812500;3.637083;3.637083;198;

650963;-16.000000;23.750000;0.021667;3.637083;192;

651105;-16.000000;23.750000;0.021667;3.637083;195;

651251;-1.333374;23.750000;0.021667;3.637083;196;

651399;-5.333374;23.750000;0.021667;3.637083;195;

651547;-20.000000;23.750000;0.021667;3.637083;197;

651690;-1.333374;23.750000;0.021667;3.637083;194;

651836;-5.333374;23.750000;0.021667;3.637083;193;

651973;-18.666626;23.750000;0.021667;3.637083;195;

652118;-10.666626;23.750000;0.021667;3.637083;199;

652266;-1.333374;23.750000;0.021667;3.637083;194;

652403;-17.333374;23.750000;0.021667;3.637083;197;

652548;-13.333374;23.750000;0.021667;3.637083;192;

652696;4.000000;23.750000;0.021667;3.637083;197;

652833;-1.333374;23.750000;0.021667;3.637083;198;

652976;-1.333374;23.750000;0.021667;3.637083;196;

653123;5.333374;23.750000;0.021667;3.637083;194;

653266;-1.333374;23.750000;0.021667;3.637083;195;

653404;1.333374;23.750000;0.021667;3.637083;195;

653546;8.000000;23.750000;0.021667;3.637083;194;

653683;-5.333374;23.750000;0.021667;3.637083;193;

653833;10.666626;23.750000;0.021667;3.637083;195;

653979;0.000000;23.750000;0.021667;3.637083;196;

654126;1.333374;23.750000;3.637083;3.637083;193;

654269;-1.333374;23.750000;0.021667;3.637083;193;

654409;-5.333374;23.750000;0.021667;3.637083;197;

654550;4.000000;23.750000;0.021667;3.637083;194;

654688;-8.000000;23.750000;0.021667;3.637083;194;

654833;-1.333374;23.750000;0.021667;3.637083;196;

654976;-4.000000;23.750000;0.021667;3.637083;196;

655113;-1.333374;23.750000;0.021667;3.637083;196;

655256;0.000000;23.750000;0.021667;3.637083;194;

655393;8.000000;23.750000;0.021250;3.637083;194;

655538;0.000000;23.750000;0.021667;3.637083;193;

655686;4.000000;23.750000;0.021667;3.637083;191;

655823;0.000000;23.750000;0.021667;3.637083;195;

655968;-4.000000;23.750000;0.021667;3.636667;194;

656116;-16.000000;23.750000;0.021667;3.635834;197;

656253;-18.666626;23.750000;0.021667;3.636667;196;

656396;-25.333374;23.750000;0.021667;3.635417;195;

656533;-21.333374;23.750000;0.021667;3.635000;193;

656679;-38.666626;23.750000;0.021667;3.631667;197;

656824;-38.666626;23.750000;0.021667;3.631667;199;

656969;-53.333374;23.750000;0.021667;3.631667;193;

657122;-56.000000;23.750000;0.021667;3.631667;194;

657266;-50.666626;23.750000;0.021667;3.631667;195;

657409;-50.666626;23.750000;0.021667;3.631667;195;

657540;-48.000000;23.750000;0.021667;3.631250;194;

657686;-34.666626;23.750000;0.021667;3.631667;193;

657826;-50.666626;23.750000;0.021667;3.631667;195;

657963;-36.000000;23.750000;0.021667;3.631667;197;

658106;-34.666626;23.750000;0.021667;3.631667;195;

658243;-36.000000;23.750000;0.021667;3.631667;194;

658386;-25.333374;23.750000;0.021667;3.631667;195;

658523;-25.333374;23.750000;0.021667;3.631667;195;

658667;-36.000000;23.750000;0.021667;3.631667;196;

658813;-22.666626;23.750000;0.021667;3.631667;192;

658958;-22.666626;23.750000;0.021667;3.631667;194;

659106;-30.666626;23.750000;0.021667;3.631667;195;

659243;-22.666626;23.750000;0.021667;3.631667;200;

659388;-18.666626;23.750000;0.021667;3.631667;197;

659541;-25.333374;23.750000;0.021667;3.631667;196;

659685;-17.333374;23.750000;0.021667;3.631667;196;

659828;-13.333374;23.750000;0.021667;3.631667;195;

659979;-18.666626;23.750000;0.021667;3.631667;193;

660114;-13.333374;23.750000;0.021667;3.631667;195;

660246;-8.000000;23.750000;3.631667;3.631667;196;

660378;-10.666626;23.750000;0.021667;3.631667;194;

660523;-4.000000;23.750000;0.021667;3.631667;196;

660667;1.333374;23.750000;0.021667;3.631667;194;

660816;0.000000;23.750000;0.021667;3.631667;194;

660954;1.333374;23.750000;0.021667;3.631667;192;

661096;8.000000;23.750000;0.021667;3.631667;197;

661233;1.333374;23.750000;0.021667;3.631667;197;

661377;12.000000;23.750000;0.021667;3.631667;192;

661513;17.333374;23.750000;0.021667;3.631667;195;

661656;10.666626;23.750000;0.021667;3.631667;194;

661793;10.666626;23.750000;0.021667;3.631667;196;

661936;14.666626;23.750000;0.021667;3.631667;195;

662075;10.666626;23.750000;0.021667;3.631667;193;

662216;17.333374;23.750000;0.021667;3.631667;195;

662355;14.666626;23.750000;0.021667;3.631667;196;

662498;5.333374;23.750000;0.021667;3.630000;195;

662652;10.666626;23.750000;0.021667;3.630000;194;

662793;12.000000;23.750000;0.021667;3.630834;196;

662938;10.666626;23.750000;0.021667;3.630000;196;

663085;8.000000;23.750000;0.021667;3.628333;193;

663216;8.000000;23.750000;3.627917;3.627084;193;

663345;2.666626;23.750000;0.021667;3.627917;192;

663474;8.000000;23.750000;3.626250;3.627500;196;

663606;8.000000;23.750000;0.021667;3.626250;194;

663745;4.000000;23.750000;0.021667;3.626250;194;

663886;8.000000;23.750000;0.021667;3.626250;200;

664024;10.666626;23.750000;0.021667;3.626250;195;

664166;10.666626;23.750000;0.021667;3.626250;195;

664306;10.666626;23.750000;0.021667;3.626667;195;

664444;8.000000;23.750000;0.021667;3.626250;192;

664586;10.666626;23.750000;0.021667;3.626250;195;

664725;4.000000;23.750000;0.021667;3.626250;198;

664866;4.000000;23.750000;0.021667;3.626250;199;

665003;-1.333374;23.750000;0.021667;3.626250;197;

665146;0.000000;23.750000;0.021667;3.626250;195;

665283;8.000000;23.750000;0.021667;3.626250;197;

665427;8.000000;23.750000;0.021667;3.626250;194;

665573;0.000000;23.750000;0.021667;3.626250;194;

665721;0.000000;23.750000;0.021667;3.626250;195;

665851;5.333374;23.750000;0.021667;3.626667;194;

666001;0.000000;23.750000;0.021667;3.626250;192;

666142;-2.666626;23.750000;0.021667;3.626250;193;

666274;-5.333374;23.750000;0.021667;3.626250;196;

666405;-4.000000;23.750000;3.626250;3.626250;197;

666538;-16.000000;23.750000;0.021667;3.626667;196;

666684;-25.333374;23.750000;0.021667;3.626250;197;

666830;-38.666626;23.750000;0.021667;3.626250;198;

666976;-58.666626;23.750000;0.021667;3.626250;194;

667113;-76.000000;23.750000;0.021667;3.626250;195;

667256;-90.666626;23.750000;0.021667;3.626250;194;

667394;-108.000000;23.750000;0.021667;3.626250;193;

667536;-118.666626;23.750000;0.021667;3.626250;196;

667674;-129.333374;23.750000;0.021667;3.626250;197;

667816;-138.666626;23.687500;0.021667;3.626250;200;

667953;-144.000000;23.750000;0.021667;3.626250;195;

668097;-145.333374;23.750000;0.021667;3.626250;195;

668246;-154.666626;23.750000;0.021667;3.626250;194;

668383;-153.333374;23.750000;0.021667;3.626250;195;

668526;-153.333374;23.750000;0.021667;3.626250;197;

668663;-152.000000;23.750000;0.021667;3.626667;199;

668807;-152.000000;23.750000;0.021667;3.626250;199;

668953;-153.333374;23.750000;0.021667;3.626250;195;

669100;-152.000000;23.750000;0.021667;3.625000;198;

669251;-157.333374;23.750000;0.021667;3.625000;196;

669384;-157.333374;23.750000;0.021667;3.624583;196;

669528;-153.333374;23.750000;0.021667;3.623750;195;

669674;-145.333374;23.750000;0.021667;3.620834;196;

669818;-138.666626;23.750000;0.021667;3.622500;197;

669966;-145.333374;23.750000;0.021667;3.620834;193;

670103;-152.000000;23.750000;0.021667;3.620834;195;

670246;-145.333374;23.750000;0.021667;3.620834;199;

670383;-145.333374;23.750000;0.021667;3.621250;197;

670528;-152.000000;23.750000;0.021667;3.620834;195;

670676;-154.666626;23.687500;0.021667;3.620834;196;

670813;-145.333374;23.687500;0.021667;3.620834;197;

670956;-158.666626;23.750000;0.021667;3.621250;194;

671106;-153.333374;23.750000;0.021667;3.620834;195;

671243;-154.666626;23.750000;0.021667;3.621250;198;

671386;-152.000000;23.750000;0.021667;3.620834;198;

671533;-158.666626;23.750000;0.021667;3.620834;196;

671676;-160.000000;23.750000;0.021667;3.620834;197;

671815;-154.666626;23.750000;0.021667;3.620834;197;

671959;-152.000000;23.750000;0.021667;3.620834;196;

672106;-158.666626;23.750000;3.620834;3.620834;199;

672236;-157.333374;23.750000;3.620834;3.621250;195;

672378;-152.000000;23.750000;0.021667;3.620834;198;

672529;-145.333374;23.750000;0.021667;3.620834;193;

672679;-152.000000;23.750000;0.021667;3.620834;196;

672829;-152.000000;23.687500;0.021667;3.621250;197;

672963;-160.000000;23.750000;0.021667;3.621250;197;

673111;-152.000000;23.750000;0.021667;3.620834;200;

673255;-153.333374;23.750000;0.021667;3.620834;197;

673393;-153.333374;23.750000;0.021667;3.620834;195;

673538;-153.333374;23.750000;0.021667;3.620834;196;

673683;-144.000000;23.687500;0.021667;3.620834;196;

673826;-145.333374;23.750000;0.021667;3.620834;196;

673965;-152.000000;23.750000;0.021667;3.621250;199;

674106;-152.000000;23.687500;0.021667;3.620834;195;

674248;-144.000000;23.750000;0.021667;3.620834;196;

674393;-144.000000;23.750000;0.021667;3.621250;195;

674536;-152.000000;23.687500;0.021667;3.621250;199;

674673;-145.333374;23.750000;0.021667;3.620834;199;

674816;-152.000000;23.750000;0.021667;3.620834;196;

674953;-154.666626;23.687500;0.021667;3.621250;197;

675098;-154.666626;23.750000;0.021667;3.620834;196;

675246;-152.000000;23.687500;0.021667;3.620834;199;

675381;-152.000000;23.687500;0.021667;3.621250;195;

675513;-153.333374;23.750000;0.021667;3.620834;195;

675643;-153.333374;23.687500;0.021667;3.621250;197;

675773;-154.666626;23.750000;0.021667;3.620834;196;

675904;-150.666626;23.750000;0.021667;3.620834;197;

676059;-152.000000;23.687500;0.021667;3.620417;192;

676212;-145.333374;23.750000;0.021667;3.620834;198;

676346;-145.333374;23.750000;0.021667;3.617500;197;

676489;-145.333374;23.750000;0.021667;3.619167;194;

676637;-145.333374;23.687500;0.021667;3.620417;194;

676783;-145.333374;23.687500;0.021667;3.615834;196;

676928;-144.000000;23.750000;0.021667;3.616250;197;

677076;-140.000000;23.687500;0.021667;3.615417;197;

677213;-140.000000;23.687500;0.021667;3.615417;192;

677357;-137.333374;23.687500;0.021667;3.615417;194;

677493;-138.666626;23.687500;0.021667;3.615834;197;

677636;-152.000000;23.750000;0.021667;3.615834;194;

677773;-137.333374;23.687500;0.021667;3.615834;196;

677916;-142.666626;23.750000;0.021667;3.615417;195;

678054;-144.000000;23.687500;0.021667;3.615417;195;

678196;-144.000000;23.687500;0.021667;3.615417;196;

678335;-142.666626;23.687500;0.021667;3.615417;197;

678476;-153.333374;23.687500;0.021667;3.615417;198;

678615;-145.333374;23.687500;3.615417;3.615417;197;

678749;-149.333374;23.687500;0.021667;3.615417;198;

678887;-144.000000;23.687500;0.021667;3.615417;196;

679030;-144.000000;23.750000;0.021667;3.615834;194;

679166;-145.333374;23.687500;0.021667;3.615417;196;

679296;-142.666626;23.687500;3.615417;3.615834;195;

679425;-153.333374;23.687500;0.021667;3.615834;198;

679555;-150.666626;23.750000;0.021667;3.615834;198;

679706;-152.000000;23.687500;0.021667;3.615417;196;

679843;-144.000000;23.687500;0.021667;3.615417;197;

679986;-152.000000;23.687500;0.021667;3.615417;194;

680123;-144.000000;23.750000;0.021667;3.615834;194;

680266;-145.333374;23.687500;0.021667;3.615834;198;

680405;-144.000000;23.687500;0.021667;3.615417;196;

680546;-144.000000;23.687500;0.021667;3.615834;196;

680686;-152.000000;23.750000;0.021667;3.615417;196;

680824;-145.333374;23.687500;0.021667;3.615417;195;

680966;-142.666626;23.687500;0.021667;3.615417;196;

681103;-142.666626;23.687500;0.021667;3.615417;194;

681246;-145.333374;23.687500;0.021667;3.615417;196;

681383;-152.000000;23.687500;0.021667;3.615417;198;

681527;-152.000000;23.687500;0.021667;3.615417;197;

681674;-142.666626;23.687500;0.021667;3.615834;196;

681818;-142.666626;23.687500;0.021667;3.615834;196;

681954;-140.000000;23.687500;0.021667;3.615417;194;

682088;-140.000000;23.750000;0.021667;3.615417;198;

682231;-142.666626;23.687500;0.021667;3.615417;194;

682376;-142.666626;23.687500;0.021667;3.613750;197;

682528;-145.333374;23.687500;0.021667;3.614167;195;

682671;-144.000000;23.687500;0.021667;3.615000;195;

682811;-145.333374;23.687500;0.021667;3.611667;192;

682956;-145.333374;23.687500;0.021667;3.611667;196;

683095;-154.666626;23.687500;0.021667;3.610833;195;

683236;-150.666626;23.687500;0.021667;3.610833;195;

683373;-153.333374;23.687500;0.021667;3.610417;197;

683517;-153.333374;23.687500;0.021667;3.610833;195;

683663;-152.000000;23.687500;0.021667;3.610000;193;

683806;-153.333374;23.687500;0.021667;3.610000;196;

683946;-153.333374;23.687500;0.021667;3.610417;195;

684083;-140.000000;23.687500;0.021667;3.610000;195;

684226;-142.666626;23.687500;0.021667;3.610417;196;

684363;-136.000000;23.687500;0.021667;3.610000;195;

684506;-137.333374;23.687500;0.021667;3.610000;196;

684643;-136.000000;23.687500;0.021667;3.610417;198;

684786;-134.666626;23.687500;0.021667;3.610000;197;

684924;-129.333374;23.687500;0.021667;3.610000;195;

685068;-125.333374;23.687500;0.021667;0.021667;199;

685213;-128.000000;23.687500;0.021667;3.610417;196;

685358;-136.000000;23.687500;0.021667;3.610000;195;

685508;-142.666626;23.687500;0.021667;3.610000;197;

685654;-137.333374;23.687500;0.021667;3.610000;198;

685797;-140.000000;23.687500;0.021667;3.610417;196;

685949;-136.000000;23.687500;0.021667;3.610000;194;

686083;-140.000000;23.687500;0.021667;3.610000;195;

686227;-152.000000;23.687500;0.021667;3.610417;196;

686363;-152.000000;23.687500;0.021667;3.610000;192;

686508;-142.666626;23.687500;0.021667;3.610000;197;

686656;-142.666626;23.687500;0.021667;3.610417;197;

686793;-142.666626;23.687500;0.021667;3.610000;197;

686937;-136.000000;23.687500;0.021667;3.610417;193;

687073;-136.000000;23.687500;0.021667;3.610417;198;

687218;-136.000000;23.687500;0.021250;3.610417;195;

687366;-125.333374;23.687500;0.021667;3.610000;196;

687503;-128.000000;23.687500;0.021667;3.610000;198;

687646;-125.333374;23.687500;0.021667;3.610000;195;

687784;-118.666626;23.687500;0.021667;3.610000;197;

687926;-118.666626;23.687500;0.021667;3.610000;194;

688067;-118.666626;23.687500;0.021667;3.610000;198;

688217;-93.333374;23.687500;0.021667;3.610000;194;

688354;-60.000000;23.687500;0.021250;3.610000;196;

688496;-60.000000;23.687500;0.021667;3.610000;193;

688649;-25.333374;23.687500;0.053750;3.611250;188;

688786;-13.333374;23.687500;0.131250;3.610417;179;

688913;17.333374;23.687500;0.207500;3.635834;172;

689052;36.000000;23.687500;0.191250;3.618750;160;

689184;49.333252;23.687500;0.069583;3.614583;150;

689326;78.666748;23.687500;0.175417;3.619583;140;

689476;102.666748;23.687500;0.167917;3.619167;132;

689613;113.333252;23.687500;0.149167;3.616250;120;

689758;121.333252;23.687500;0.125833;3.617917;114;

689903;136.000000;23.687500;0.188750;3.634167;103;

690046;142.666748;23.687500;0.179167;3.622917;91;

690183;150.666748;23.687500;0.545417;3.985000;93;

690327;154.666748;23.687500;0.832917;4.060000;92;

690466;153.333252;23.687500;0.152500;3.630000;95;

690605;153.333252;23.687500;0.082500;3.613334;92;

690746;161.333252;23.687500;0.139167;3.612917;94;

690884;160.000000;23.687500;0.139583;3.632500;95;

691028;165.333252;23.687500;0.137917;3.631250;96;

691173;156.000000;23.687500;0.068750;3.611250;97;

691320;166.666748;23.687500;0.109583;3.621250;93;

691471;165.333252;23.687500;0.087917;3.621250;94;

691614;165.333252;23.687500;0.125000;3.622500;95;

691761;166.666748;23.687500;0.089167;3.604584;97;

691909;165.333252;23.687500;0.063750;3.613750;95;

692052;166.666748;23.687500;0.148750;3.628333;99;

692191;166.666748;23.687500;0.064583;3.613750;101;

692326;166.666748;23.687500;3.631250;3.605417;100;

692464;172.000000;23.687500;0.062917;3.616250;102;

692607;172.000000;23.687500;0.075417;3.613750;105;

692756;176.000000;23.687500;0.080833;3.615417;107;

692898;169.333252;23.687500;0.087917;3.605000;106;

693043;172.000000;23.687500;0.085417;3.605000;111;

693190;165.333252;23.687500;0.074167;3.605000;116;

693338;170.666748;23.687500;0.066667;3.606667;120;

693484;176.000000;23.687500;0.115417;3.605000;124;

693626;169.333252;23.687500;0.085417;3.616667;130;

693775;172.000000;23.687500;0.101250;3.607500;138;

693903;169.333252;23.687500;0.123750;3.611667;145;

694046;166.666748;23.687500;0.076250;3.605000;153;

694183;165.333252;23.687500;0.101667;3.604584;162;

694335;161.333252;23.687500;3.604584;3.605417;177;

694473;161.333252;23.687500;0.130833;3.610000;183;

694616;161.333252;23.687500;0.062500;3.605000;198;

694752;156.000000;23.687500;0.119583;3.610000;206;

694884;140.000000;23.687500;0.135417;3.432500;216;

695024;146.666748;23.687500;0.540000;3.723750;231;

695182;138.666748;23.687500;0.837083;3.519167;224;

695314;165.333252;23.687500;0.795833;3.440000;216;

695450;201.333252;23.687500;0.802500;3.427500;204;

695585;225.333252;23.687500;3.422084;3.421250;198;

695729;260.000000;23.687500;0.903750;3.426250;190;

695865;286.666748;23.687500;0.967500;3.415417;184;

696010;340.000000;23.687500;0.968333;3.415833;173;

696156;406.666748;23.687500;1.010417;3.413334;164;

696293;460.000000;23.687500;0.991250;3.411250;156;

696438;498.666748;23.687500;1.046667;3.423750;147;

696583;520.000000;23.687500;1.035417;3.412917;139;

696726;520.000000;23.750000;1.021250;3.410834;131;

696864;514.666748;23.687500;1.005833;3.410417;125;

697006;370.666748;23.687500;0.953750;3.412083;114;

697147;306.666748;23.687500;0.817083;3.413334;102;

697293;186.666748;23.687500;0.702083;3.410417;93;

697438;170.666748;23.687500;0.707917;3.559167;91;

697586;173.333252;23.687500;0.954167;3.706667;95;

697723;166.666748;23.687500;0.390833;3.422084;93;

697866;169.333252;23.687500;0.273333;3.427917;93;

698005;173.333252;23.687500;0.119583;0.118333;95;

698149;169.333252;23.687500;0.038333;3.420417;95;

698286;169.333252;23.687500;0.051667;3.416667;95;

698429;169.333252;23.687500;0.022917;0.021667;95;

698576;161.333252;23.687500;0.021667;3.416667;92;

698726;166.666748;23.687500;0.021667;3.416250;92;

698856;169.333252;23.687500;0.021667;3.416667;95;

698992;170.666748;23.687500;0.137500;3.432917;92;

699129;169.333252;23.687500;0.121250;3.416250;95;

699279;170.666748;23.687500;0.099583;3.426250;95;

699430;166.666748;23.750000;0.102917;3.431667;94;

699580;172.000000;23.750000;0.123333;3.430000;98;

699723;165.333252;23.687500;0.073750;3.422084;95;

699868;169.333252;23.687500;0.057083;3.430834;99;

700018;166.666748;23.687500;0.133750;3.437917;98;

700159;165.333252;23.687500;0.082083;3.427083;96;

700312;169.333252;23.687500;0.104583;3.421667;99;

700446;169.333252;23.687500;0.098333;3.432500;100;

700584;169.333252;23.750000;0.112917;3.427917;101;

700728;169.333252;23.750000;0.115833;3.422500;104;

700875;166.666748;23.687500;0.115000;3.422500;103;

701026;166.666748;23.750000;0.099583;3.435000;103;

701166;169.333252;23.687500;0.082500;3.428334;105;

701305;166.666748;23.687500;0.114583;3.428334;108;

701446;166.666748;23.687500;0.065000;0.058333;116;

701589;165.333252;23.750000;0.117083;3.430417;115;

701739;166.666748;23.687500;0.095417;3.422917;120;

701874;161.333252;23.750000;0.084583;3.422084;125;

702019;157.333252;23.750000;0.109167;3.423750;133;

702168;166.666748;23.750000;0.075833;3.421667;142;

702316;161.333252;23.750000;0.070833;3.422084;153;

702469;161.333252;23.750000;0.120000;3.421667;164;

702613;161.333252;23.750000;0.119167;3.424584;175;

702756;150.666748;23.750000;0.102500;3.427083;186;

702893;157.333252;23.750000;0.098750;3.421250;195;

703037;150.666748;23.750000;0.092083;3.250834;208;

703183;154.666748;23.750000;0.409583;3.305000;214;

703326;150.666748;23.750000;0.781667;3.531667;218;

703466;154.666748;23.750000;0.725417;3.258333;207;

703606;173.333252;23.750000;0.804167;3.252917;202;

703747;190.666748;23.750000;0.843333;3.247500;189;

703893;218.666748;23.750000;0.898750;3.242500;184;

704038;225.333252;23.750000;0.927500;3.243750;174;

704186;242.666748;23.750000;0.995833;3.237083;166;

704323;260.000000;23.750000;0.977083;3.236667;158;

704467;297.333252;23.750000;1.019583;3.238750;151;

704603;345.333252;23.750000;0.996250;3.240417;140;

704759;412.000000;23.750000;1.037917;3.239167;133;

704896;450.666748;23.750000;1.008333;3.242500;126;

705049;358.666748;23.750000;1.018333;3.235833;114;

705194;330.666748;23.750000;0.884583;3.236667;108;

705340;260.000000;23.750000;0.772083;3.238750;95;

705484;172.000000;23.750000;0.669583;3.334583;90;

705617;172.000000;23.750000;0.921667;3.373334;94;

705766;169.333252;23.750000;0.890417;3.245000;92;

705906;172.000000;23.750000;0.355000;3.238333;97;

706043;169.333252;23.750000;0.185833;3.242500;95;

706186;169.333252;23.750000;0.097500;3.249583;93;

706336;169.333252;23.750000;0.025417;3.242083;95;

706473;169.333252;23.750000;0.024583;3.242500;95;

706617;165.333252;23.750000;0.021250;3.242500;94;

706763;169.333252;23.750000;0.021667;3.242083;96;

706908;172.000000;23.812500;0.021250;3.242083;93;

707056;169.333252;23.812500;0.115000;3.253750;97;

707193;166.666748;23.750000;0.055417;3.256250;95;

707344;166.666748;23.812500;0.089167;3.260000;93;

707486;170.666748;23.750000;0.076667;3.254167;97;

707623;166.666748;23.812500;0.087917;3.242500;94;

707767;169.333252;23.812500;0.055833;3.255834;96;

707905;172.000000;23.812500;3.252084;3.253750;95;

708035;169.333252;23.812500;0.041250;3.255000;94;

708189;169.333252;23.812500;0.130000;3.242083;98;

708327;170.666748;23.812500;0.107917;3.252500;98;

708476;169.333252;23.812500;3.254167;3.253750;99;

708618;172.000000;23.812500;0.042083;3.243334;99;

708753;172.000000;23.812500;3.255834;3.251667;100;

708904;169.333252;23.812500;0.085000;3.256667;99;

709044;169.333252;23.812500;0.121667;3.256667;102;

709183;172.000000;23.812500;0.035000;3.247500;104;

709332;170.666748;23.812500;0.100833;3.250000;107;

709465;169.333252;23.812500;0.041667;3.257500;111;

709606;170.666748;23.812500;0.117500;3.247917;111;

709743;166.666748;23.812500;0.058750;3.258750;111;

709886;169.333252;23.812500;0.090000;3.248334;117;

710022;173.333252;23.812500;0.096250;3.250834;117;

710173;169.333252;23.812500;0.105417;3.247917;121;

710316;169.333252;23.812500;0.041250;3.254583;125;

710453;176.000000;23.812500;0.117500;3.247917;128;

710596;173.333252;23.812500;0.041250;3.245833;136;

710736;169.333252;23.812500;0.087917;3.247500;143;

710876;169.333252;23.812500;0.085417;3.247500;151;

711015;166.666748;23.812500;0.088333;3.246667;162;

711158;166.666748;23.812500;0.091250;3.247500;172;

711308;166.666748;23.875000;0.032083;3.247500;185;

711450;166.666748;23.875000;0.082917;3.248750;197;

711599;157.333252;23.875000;0.043750;3.253750;208;

711744;154.666748;23.875000;0.384583;3.343750;219;

711879;154.666748;23.875000;0.979167;3.410417;213;

712013;154.666748;23.875000;3.128333;3.140417;209;

712159;165.333252;23.875000;0.774167;3.100834;201;

712294;173.333252;23.875000;0.793750;3.097083;192;

712439;182.666748;23.875000;0.899167;3.089583;185;

712586;190.666748;23.875000;0.912083;3.092917;175;

712723;190.666748;23.875000;0.957500;3.097917;168;

712866;190.666748;23.875000;0.990000;3.102917;157;

713003;180.000000;23.875000;1.002083;3.115833;148;

713146;157.333252;23.875000;1.006250;3.124167;141;

713283;148.000000;23.875000;1.017500;3.128333;134;

713426;140.000000;23.875000;1.031250;3.139167;126;

713565;126.666748;23.875000;1.242083;3.273750;119;

713706;105.333252;23.875000;0.978333;3.158750;119;

713847;98.666748;23.875000;0.843333;3.151667;121;

713993;73.333252;23.875000;0.735833;3.154167;122;

714136;50.666748;23.875000;0.632917;3.173333;121;

714273;34.666626;23.875000;0.549583;3.167084;122;

714416;14.666626;23.875000;0.433333;3.175417;120;

714553;-10.666626;23.875000;0.308750;3.178333;120;

714696;-16.000000;23.875000;0.148750;3.188334;122;

714823;-29.333374;23.875000;0.067500;3.194584;122;

714968;-32.000000;23.875000;0.035000;3.200000;123;

