Time;Load cell reading [N];Temperature [C];Pressure sensor 1 [bar];Pressure sensor 2 [bar];Distance [mm];

483048;-21.333374;26.250000;0.021667;3.349584;96;

483201;-18.666626;26.187500;0.021667;3.349584;96;

483343;-18.666626;26.250000;0.021667;3.349584;95;

483485;-20.000000;26.187500;0.021667;3.349584;100;

483625;-20.000000;26.187500;0.021667;3.349584;95;

483763;-21.333374;26.250000;0.021667;3.349584;96;

483905;-18.666626;26.187500;0.021667;3.349584;96;

484043;-20.000000;26.187500;0.021667;3.349584;97;

484185;-20.000000;26.187500;0.021667;3.349584;97;

484323;-21.333374;26.250000;0.021667;3.349584;95;

484465;-20.000000;26.250000;0.021667;3.349584;100;

484603;-20.000000;26.187500;0.021667;3.349584;99;

484746;-20.000000;26.187500;0.021667;3.349584;99;

484883;-17.333374;26.250000;0.021667;3.349584;98;

485025;-17.333374;26.187500;0.021667;3.349584;99;

485163;-22.666626;26.187500;0.021667;3.349584;97;

485305;-18.666626;26.187500;0.021667;3.349167;95;

485445;-21.333374;26.187500;0.021667;3.348750;100;

485575;-21.333374;26.250000;0.021667;3.349584;98;

485719;-18.666626;26.187500;0.021667;3.347083;97;

485858;-21.333374;26.250000;0.021667;3.349584;97;

486002;-22.666626;26.250000;0.021667;3.344167;99;

486153;-18.666626;26.250000;0.021667;3.344584;97;

486294;-21.333374;26.187500;0.021667;3.344167;99;

486431;-17.333374;26.250000;0.021667;3.344584;98;

486560;-20.000000;26.250000;0.021667;3.344167;98;

486701;-18.666626;26.187500;0.021667;3.344584;97;

486839;-20.000000;26.187500;0.021667;3.344167;96;

486988;-17.333374;26.187500;0.021667;3.344584;100;

487136;-21.333374;26.250000;0.021667;3.344167;98;

487279;-17.333374;26.187500;0.021667;3.344167;99;

487428;-22.666626;26.187500;0.021667;3.344584;97;

487577;-21.333374;26.187500;0.021667;3.344167;96;

487726;-21.333374;26.250000;0.021667;3.344167;99;

487866;-18.666626;26.250000;0.021667;3.344167;99;

488005;-22.666626;26.187500;0.021667;3.344584;95;

488143;-21.333374;26.187500;0.021667;3.344584;99;

488288;-20.000000;26.187500;0.021667;3.344584;98;

488433;-18.666626;26.250000;0.021667;3.344167;100;

488575;-18.666626;26.250000;0.021667;3.344584;99;

488713;-18.666626;26.187500;0.021667;3.344167;99;

488848;-22.666626;26.187500;0.021667;3.344167;100;

488989;-20.000000;26.250000;0.021667;3.344167;101;

489139;-20.000000;26.250000;0.021667;3.344167;100;

489276;-18.666626;26.187500;3.344584;3.344167;97;

489416;-18.666626;26.250000;0.021667;3.344167;99;

489565;-21.333374;26.250000;0.021667;3.344167;99;

489703;-21.333374;26.187500;0.021667;3.344167;101;

489849;-18.666626;26.250000;0.021667;3.344167;97;

489981;-21.333374;26.187500;0.021667;3.344167;99;

490126;-17.333374;26.187500;0.021667;0.021667;99;

490254;-17.333374;26.250000;0.021667;3.344167;97;

490398;-17.333374;26.250000;0.021667;3.344584;100;

490542;-17.333374;26.187500;0.021667;0.021667;97;

490685;-21.333374;26.250000;0.021667;3.344167;97;

490831;-21.333374;26.187500;0.021667;3.344167;98;

490974;-20.000000;26.250000;0.021667;3.344167;97;

491119;-17.333374;26.187500;0.021667;3.344167;100;

491256;-17.333374;26.250000;0.021667;3.344167;98;

491396;-21.333374;26.250000;0.021667;3.344167;99;

491533;-18.666626;26.250000;0.021667;3.344167;96;

491679;-20.000000;26.250000;0.021667;3.338750;96;

491826;-18.666626;26.250000;0.021667;3.339167;99;

491952;-18.666626;26.187500;0.021667;3.344167;99;

492096;-18.666626;26.187500;0.021667;3.344167;98;

492226;-18.666626;26.250000;0.021667;3.344167;99;

492363;-25.333374;26.250000;0.021667;3.344167;97;

492505;-18.666626;26.250000;0.021667;3.344167;97;

492643;-20.000000;26.250000;0.021667;3.342500;96;

492769;-22.666626;26.250000;0.021667;3.342917;99;

492908;-30.666626;26.250000;0.021667;3.344167;100;

493054;-18.666626;26.187500;0.021667;3.342500;98;

493196;-20.000000;26.250000;0.021667;3.341250;102;

493347;-18.666626;26.250000;0.021667;3.339167;99;

493482;-22.666626;26.250000;0.021667;3.339167;100;

493633;-18.666626;26.187500;0.021667;3.339167;96;

493776;-17.333374;26.250000;0.021667;3.339167;100;

493919;-17.333374;26.187500;0.021667;3.338750;100;

494056;-18.666626;26.187500;0.021667;3.339167;97;

494197;-20.000000;26.250000;0.021667;3.339167;98;

494349;-17.333374;26.187500;0.021667;3.339167;98;

494499;-16.000000;26.187500;0.021667;3.338750;96;

494645;-25.333374;26.187500;0.021667;3.338750;96;

494789;-18.666626;26.250000;0.021667;3.338750;98;

494933;-18.666626;26.250000;0.021667;3.338750;97;

495073;-20.000000;26.187500;0.021667;3.338750;100;

495205;-17.333374;26.250000;0.021667;3.338750;98;

495347;-20.000000;26.187500;0.021667;3.339167;98;

495496;-21.333374;26.250000;0.021667;3.338750;96;

495629;-20.000000;26.187500;0.021667;3.338750;98;

495777;-18.666626;26.187500;0.021667;3.339167;96;

495926;-17.333374;26.250000;0.021667;3.339167;98;

496063;-20.000000;26.187500;0.021667;3.338750;100;

496206;-21.333374;26.250000;0.021667;3.338750;100;

496343;-17.333374;26.250000;0.021667;0.021667;98;

496473;-20.000000;26.250000;3.339167;3.338750;98;

496616;-21.333374;26.250000;0.021667;3.338750;96;

496755;-18.666626;26.187500;0.021667;3.338750;99;

496893;-22.666626;26.250000;0.021667;3.339167;97;

497039;-17.333374;26.250000;0.021667;3.339167;97;

497181;-21.333374;26.250000;0.021667;3.338750;98;

497331;-18.666626;26.250000;0.021667;3.339167;99;

497466;-21.333374;26.250000;0.021667;3.339167;101;

497607;-18.666626;26.250000;0.021667;3.338750;97;

497756;-20.000000;26.187500;0.021667;3.339167;99;

497889;-17.333374;26.250000;0.021667;3.338750;97;

498022;-17.333374;26.250000;0.021667;3.338750;98;

498152;-22.666626;26.250000;0.021667;3.339167;97;

498284;-18.666626;26.187500;0.021667;3.338750;100;

498419;-18.666626;26.187500;0.021667;3.339167;96;

498553;-20.000000;26.250000;0.021667;3.338750;101;

498681;-17.333374;26.187500;0.021667;3.338750;96;

498829;-22.666626;26.250000;0.021667;3.339167;97;

498973;-20.000000;26.187500;0.021667;3.339167;98;

499109;-22.666626;26.250000;0.021667;3.338750;94;

499254;-21.333374;26.250000;0.021667;3.338750;99;

499396;-17.333374;26.250000;0.021667;3.338750;99;

499547;-17.333374;26.250000;0.021667;3.338750;95;

499695;-18.666626;26.250000;0.021667;3.339167;97;

499833;-17.333374;26.187500;0.021667;3.338750;98;

499976;-18.666626;26.250000;0.021667;3.339167;98;

500119;-18.666626;26.250000;0.021667;3.339167;97;

500249;-22.666626;26.187500;0.021667;3.338750;100;

500401;-18.666626;26.187500;0.021667;3.339167;99;

500546;-16.000000;26.187500;0.021667;3.339167;98;

500686;-18.666626;26.250000;0.021667;3.338750;98;

500825;-17.333374;26.187500;0.021667;3.339167;97;

500963;-25.333374;26.250000;0.021667;3.339167;99;

501110;-18.666626;26.250000;0.021667;3.338750;98;

501256;-18.666626;26.250000;0.021667;3.338750;97;

501396;-20.000000;26.187500;0.021667;3.338750;99;

501533;-22.666626;26.187500;3.339167;3.338750;97;

501663;-20.000000;26.250000;0.021667;3.338750;98;

501803;-17.333374;26.187500;0.021667;3.338750;97;

501935;-18.666626;26.250000;0.021667;3.338333;98;

502067;-17.333374;26.250000;0.021667;3.338333;97;

502218;-17.333374;26.187500;0.021667;3.337084;97;

502368;-22.666626;26.187500;0.021667;3.335417;97;

502516;-17.333374;26.187500;0.021667;3.335417;97;

502665;-18.666626;26.187500;0.021667;3.333750;97;

502808;-22.666626;26.250000;0.021667;3.333750;97;

502952;-20.000000;26.250000;0.021667;3.333750;96;

503104;-18.666626;26.187500;3.333750;3.333333;97;

503235;-18.666626;26.187500;0.021667;3.333750;97;

503387;-20.000000;26.187500;0.022083;3.333750;97;

503537;-21.333374;26.250000;0.021667;3.333750;98;

503686;-21.333374;26.250000;0.021667;3.333750;97;

503825;-22.666626;26.187500;3.333750;3.333750;97;

503972;-22.666626;26.187500;0.021667;3.333750;97;

504102;-18.666626;26.250000;0.021667;3.333750;96;

504242;-17.333374;26.250000;0.021667;3.333750;99;

504373;-18.666626;26.250000;0.021667;3.333750;99;

504516;-17.333374;26.250000;0.021667;3.333750;100;

504663;-16.000000;26.187500;0.021667;3.333750;98;

504806;-16.000000;26.187500;0.021667;3.333333;100;

504946;-18.666626;26.250000;0.021667;3.333750;98;

505083;-20.000000;26.187500;0.021667;3.333750;98;

505227;-18.666626;26.250000;0.021667;3.333750;99;

505373;-21.333374;26.187500;0.021667;3.333750;99;

505516;-18.666626;26.250000;0.021667;3.333750;98;

505655;-18.666626;26.250000;0.021667;3.333750;97;

505796;-18.666626;26.250000;0.021667;3.333750;97;

505933;-18.666626;26.187500;0.021667;3.333750;100;

506077;-20.000000;26.250000;0.021667;3.333333;99;

506226;-20.000000;26.250000;0.021667;3.333750;98;

506363;-20.000000;26.187500;0.021667;3.333333;100;

506492;-17.333374;26.187500;0.021667;3.333333;97;

506633;-21.333374;26.187500;0.021667;3.333750;98;

506763;-22.666626;26.250000;0.021667;3.333750;100;

506906;-21.333374;26.250000;3.333750;3.333750;98;

507033;-21.333374;26.187500;0.021667;3.333333;98;

507176;-18.666626;26.250000;3.333333;3.333333;98;

507316;-21.333374;26.187500;0.021667;3.333750;101;

507444;-18.666626;26.187500;0.021667;3.333750;98;

507580;-26.666626;26.250000;0.021667;3.333750;97;

507714;-17.333374;26.250000;3.333750;3.333750;98;

507858;-17.333374;26.250000;0.021667;3.333750;98;

507992;-17.333374;26.250000;0.021667;0.021667;99;

508123;-21.333374;26.250000;0.021667;3.328334;99;

508266;-17.333374;26.250000;0.021667;3.328334;100;

508406;-17.333374;26.250000;0.021667;3.328334;98;

508545;-20.000000;26.187500;0.021667;3.333750;101;

508686;-17.333374;26.187500;0.021667;3.333750;98;

508825;-17.333374;26.187500;0.021667;3.333750;99;

508965;-18.666626;26.250000;0.021667;3.333750;96;

509103;-16.000000;26.250000;0.021667;3.333333;98;

509246;-17.333374;26.250000;0.021667;3.331667;99;

509383;-20.000000;26.250000;0.021667;3.328334;98;

509528;-20.000000;26.250000;0.021667;3.328334;98;

509673;-17.333374;26.250000;0.021667;3.328334;99;

509816;-18.666626;26.187500;0.021667;3.328334;97;

509954;-20.000000;26.187500;0.021667;3.328334;99;

510095;-21.333374;26.187500;0.022083;3.328334;98;

510232;-18.666626;26.187500;0.021667;3.328334;100;

510379;-20.000000;26.250000;0.021667;3.328334;100;

510528;-22.666626;26.187500;0.021667;3.328334;96;

510678;-21.333374;26.187500;0.021667;3.328334;98;

510825;-22.666626;26.250000;0.021667;3.328334;96;

510976;-20.000000;26.250000;3.328334;3.328334;95;

511106;-22.666626;26.250000;0.021667;3.328334;98;

511257;-18.666626;26.250000;0.021667;3.328334;99;

511401;-20.000000;26.187500;0.021667;3.328334;99;

511535;-21.333374;26.250000;0.021667;3.328334;97;

511676;-17.333374;26.187500;0.021667;3.328334;99;

511815;-18.666626;26.250000;0.021667;3.328334;101;

511955;-21.333374;26.250000;0.021667;3.328334;97;

512095;-18.666626;26.250000;0.021667;3.328334;98;

512236;-16.000000;26.187500;0.021667;3.328334;99;

512374;-21.333374;26.250000;0.021667;3.327917;100;

512516;-22.666626;26.187500;0.021667;3.328334;97;

512653;-21.333374;26.187500;0.021667;3.328334;98;

512797;-17.333374;26.250000;0.021667;3.328334;96;

512946;-21.333374;26.250000;0.021667;3.328334;97;

513083;-21.333374;26.250000;0.021667;3.328334;98;

513227;-21.333374;26.250000;0.021667;3.328334;98;

513373;-20.000000;26.250000;0.021667;3.328334;100;

513517;-18.666626;26.250000;0.021667;3.328334;100;

513659;-20.000000;26.187500;0.021667;3.328334;98;

513807;-18.666626;26.250000;0.021667;3.328334;96;

513956;-20.000000;26.250000;3.328334;3.328334;97;

514094;-21.333374;26.250000;3.328334;3.328334;96;

514234;-17.333374;26.187500;0.021667;3.328334;98;

514374;-20.000000;26.250000;0.021667;3.328334;98;

514508;-17.333374;26.187500;0.021667;3.328334;99;

514656;-18.666626;26.250000;0.021667;3.328334;98;

514793;-17.333374;26.250000;0.021667;3.328334;97;

514925;-20.000000;26.250000;0.021667;3.328334;99;

515066;-18.666626;26.187500;0.021667;3.328334;98;

515205;-18.666626;26.187500;0.021667;3.328334;100;

515346;-20.000000;26.187500;0.021667;3.328334;98;

515485;-20.000000;26.187500;0.021667;3.328334;99;

515626;-17.333374;26.250000;0.021667;3.328334;97;

515766;-20.000000;26.250000;0.021667;3.327500;99;

515903;-20.000000;26.250000;0.021667;3.327500;99;

516046;-18.666626;26.187500;0.021667;3.328334;99;

516183;-20.000000;26.250000;0.021667;3.328334;100;

516326;-20.000000;26.250000;0.021667;3.328334;98;

516463;-18.666626;26.250000;0.021667;3.328334;99;

516606;-21.333374;26.250000;0.021667;3.328334;98;

516743;-21.333374;26.187500;0.021667;3.328334;96;

516888;-16.000000;26.250000;0.021667;3.328334;99;

517034;-16.000000;26.250000;0.021667;3.328334;100;

517180;-17.333374;26.187500;0.021667;3.328334;96;

517331;-22.666626;26.250000;0.021667;3.328334;98;

517459;-22.666626;26.250000;0.021667;3.328334;98;

517593;-16.000000;26.187500;0.021667;3.328334;99;

517722;-18.666626;26.250000;0.021667;3.328334;96;

517853;-22.666626;26.250000;3.327917;3.328334;100;

517984;-21.333374;26.187500;0.021667;3.328334;96;

518116;-21.333374;26.250000;0.021667;3.328334;99;

518256;-21.333374;26.187500;3.328334;3.328334;99;

518384;-20.000000;26.250000;0.021667;3.327917;99;

518526;-21.333374;26.187500;0.021667;3.325834;98;

518663;-21.333374;26.250000;0.021667;3.328334;100;

518806;-18.666626;26.250000;0.021667;3.325000;97;

518943;-16.000000;26.250000;0.021667;3.326250;96;

519088;-17.333374;26.187500;0.021667;3.324167;97;

519236;-16.000000;26.250000;0.021667;3.322917;98;

519373;-21.333374;26.250000;0.021667;3.322917;101;

519517;-18.666626;26.250000;0.021667;3.323750;97;

519665;-17.333374;26.250000;0.021667;3.322917;99;

519803;-21.333374;26.250000;0.021667;3.322917;97;

519946;-16.000000;26.250000;0.021667;3.322917;96;

520093;-21.333374;26.250000;0.021667;3.322917;99;

520236;-18.666626;26.250000;0.022083;3.322917;98;

520371;-17.333374;26.250000;0.021667;3.322917;97;

520516;-18.666626;26.187500;0.021667;3.322917;97;

520653;-22.666626;26.250000;3.322917;3.322917;100;

520790;-18.666626;26.187500;0.021667;3.322917;97;

520933;-18.666626;26.250000;0.021667;3.322917;98;

521069;-22.666626;26.250000;0.021667;3.322917;97;

521206;-20.000000;26.250000;0.021667;3.322917;97;

521347;-21.333374;26.187500;0.021667;3.322917;96;

521493;-20.000000;26.250000;0.021667;3.322917;99;

521630;-22.666626;26.250000;0.021667;3.322917;97;

521775;-18.666626;26.250000;0.021667;0.021667;95;

521914;-21.333374;26.187500;0.021667;3.322917;97;

522045;-21.333374;26.187500;0.021667;3.322917;95;

522187;-20.000000;26.250000;0.021667;3.322917;96;

522335;-17.333374;26.250000;0.021667;3.322917;99;

522473;-18.666626;26.250000;0.021667;3.322917;97;

522616;-20.000000;26.250000;0.021667;3.322917;99;

522753;-20.000000;26.187500;0.021667;3.322917;98;

522897;-18.666626;26.250000;0.021667;3.322917;99;

523046;-21.333374;26.250000;0.021667;3.322917;98;

523183;-17.333374;26.187500;0.021667;3.322917;97;

523327;-21.333374;26.250000;0.021667;3.322917;98;

523473;-21.333374;26.250000;0.021667;3.322917;95;

523616;-20.000000;26.250000;0.021667;3.322917;95;

523754;-17.333374;26.250000;0.021667;3.322917;98;

523896;-20.000000;26.250000;0.021667;3.318333;97;

524033;-21.333374;26.250000;0.021667;0.021667;99;

524181;-17.333374;26.250000;0.021667;3.322917;99;

524325;-17.333374;26.250000;0.021667;3.318333;98;

524458;-21.333374;26.250000;0.021667;3.317500;99;

524608;-22.666626;26.187500;0.021667;3.322917;98;

524755;-17.333374;26.250000;0.021667;3.322500;98;

524896;-18.666626;26.250000;0.021667;3.322917;97;

525046;-17.333374;26.187500;0.021667;3.322917;98;

525189;-20.000000;26.250000;0.021667;3.322917;99;

525325;-20.000000;26.250000;0.021667;3.322917;96;

525455;-22.666626;26.250000;0.021667;3.322083;98;

525595;-18.666626;26.250000;0.021667;3.322917;98;

525733;-22.666626;26.250000;0.021667;3.321250;99;

525877;-20.000000;26.250000;0.021667;3.322083;97;

526023;-20.000000;26.250000;0.021667;3.321250;99;

526165;-18.666626;26.250000;0.021667;3.319584;97;

526306;-22.666626;26.250000;0.021667;3.318333;98;

526453;-21.333374;26.250000;0.021667;3.317500;98;

526596;-20.000000;26.187500;0.021667;3.318333;95;

526735;-21.333374;26.250000;0.021667;3.317500;99;

526876;-17.333374;26.250000;0.021667;3.317500;97;

527013;-18.666626;26.187500;0.021667;3.317500;97;

527156;-20.000000;26.250000;0.021667;3.317500;97;

527293;-21.333374;26.250000;0.021667;3.317500;99;

527437;-21.333374;26.250000;0.021667;3.317500;100;

527589;-18.666626;26.187500;0.021667;3.317500;100;

527725;-25.333374;26.187500;0.021667;3.317500;98;

527851;-18.666626;26.250000;0.021667;3.317500;101;

527993;-18.666626;26.250000;0.021667;3.317500;97;

528125;-22.666626;26.250000;3.317500;3.317500;98;

528256;-16.000000;26.250000;0.021667;3.317500;96;

528393;-18.666626;26.250000;0.021667;3.317500;100;

528523;-18.666626;26.250000;0.021667;3.317500;97;

528655;-17.333374;26.250000;0.021667;3.317500;97;

528797;-22.666626;26.187500;0.021667;3.317500;97;

528942;-18.666626;26.250000;0.021667;3.317500;97;

529083;-22.666626;26.187500;0.021667;3.317500;97;

529227;-17.333374;26.187500;0.021667;3.317500;97;

529383;-17.333374;26.250000;0.021667;3.317500;96;

529513;-25.333374;26.250000;0.021667;3.317500;99;

529657;-17.333374;26.250000;0.021667;3.317500;97;

529806;-20.000000;26.187500;0.021667;3.317500;96;

529943;-20.000000;26.187500;0.021667;3.317500;96;

530086;-18.666626;26.250000;0.021667;3.317500;99;

530233;-17.333374;26.187500;0.021667;3.317500;97;

530376;-17.333374;26.250000;0.021667;3.317917;97;

530513;-17.333374;26.250000;0.021667;3.317500;97;

530656;-18.666626;26.187500;0.021667;3.317500;98;

530795;-21.333374;26.187500;0.021667;3.317500;100;

530936;-21.333374;26.250000;0.021667;3.317500;96;

531074;-17.333374;26.250000;0.021667;3.317500;99;

531216;-18.666626;26.250000;0.021667;3.317500;98;

531353;-17.333374;26.250000;0.021667;3.317500;100;

531497;-17.333374;26.250000;0.021667;3.317500;97;

531648;-18.666626;26.250000;0.021667;3.317500;97;

531792;-21.333374;26.187500;0.021667;3.317500;101;

531939;-17.333374;26.250000;0.021667;3.317500;100;

532073;-20.000000;26.250000;0.021667;3.317500;97;

532210;-18.666626;26.250000;0.021667;3.317500;99;

532342;-17.333374;26.250000;0.021667;3.317500;97;

532489;-21.333374;26.250000;0.021667;3.317500;100;

532626;-22.666626;26.250000;0.021667;3.317500;99;

532766;-18.666626;26.250000;0.021667;3.317083;96;

532899;-17.333374;26.187500;0.021667;3.317500;98;

533032;-20.000000;26.250000;0.021667;3.317083;98;

533172;-17.333374;26.250000;0.021667;3.312083;97;

533315;-17.333374;26.187500;3.315000;3.312917;98;

533455;-18.666626;26.187500;0.021667;3.315833;101;

533596;-18.666626;26.250000;0.021667;3.312083;97;

533733;-22.666626;26.250000;0.021667;3.312500;97;

533876;-21.333374;26.250000;0.021667;3.312083;95;

534026;-21.333374;26.187500;0.021667;3.312083;99;

534163;-18.666626;26.250000;0.021667;3.312083;99;

534307;-18.666626;26.250000;0.021667;3.312083;98;

534453;-20.000000;26.250000;0.021667;3.312083;100;

534597;-17.333374;26.250000;0.021667;3.312083;98;

534746;-18.666626;26.250000;0.021667;3.312083;99;

534883;-16.000000;26.250000;0.021667;3.312083;99;

535026;-17.333374;26.250000;0.021667;3.312083;100;

535163;-20.000000;26.250000;0.021667;3.312083;99;

535306;-21.333374;26.250000;0.021667;3.312500;100;

535443;-25.333374;26.250000;0.021667;3.312083;98;

535571;-21.333374;26.250000;0.022083;3.312083;98;

535706;-17.333374;26.250000;0.022083;3.312083;99;

535854;-22.666626;26.250000;0.021667;3.312083;96;

535999;-17.333374;26.250000;0.021667;3.312083;98;

536140;-18.666626;26.250000;0.021667;3.312083;97;

536283;-22.666626;26.187500;0.021667;3.312083;98;

536431;-17.333374;26.250000;0.021667;3.312083;97;

536576;-21.333374;26.187500;3.312083;3.312083;98;

536713;-17.333374;26.250000;0.021667;3.312083;96;

536857;-18.666626;26.250000;0.021667;3.312083;97;

537005;-18.666626;26.250000;0.021667;3.312500;96;

537143;-18.666626;26.187500;0.021667;3.312500;97;

537288;-18.666626;26.250000;0.021667;3.312083;99;

537433;-22.666626;26.187500;0.021667;3.312083;96;

537576;-20.000000;26.250000;0.021667;3.312083;96;

537713;-22.666626;26.250000;0.021667;3.307917;97;

537856;-18.666626;26.187500;0.021667;3.308750;98;

537993;-18.666626;26.250000;0.021667;3.308750;97;

538136;-21.333374;26.250000;0.021667;3.306667;96;

538273;-21.333374;26.187500;0.021667;3.306667;97;

538416;-16.000000;26.250000;0.021667;3.307083;98;

538554;-22.666626;26.250000;0.021667;3.307083;97;

538696;-17.333374;26.187500;0.021667;3.307083;96;

538833;-22.666626;26.250000;0.021667;3.307083;98;

538976;-18.666626;26.187500;0.021667;3.307083;97;

539130;-25.333374;26.250000;0.021667;3.306667;98;

539275;-21.333374;26.187500;0.022083;3.306667;99;

539413;-17.333374;26.250000;0.021667;3.306667;100;

539545;-18.666626;26.250000;3.307083;3.307083;98;

539690;-18.666626;26.250000;0.021667;3.307083;99;

539837;-17.333374;26.187500;0.021667;3.306667;99;

539988;-20.000000;26.250000;0.021667;3.306667;98;

540136;-17.333374;26.250000;0.021667;3.306667;100;

540278;-21.333374;26.250000;0.021667;3.306667;99;

540500;-22.666626;26.250000;0.021667;3.306667;98;

540646;-20.000000;26.250000;0.021667;3.307083;98;

540786;-18.666626;26.250000;0.021667;3.306667;98;

540924;-18.666626;26.250000;0.021667;3.306667;98;

541066;-21.333374;26.250000;0.021667;3.307083;97;

541204;-18.666626;26.250000;0.021667;3.306667;99;

541346;-18.666626;26.250000;0.021667;3.307083;98;

541483;-21.333374;26.250000;0.021667;3.307083;101;

541626;-22.666626;26.250000;0.021667;3.307083;96;

541763;-18.666626;26.250000;0.021667;3.306667;97;

541906;-17.333374;26.250000;0.021667;3.306667;100;

542043;-17.333374;26.250000;0.021667;0.021667;99;

542172;-20.000000;26.250000;0.021667;3.306667;97;

542309;-21.333374;26.250000;0.021667;3.307083;96;

542443;-17.333374;26.187500;0.021667;3.306667;97;

542588;-16.000000;26.250000;0.021667;3.306667;99;

542730;-21.333374;26.250000;0.021667;3.306667;99;

542876;-17.333374;26.250000;0.021667;3.306667;99;

542999;-22.666626;26.250000;0.021667;3.306667;98;

543142;-21.333374;26.250000;0.021667;3.306667;96;

543288;-21.333374;26.250000;0.021667;3.306667;98;

543436;-20.000000;26.250000;0.021667;3.306667;99;

543578;-18.666626;26.250000;0.021667;3.307083;97;

543724;-22.666626;26.250000;0.021667;3.307083;97;

543866;-20.000000;26.250000;0.021667;3.307083;96;

544003;-18.666626;26.250000;0.021667;3.307083;100;

544147;-22.666626;26.250000;0.021667;3.307083;101;

544295;-21.333374;26.250000;0.021667;3.307083;100;

544435;-21.333374;26.250000;0.021667;3.306667;96;

544576;-21.333374;26.250000;0.021667;3.307083;99;

544714;-18.666626;26.250000;0.021667;3.307083;97;

544856;-20.000000;26.250000;0.021667;3.306667;96;

544993;-17.333374;26.250000;0.021667;3.306667;97;

545137;-17.333374;26.250000;0.021667;3.307083;96;

545285;-18.666626;26.250000;0.021667;3.307083;97;

545423;-17.333374;26.250000;0.021667;3.307083;100;

545567;-18.666626;26.250000;0.021667;3.307083;99;

545715;-21.333374;26.250000;0.021667;3.307083;98;

545853;-21.333374;26.250000;0.021667;3.306667;97;

545996;-25.333374;26.250000;0.021667;3.307083;96;

546133;-18.666626;26.250000;0.021667;3.307083;100;

546274;-18.666626;26.187500;0.021667;3.307083;98;

546417;-18.666626;26.250000;0.021667;3.307083;97;

546566;-22.666626;26.250000;0.021667;3.307083;100;

546707;-21.333374;26.250000;0.021667;3.306250;97;

546862;-20.000000;26.250000;0.021667;3.306667;98;

547000;-20.000000;26.250000;0.021667;3.306250;100;

547144;-21.333374;26.250000;3.306250;3.307083;98;

547288;-18.666626;26.187500;0.021667;3.302500;98;

547439;-18.666626;26.250000;0.021667;3.302917;99;

547583;-21.333374;26.250000;0.021667;3.302083;96;

547727;-22.666626;26.250000;0.021667;3.302083;99;

547878;-22.666626;26.250000;0.021667;3.302083;98;

548026;-22.666626;26.187500;0.021667;3.301667;99;

548163;-21.333374;26.250000;0.021667;3.301667;99;

548306;-22.666626;26.250000;0.021667;3.301667;98;

548443;-20.000000;26.250000;0.021667;3.301667;98;

548587;-21.333374;26.187500;0.021667;3.301667;99;

548733;-21.333374;26.250000;0.021667;3.301667;97;

548875;-18.666626;26.250000;0.021667;3.301667;98;

549013;-20.000000;26.187500;0.021667;3.301667;98;

549156;-20.000000;26.250000;0.021667;3.301667;95;

549296;-20.000000;26.250000;0.021667;3.301667;99;

549434;-17.333374;26.250000;0.022083;3.301667;97;

549576;-21.333374;26.250000;0.021667;3.301667;97;

549713;-17.333374;26.250000;0.021667;3.301667;99;

549849;-21.333374;26.250000;0.021667;3.301667;98;

549989;-22.666626;26.250000;0.021667;3.301667;98;

550138;-18.666626;26.250000;0.021667;3.301667;98;

550273;-21.333374;26.250000;0.021667;3.301667;98;

550416;-21.333374;26.187500;0.021667;3.301667;98;

550553;-21.333374;26.250000;0.021667;3.301667;98;

550700;-21.333374;26.250000;0.021667;3.301667;99;

550843;-18.666626;26.250000;0.022083;3.301667;98;

550977;-20.000000;26.250000;0.021667;3.301667;97;

551114;-17.333374;26.250000;0.021667;3.301667;98;

551243;-22.666626;26.250000;0.021667;3.301667;99;

551375;-21.333374;26.250000;3.301667;3.301667;98;

551503;-18.666626;26.250000;0.021667;3.301667;98;

551643;-18.666626;26.250000;0.021667;3.301667;97;

551785;-18.666626;26.250000;0.021667;3.301250;97;

551925;-22.666626;26.250000;0.021667;3.301667;98;

552053;-21.333374;26.250000;0.021667;3.301250;99;

552189;-20.000000;26.250000;3.301667;3.301667;98;

552321;-21.333374;26.250000;0.021667;3.301667;95;

552449;-16.000000;26.187500;0.021667;3.301667;98;

552594;-21.333374;26.250000;0.021667;3.301667;98;

552737;-20.000000;26.250000;0.021667;3.301250;96;

552884;-21.333374;26.250000;0.021667;3.301667;98;

553023;-21.333374;26.250000;0.021667;3.301667;98;

553167;-20.000000;26.187500;0.021667;3.301667;97;

553316;-18.666626;26.250000;0.021667;3.301667;99;

553453;-17.333374;26.250000;0.021667;3.301667;97;

553598;-17.333374;26.250000;0.021667;3.301667;96;

553743;-18.666626;26.250000;0.021667;3.301667;98;

553886;-17.333374;26.250000;0.021667;3.301667;97;

554024;-21.333374;26.250000;0.021667;3.300000;97;

554166;-18.666626;26.250000;0.021667;3.298750;99;

554303;-18.666626;26.250000;0.021667;3.297917;99;

554446;-22.666626;26.250000;0.021667;3.299583;98;

554586;-18.666626;26.250000;0.021667;3.298750;97;

554725;-21.333374;26.250000;0.021667;3.296667;98;

554866;-22.666626;26.250000;0.021667;3.297084;98;

555005;-21.333374;26.250000;0.021667;3.296250;95;

555142;-22.666626;26.250000;0.021667;3.296250;100;

555293;-20.000000;26.250000;0.021667;3.296250;99;

555439;-20.000000;26.250000;0.021667;3.296250;98;

555572;-18.666626;26.250000;0.021667;3.296250;99;

555702;-18.666626;26.250000;0.021667;3.296250;95;

555833;-21.333374;26.250000;0.021667;3.296250;96;

555972;-18.666626;26.250000;0.021667;3.296250;96;

556117;-20.000000;26.250000;0.021667;3.296250;99;

556257;-29.333374;26.250000;0.021667;3.296250;99;

556405;-22.666626;26.187500;0.021667;3.296250;99;

556552;-18.666626;26.250000;0.021667;3.296250;100;

556691;-21.333374;26.250000;0.021667;3.296250;96;

556836;-18.666626;26.250000;0.022083;3.296250;98;

556977;-18.666626;26.250000;0.021667;3.296250;99;

557123;-18.666626;26.250000;0.021667;3.296250;101;

557266;-17.333374;26.250000;0.021667;3.296250;96;

557403;-18.666626;26.250000;0.021667;3.296250;99;

557546;-18.666626;26.250000;0.021667;3.296250;97;

557683;-21.333374;26.250000;0.021667;3.296250;98;

557826;-26.666626;26.250000;0.021667;3.296250;98;

557963;-20.000000;26.250000;0.021667;3.296250;96;

558106;-22.666626;26.250000;0.021667;3.296250;97;

558246;-20.000000;26.250000;0.021667;3.296250;97;

558383;-22.666626;26.250000;0.021667;3.296250;100;

558526;-21.333374;26.250000;0.021667;3.296250;101;

558663;-22.666626;26.250000;0.021667;3.296250;99;

558795;-21.333374;26.250000;0.021667;3.296250;96;

558937;-21.333374;26.250000;0.021667;3.296250;99;

559089;-20.000000;26.250000;0.021667;3.296250;99;

559233;-22.666626;26.250000;0.021667;3.296250;96;

559368;-20.000000;26.250000;0.021667;3.296250;95;

559508;-22.666626;26.250000;0.021667;3.296250;97;

559644;-22.666626;26.250000;3.296250;3.296250;98;

559787;-22.666626;26.250000;0.021667;3.296250;97;

559931;-18.666626;26.250000;0.021667;3.296250;100;

560073;-20.000000;26.187500;0.021667;3.296250;98;

560216;-18.666626;26.250000;3.296250;3.296250;95;

560356;-18.666626;26.250000;0.021667;3.296250;99;

560493;-21.333374;26.250000;0.021667;3.296250;100;

560636;-17.333374;26.250000;0.021667;3.296250;98;

560773;-17.333374;26.250000;0.021667;3.296250;98;

560916;-18.666626;26.250000;0.021667;3.296250;97;

561055;-18.666626;26.250000;0.021667;3.290833;98;

561196;-20.000000;26.250000;0.021667;3.290833;99;

561335;-17.333374;26.250000;0.021667;3.296250;101;

561475;-20.000000;26.250000;0.021667;3.294167;98;

561615;-20.000000;26.250000;0.021667;3.292500;96;

561756;-18.666626;26.250000;0.021667;3.292084;99;

561893;-20.000000;26.250000;0.021667;3.291667;101;

562036;-21.333374;26.250000;0.021667;3.293750;99;

562186;-21.333374;26.250000;0.021667;3.290833;97;

562326;-21.333374;26.250000;0.021667;3.290833;95;

562449;-18.666626;26.250000;0.021667;3.290833;98;

562587;-21.333374;26.250000;0.021667;3.290833;97;

562723;-18.666626;26.250000;0.021667;3.290833;98;

562872;-22.666626;26.250000;0.021667;3.290833;97;

563015;-21.333374;26.250000;0.021667;0.021667;98;

563156;-25.333374;26.250000;0.022083;3.290833;98;

563306;-18.666626;26.250000;0.021667;3.290833;98;

563453;-20.000000;26.250000;0.021667;0.021667;96;

563599;-22.666626;26.250000;0.021667;3.290833;98;

563733;-17.333374;26.250000;0.021667;3.290833;98;

563874;-26.666626;26.250000;0.021667;3.290833;99;

563998;-18.666626;26.250000;0.021667;3.290833;97;

564138;-20.000000;26.250000;0.021667;3.290833;97;

564283;-21.333374;26.187500;0.021667;3.290833;99;

564426;-20.000000;26.250000;0.022083;3.290833;97;

564565;-22.666626;26.250000;0.021667;3.290833;99;

564706;-22.666626;26.250000;0.021667;3.290833;98;

564843;-21.333374;26.250000;0.021667;3.290833;97;

564986;-20.000000;26.250000;0.021667;3.290833;98;

565123;-16.000000;26.250000;0.021667;3.290833;97;

565267;-22.666626;26.187500;0.021667;3.290833;98;

565418;-22.666626;26.250000;0.021667;3.290833;96;

565566;-21.333374;26.250000;0.021667;3.290833;97;

565703;-21.333374;26.250000;0.021667;3.290833;98;

565846;-17.333374;26.250000;0.021667;3.290833;97;

565983;-22.666626;26.250000;0.021667;3.291250;96;

566128;-20.000000;26.250000;0.021667;3.290833;98;

566272;-20.000000;26.250000;0.021667;3.290833;97;

566421;-22.666626;26.250000;0.021667;3.290833;101;

566566;-17.333374;26.250000;0.021667;3.290833;99;

566703;-21.333374;26.250000;0.021667;3.290833;96;

566845;-20.000000;26.250000;0.021667;3.291250;100;

566977;-22.666626;26.250000;0.021667;3.290833;95;

567113;-21.333374;26.250000;0.021667;3.290833;98;

567257;-17.333374;26.250000;0.021667;3.290833;97;

567406;-20.000000;26.250000;0.021667;3.290833;95;

567552;-18.666626;26.250000;3.290833;3.291250;96;

567685;-22.666626;26.250000;0.021667;3.290833;97;

567825;-22.666626;26.250000;0.021667;3.290833;100;

567974;-18.666626;26.250000;0.021667;3.290833;97;

568115;-22.666626;26.250000;0.021667;3.290833;98;

568253;-21.333374;26.250000;0.021667;3.290833;98;

568396;-17.333374;26.250000;0.021667;3.290833;97;

568533;-21.333374;26.250000;0.021667;3.290000;96;

568677;-25.333374;26.250000;0.022083;3.290833;97;

568826;-21.333374;26.250000;0.021667;3.290417;101;

568963;-18.666626;26.250000;0.021667;3.289583;97;

569107;-21.333374;26.250000;0.021667;3.287917;97;

569253;-18.666626;26.250000;0.021667;3.290833;98;

569395;-20.000000;26.250000;0.021667;3.286250;98;

569533;-18.666626;26.250000;0.021667;3.286667;98;

569676;-18.666626;26.250000;0.021667;3.285833;97;

569813;-18.666626;26.250000;0.021667;3.287917;97;

569957;-21.333374;26.250000;0.021667;3.285417;96;

570101;-21.333374;26.250000;0.021667;3.285417;97;

570243;-20.000000;26.250000;0.021667;3.285417;100;

570386;-18.666626;26.250000;0.021667;3.285417;100;

570533;-22.666626;26.250000;0.021667;3.285417;99;

570667;-18.666626;26.250000;0.021667;3.285417;99;

570803;-18.666626;26.250000;0.021667;3.285417;99;

570951;-18.666626;26.250000;0.021667;3.285417;98;

571089;-21.333374;26.250000;0.021667;3.285417;101;

571236;-21.333374;26.250000;0.021667;3.285417;98;

571374;-21.333374;26.250000;0.021667;3.285833;99;

571508;-18.666626;26.250000;0.021667;3.285417;95;

571661;-22.666626;26.250000;0.021667;3.285417;97;

571803;-22.666626;26.250000;0.021667;3.285417;98;

571947;-18.666626;26.250000;0.021667;3.285417;98;

572082;-21.333374;26.187500;0.021667;3.285417;98;

572228;-21.333374;26.250000;0.021667;3.285833;97;

572376;-17.333374;26.250000;0.021667;3.285417;96;

572513;-22.666626;26.250000;0.021667;3.285833;95;

572656;-22.666626;26.250000;0.021667;3.285417;97;

572794;-18.666626;26.250000;0.021667;3.285417;95;

572936;-20.000000;26.250000;0.021667;3.285417;100;

573073;-21.333374;26.250000;0.021667;3.285833;98;

573217;-21.333374;26.250000;0.021667;3.285417;95;

573365;-17.333374;26.250000;0.021667;3.285417;101;

573503;-18.666626;26.250000;0.021667;3.285417;98;

573646;-21.333374;26.250000;0.021667;3.285417;95;

573783;-20.000000;26.250000;0.021667;3.285417;98;

573926;-20.000000;26.250000;0.021667;3.285417;96;

574073;-22.666626;26.250000;0.021667;3.285417;99;

574215;-17.333374;26.250000;3.285417;3.285417;99;

574354;-21.333374;26.250000;0.021667;3.285417;98;

574497;-20.000000;26.250000;0.021667;3.285417;99;

574645;-22.666626;26.250000;3.285417;3.285417;96;

574779;-18.666626;26.250000;0.021667;3.285417;98;

574914;-18.666626;26.250000;0.021667;3.285417;101;

575059;-21.333374;26.250000;0.021667;3.285417;95;

575204;-22.666626;26.250000;0.021667;3.285417;98;

575339;-20.000000;26.250000;0.021667;3.285417;97;

575485;-21.333374;26.250000;0.021667;0.021667;99;

575613;-22.666626;26.250000;0.021667;3.285417;98;

575743;-21.333374;26.187500;0.021667;3.285417;98;

575880;-22.666626;26.250000;0.021667;3.285833;96;

576012;-25.333374;26.250000;0.021667;3.285417;97;

576157;-21.333374;26.250000;0.021667;3.285417;100;

576306;-18.666626;26.250000;0.021667;3.285417;97;

576443;-18.666626;26.250000;0.021667;3.285417;97;

576588;-18.666626;26.250000;0.022083;3.285417;99;

576733;-17.333374;26.250000;0.021667;3.285417;98;

576876;-21.333374;26.250000;0.021667;3.285417;99;

577015;-21.333374;26.250000;0.021667;3.285417;97;

577155;-22.666626;26.250000;0.021667;3.285417;99;

577295;-21.333374;26.250000;0.021667;3.285417;99;

577436;-20.000000;26.250000;0.021667;3.285417;96;

577575;-21.333374;26.250000;0.021667;3.285417;98;

577716;-21.333374;26.250000;0.021667;3.285417;99;

577857;-21.333374;26.250000;0.021667;3.285417;96;

578003;-20.000000;26.250000;0.021667;3.285417;100;

578145;-22.666626;26.250000;3.285417;3.285417;94;

578286;-21.333374;26.250000;0.021667;3.285417;98;

578428;-17.333374;26.250000;0.021667;3.285000;98;

578578;-18.666626;26.250000;0.021667;3.285417;96;

578713;-18.666626;26.250000;0.021667;3.282500;96;

578846;-22.666626;26.250000;0.021667;3.280000;98;

578997;-22.666626;26.250000;0.021667;3.280000;99;

579136;-22.666626;26.250000;0.021667;3.281667;98;

579274;-18.666626;26.250000;0.021667;3.280000;98;

579402;-18.666626;26.250000;0.021667;3.280000;97;

579545;-21.333374;26.250000;3.280833;3.280417;95;

579675;-21.333374;26.250000;0.021667;3.280417;98;

579817;-21.333374;26.250000;0.021667;3.280000;98;

579954;-20.000000;26.250000;0.021667;3.280000;98;

580096;-16.000000;26.250000;0.021667;3.280000;97;

580233;-21.333374;26.250000;0.021667;3.280000;97;

580376;-21.333374;26.250000;0.021667;3.280000;100;

580526;-18.666626;26.250000;0.021667;3.280000;97;

580663;-17.333374;26.250000;0.021667;3.280417;97;

580806;-22.666626;26.250000;0.021667;3.280000;99;

580953;-18.666626;26.250000;0.021667;3.280000;100;

581097;-22.666626;26.250000;0.021667;3.280000;99;

581246;-22.666626;26.250000;0.021667;3.280000;97;

581383;-18.666626;26.250000;0.021667;3.280000;97;

581527;-17.333374;26.250000;0.021667;3.280000;100;

581676;-21.333374;26.250000;0.021667;3.280000;98;

581815;-18.666626;26.250000;0.021667;3.280000;98;

581958;-18.666626;26.250000;0.021667;0.021667;100;

582106;-18.666626;26.250000;0.021667;3.280000;100;

582247;-22.666626;26.250000;0.021667;3.280000;94;

582399;-18.666626;26.250000;0.021667;3.280417;99;

582530;-18.666626;26.250000;0.021667;3.280000;100;

582662;-17.333374;26.250000;0.021667;3.280000;100;

582809;-21.333374;26.250000;0.021667;3.280000;99;

582956;-18.666626;26.250000;0.021667;3.280000;99;

583093;-21.333374;26.250000;0.021667;3.280000;97;

583238;-21.333374;26.250000;0.021667;3.280000;97;

583382;-22.666626;26.250000;0.021667;3.277917;97;

583525;-18.666626;26.250000;0.021667;3.275000;98;

583666;-21.333374;26.250000;0.021667;3.280000;98;

583803;-18.666626;26.250000;0.021667;3.280000;98;

583946;-20.000000;26.250000;0.021667;3.280417;99;

584085;-17.333374;26.250000;0.021667;3.280000;98;

584226;-21.333374;26.250000;0.021667;3.280000;97;

584363;-20.000000;26.250000;0.021667;3.280000;100;

584506;-20.000000;26.250000;0.022083;3.280000;99;

584643;-18.666626;26.250000;0.021667;3.280417;97;

584787;-21.333374;26.250000;0.021667;3.280000;97;

584936;-18.666626;26.250000;0.022083;3.275000;98;

585073;-22.666626;26.250000;0.021667;3.280000;98;

585217;-18.666626;26.250000;0.021667;3.280000;96;

585363;-20.000000;26.250000;0.021667;0.021667;99;

585496;-22.666626;26.250000;0.021667;3.280000;99;

585630;-22.666626;26.250000;0.021667;3.278750;99;

585766;-22.666626;26.250000;0.021667;3.278750;97;

585920;-21.333374;26.250000;0.021667;3.277917;98;

586056;-21.333374;26.250000;3.276667;3.277500;97;

586193;-21.333374;26.250000;0.021667;3.276667;97;

586337;-22.666626;26.250000;0.021667;3.274584;96;

586475;-21.333374;26.250000;0.021667;3.274584;96;

586604;-22.666626;26.250000;3.274584;3.275000;99;

586743;-18.666626;26.250000;0.021667;3.274584;97;

586884;-21.333374;26.250000;3.275000;3.275000;97;

587014;-18.666626;26.250000;0.021667;3.275000;99;

587151;-20.000000;26.250000;0.021667;3.274584;99;

587282;-20.000000;26.250000;0.021667;3.275000;98;

587426;-18.666626;26.250000;0.021667;3.274584;99;

587566;-17.333374;26.250000;0.021667;3.274584;97;

587703;-17.333374;26.250000;0.021667;3.275000;101;

587846;-21.333374;26.250000;0.021667;3.275000;98;

587983;-21.333374;26.250000;0.021667;3.275000;99;

588127;-18.666626;26.250000;0.021667;3.275000;98;

588273;-18.666626;26.250000;0.021667;3.274584;98;

588416;-18.666626;26.250000;0.021667;3.275000;95;

588557;-21.333374;26.250000;0.021667;3.274584;97;

588703;-22.666626;26.250000;0.021667;3.274584;97;

588847;-17.333374;26.250000;0.021667;3.275000;98;

588995;-17.333374;26.250000;0.021667;3.274584;97;

589133;-18.666626;26.250000;0.021667;3.275000;97;

589276;-18.666626;26.250000;0.021667;3.275000;98;

589412;-17.333374;26.250000;0.021667;3.275000;99;

589564;-22.666626;26.250000;0.021667;3.275000;98;

589703;-21.333374;26.250000;0.021667;3.274584;96;

589850;-21.333374;26.250000;0.021667;3.275000;97;

589996;-20.000000;26.250000;0.021667;3.275000;100;

590131;-21.333374;26.250000;0.021667;3.275000;98;

590263;-18.666626;26.250000;0.021667;3.274584;96;

590398;-21.333374;26.250000;0.021667;3.274584;99;

590545;-18.666626;26.250000;0.021667;3.275000;95;

590685;-17.333374;26.250000;0.021667;3.275000;95;

590837;-22.666626;26.250000;0.021667;3.274584;98;

590985;-21.333374;26.250000;0.021667;3.274584;97;

591123;-21.333374;26.250000;0.021667;3.274584;99;

591266;-17.333374;26.250000;0.021667;3.274584;95;

591405;-21.333374;26.250000;0.021667;3.275000;97;

591546;-18.666626;26.250000;0.021667;3.275000;98;

591683;-17.333374;26.250000;0.021667;3.274584;97;

591826;-20.000000;26.250000;0.021667;3.275000;97;

591963;-18.666626;26.250000;0.021667;3.275000;99;

592107;-21.333374;26.250000;0.021667;3.269584;97;

592256;-18.666626;26.250000;0.021667;3.269584;99;

592393;-21.333374;26.250000;0.021667;3.275000;98;

592536;-17.333374;26.250000;0.021667;3.275000;97;

592673;-17.333374;26.250000;0.022083;3.269584;96;

592816;-22.666626;26.250000;0.021667;3.269584;99;

592953;-17.333374;26.250000;0.021667;3.275000;97;

593080;-20.000000;26.250000;0.021667;3.275000;96;

593217;-21.333374;26.250000;0.021667;3.275000;97;

593364;-18.666626;26.250000;3.275000;3.269584;95;

593507;-22.666626;26.250000;0.021667;3.269584;97;

593661;-20.000000;26.250000;0.021667;3.269584;99;

593794;-20.000000;26.250000;3.269584;3.269584;99;

593936;-22.666626;26.250000;0.021667;3.269584;101;

594080;-18.666626;26.250000;0.021667;3.269584;98;

594223;-20.000000;26.250000;0.021667;3.271667;96;

594364;-20.000000;26.250000;0.021667;3.271667;99;

594502;-21.333374;26.250000;0.021667;3.270833;99;

594646;-20.000000;26.250000;0.021667;3.269584;96;

594782;-18.666626;26.250000;0.021667;3.269584;99;

594926;-21.333374;26.250000;0.021667;3.269584;99;

595073;-21.333374;26.250000;0.021667;3.269584;98;

595217;-18.666626;26.250000;0.021667;3.269584;97;

595366;-22.666626;26.250000;0.021667;3.269584;98;

595503;-20.000000;26.250000;0.021667;3.269584;97;

595646;-20.000000;26.250000;0.021667;3.269584;99;

595783;-17.333374;26.250000;0.021667;3.269167;98;

595927;-17.333374;26.250000;0.021667;3.269584;97;

596076;-17.333374;26.250000;0.021667;3.269584;100;

596213;-22.666626;26.250000;0.021667;3.269584;99;

596356;-21.333374;26.250000;0.021667;3.269584;96;

596493;-17.333374;26.250000;0.021667;3.269584;96;

596637;-22.666626;26.250000;0.021667;3.269584;95;

596783;-21.333374;26.250000;0.021667;3.269584;97;

596926;-17.333374;26.250000;0.021667;3.269584;97;

597063;-17.333374;26.250000;0.021667;3.269584;99;

597191;-18.666626;26.250000;0.021667;3.269167;97;

597322;-17.333374;26.250000;0.021667;3.269584;99;

597449;-17.333374;26.250000;0.021667;3.269584;96;

597594;-17.333374;26.250000;0.021667;3.269584;98;

597742;-21.333374;26.250000;0.021667;3.269584;97;

597886;-22.666626;26.250000;0.021667;3.269584;96;

598041;-21.333374;26.250000;0.021667;3.269584;99;

598174;-18.666626;26.250000;0.021667;3.269584;96;

598323;-18.666626;26.250000;0.021667;3.269584;95;

598454;-20.000000;26.250000;3.269584;3.269584;96;

598596;-20.000000;26.250000;0.021667;3.269584;100;

598735;-21.333374;26.250000;0.021667;3.269584;97;

598875;-18.666626;26.250000;0.021667;3.269584;98;

599016;-18.666626;26.250000;0.021667;3.269584;99;

599153;-21.333374;26.250000;0.021667;3.269584;99;

599296;-18.666626;26.250000;0.021667;3.269584;100;

599433;-20.000000;26.250000;0.021667;3.269584;99;

599576;-21.333374;26.250000;0.021667;3.269584;99;

599713;-20.000000;26.250000;0.021667;3.269584;97;

599858;-18.666626;26.250000;0.021667;3.269584;101;

600003;-17.333374;26.250000;0.021667;3.269584;95;

600145;-18.666626;26.250000;0.021667;3.269584;94;

600283;-20.000000;26.250000;0.021667;3.269584;98;

600425;-21.333374;26.250000;0.021667;3.264167;99;

600564;-22.666626;26.250000;0.021667;3.264167;96;

600707;-20.000000;26.250000;0.021667;3.264167;97;

600859;-21.333374;26.250000;0.021667;3.264167;97;

601008;-17.333374;26.250000;0.021667;3.268750;98;

601157;-18.666626;26.250000;0.021667;3.267917;98;

601294;-21.333374;26.250000;0.021667;3.265000;99;

601423;-18.666626;26.250000;0.021667;3.264584;97;

601548;-21.333374;26.250000;0.021667;3.264167;96;

601693;-18.666626;26.250000;0.021667;3.264167;98;

601819;-18.666626;26.250000;0.021667;3.264167;95;

601963;-22.666626;26.250000;0.021667;3.264167;98;

602104;-20.000000;26.250000;0.021667;3.264167;97;

602235;-21.333374;26.250000;0.021667;3.264167;100;

602376;-18.666626;26.250000;0.021667;3.264167;95;

602516;-16.000000;26.250000;0.021667;3.264167;97;

602654;-18.666626;26.250000;0.021667;3.264167;100;

602796;-18.666626;26.250000;0.021667;3.264167;97;

602933;-17.333374;26.250000;0.021667;3.264167;95;

603077;-20.000000;26.250000;0.021667;3.264167;98;

603223;-17.333374;26.250000;0.021667;3.264167;97;

603366;-21.333374;26.250000;0.021667;3.264167;96;

603503;-18.666626;26.250000;0.021667;3.264167;95;

603646;-16.000000;26.250000;0.021667;3.264167;97;

603783;-20.000000;26.250000;0.021667;3.264167;99;

603925;-22.666626;26.250000;0.021667;3.264167;98;

604063;-22.666626;26.250000;0.021667;3.264167;97;

604207;-21.333374;26.250000;0.021667;3.264167;100;

604363;-21.333374;26.250000;0.022083;3.264167;100;

604502;-21.333374;26.250000;0.021667;3.264167;97;

604640;-18.666626;26.250000;0.021667;3.264584;97;

604773;-16.000000;26.250000;0.021667;3.264167;98;

604916;-21.333374;26.250000;0.021667;3.264167;96;

605063;-17.333374;26.250000;0.021667;3.264167;97;

605208;-18.666626;26.250000;0.021667;3.264167;99;

605343;-21.333374;26.250000;0.021667;3.264167;98;

605473;-20.000000;26.250000;0.021667;3.264167;98;

605608;-17.333374;26.250000;0.021667;3.264167;96;

605746;-17.333374;26.250000;0.021667;3.264167;99;

605883;-18.666626;26.250000;0.021667;3.264167;97;

606029;-21.333374;26.250000;0.021667;3.264167;99;

606181;-22.666626;26.250000;0.021667;3.264167;97;

606324;-17.333374;26.250000;3.264167;3.264167;98;

606466;-18.666626;26.250000;3.264167;3.264167;97;

606593;-17.333374;26.250000;0.021667;3.264167;99;

606736;-21.333374;26.250000;0.021667;3.264167;99;

606875;-20.000000;26.250000;0.021667;3.264167;98;

607015;-21.333374;26.250000;0.021667;3.264167;99;

607155;-18.666626;26.250000;0.021667;3.264167;97;

607296;-18.666626;26.250000;0.021667;3.264167;97;

607433;-21.333374;26.250000;0.021667;3.264167;97;

607576;-18.666626;26.250000;0.021667;3.264167;97;

607713;-22.666626;26.250000;0.021667;3.264167;99;

607856;-18.666626;26.250000;0.021667;3.264167;96;

607993;-21.333374;26.250000;0.021667;3.258750;96;

608135;-22.666626;26.250000;0.021667;3.258750;98;

608275;-20.000000;26.250000;0.021667;3.261250;99;

608415;-21.333374;26.250000;0.021667;3.259583;96;

608554;-17.333374;26.250000;0.021667;3.260834;98;

608706;-17.333374;26.250000;0.021667;3.259583;98;

608833;-20.000000;26.250000;0.021667;3.258750;95;

608982;-22.666626;26.250000;0.021667;3.260417;96;

609127;-17.333374;26.250000;0.021667;3.258750;97;

609273;-20.000000;26.250000;0.021667;3.258750;97;

609416;-17.333374;26.250000;0.021667;3.258750;94;

609557;-17.333374;26.250000;0.021667;3.258750;97;

609697;-17.333374;26.250000;0.021667;3.258750;97;

609845;-22.666626;26.250000;0.021667;3.258750;97;

609993;-22.666626;26.250000;0.021667;3.258750;99;

610138;-18.666626;26.250000;0.021667;3.258750;98;

610272;-22.666626;26.250000;0.021667;3.258750;99;

610417;-21.333374;26.250000;0.021667;3.258750;98;

610554;-17.333374;26.250000;0.021667;3.258750;97;

610693;-21.333374;26.250000;0.021667;3.258750;96;

610836;-22.666626;26.250000;0.021667;3.258750;99;

610973;-18.666626;26.250000;3.258750;3.258750;97;

611101;-18.666626;26.250000;0.021667;3.258750;98;

611246;-21.333374;26.250000;0.021667;3.258750;99;

611379;-17.333374;26.250000;0.021667;3.258750;99;

611526;-18.666626;26.250000;0.021667;3.258750;96;

611665;-17.333374;26.250000;3.258750;3.258750;100;

611795;-22.666626;26.250000;3.258750;3.258750;95;

611929;-18.666626;26.250000;0.021667;3.258750;100;

612065;-16.000000;26.250000;0.021667;3.258750;96;

612203;-20.000000;26.250000;0.021667;3.258750;98;

612345;-18.666626;26.250000;0.021667;3.258750;99;

612483;-21.333374;26.250000;0.022083;3.258750;97;

612627;-22.666626;26.312500;0.021667;3.258750;95;

612773;-21.333374;26.250000;0.021667;3.258750;98;

612916;-22.666626;26.250000;0.021667;3.259167;96;

613053;-21.333374;26.250000;0.021667;3.258750;97;

613196;-21.333374;26.250000;0.021667;3.258750;97;

613336;-17.333374;26.250000;0.021667;3.258750;99;

613475;-18.666626;26.250000;0.021667;3.254583;97;

613616;-17.333374;26.250000;0.021667;3.255834;99;

613755;-25.333374;26.250000;0.021667;3.258750;97;

613895;-17.333374;26.250000;0.021667;3.258750;95;

614035;-17.333374;26.250000;0.021667;3.259167;96;

614165;-21.333374;26.250000;3.258750;3.258750;98;

614305;-21.333374;26.250000;0.021667;3.258750;100;

614447;-22.666626;26.250000;0.021667;3.253750;96;

614586;-21.333374;26.250000;0.021667;3.253333;99;

614721;-18.666626;26.250000;0.021667;3.258750;96;

614855;-18.666626;26.250000;0.021667;3.258750;99;

614985;-18.666626;26.250000;0.021667;3.258750;98;

615123;-21.333374;26.250000;0.021667;3.258750;97;

615265;-18.666626;26.250000;0.021667;3.258750;97;

615404;-22.666626;26.250000;0.021667;3.257917;96;

615549;-21.333374;26.250000;0.021667;3.256667;96;

615683;-22.666626;26.250000;0.021667;3.257500;99;

615818;-17.333374;26.250000;0.021667;3.258750;98;

615966;-17.333374;26.250000;0.021667;3.255000;97;

616104;-21.333374;26.250000;0.021667;3.257084;96;

616246;-16.000000;26.250000;0.021667;3.254167;97;

616383;-20.000000;26.250000;0.021667;3.253333;97;

616526;-18.666626;26.250000;0.021667;3.253333;98;

616663;-18.666626;26.250000;0.021667;3.253333;99;

616807;-20.000000;26.250000;0.021667;3.254583;99;

616956;-20.000000;26.250000;0.021667;3.253333;96;

617093;-17.333374;26.250000;0.021667;3.253333;97;

617236;-17.333374;26.250000;0.021667;3.253333;96;

617373;-21.333374;26.250000;0.021667;3.253333;95;

617516;-18.666626;26.250000;0.021667;3.253333;97;

617655;-21.333374;26.250000;0.021667;3.253750;97;

617795;-21.333374;26.250000;0.021667;3.253750;95;

617937;-21.333374;26.250000;0.021667;3.253333;97;

618087;-21.333374;26.250000;0.021667;3.253750;96;

618235;-20.000000;26.250000;0.021667;3.253333;98;

618372;-20.000000;26.250000;0.021667;3.253333;96;

618508;-20.000000;26.250000;0.021667;0.021667;97;

618654;-21.333374;26.250000;0.021667;3.253750;96;

618787;-18.666626;26.250000;0.021667;3.253333;97;

618932;-18.666626;26.250000;0.021667;3.253333;99;

619064;-18.666626;26.250000;0.021667;3.253333;98;

619206;-18.666626;26.250000;0.021667;3.253333;95;

619353;-21.333374;26.250000;0.021667;3.253333;94;

619493;-18.666626;26.250000;0.021667;3.253750;98;

619636;-22.666626;26.250000;0.021667;3.253333;98;

619774;-17.333374;26.250000;0.021667;3.253333;98;

619916;-22.666626;26.250000;0.021667;3.253333;96;

620053;-22.666626;26.250000;0.021667;3.253333;96;

620197;-21.333374;26.250000;0.021667;3.253333;97;

620346;-17.333374;26.250000;0.021667;3.253333;98;

620485;-18.666626;26.250000;0.021667;3.253333;99;

620626;-17.333374;26.250000;0.021667;3.253333;99;

620765;-18.666626;26.250000;0.021667;3.253750;99;

620905;-21.333374;26.250000;0.021667;3.253333;99;

621043;-22.666626;26.250000;0.021667;3.253333;97;

621187;-21.333374;26.250000;0.021667;3.253333;97;

621336;-22.666626;26.250000;0.021667;3.253750;100;

621475;-18.666626;26.250000;3.253333;3.253333;99;

621603;-20.000000;26.250000;0.021667;3.253333;98;

621736;-18.666626;26.250000;0.021667;3.249167;100;

621867;-20.000000;26.250000;0.021667;3.247917;95;

622018;-18.666626;26.250000;0.021667;3.253333;98;

622162;-21.333374;26.250000;0.021667;3.253333;97;

622305;-18.666626;26.250000;0.021667;3.253333;96;

622445;-18.666626;26.250000;0.021667;3.253333;98;

622599;-18.666626;26.250000;0.021667;3.252917;98;

622736;-21.333374;26.250000;0.021667;3.252084;98;

622873;-21.333374;26.250000;0.021667;3.252917;98;

623016;-25.333374;26.250000;0.021667;3.249583;97;

623155;-18.666626;26.250000;0.021667;3.250000;96;

623296;-21.333374;26.250000;0.021667;3.247917;98;

623435;-17.333374;26.250000;0.021667;3.249167;98;

623575;-20.000000;26.250000;0.021667;3.250417;99;

623715;-17.333374;26.250000;0.021667;3.248334;98;

623856;-17.333374;26.250000;0.021667;3.247917;98;

623996;-18.666626;26.250000;0.021667;3.247917;98;

624133;-18.666626;26.250000;0.021667;3.247917;97;

624275;-22.666626;26.250000;0.021667;3.247917;100;

624414;-22.666626;26.250000;0.021667;3.248334;99;

624556;-18.666626;26.250000;0.021667;3.247917;95;

624694;-22.666626;26.250000;0.021667;3.248334;95;

624835;-22.666626;26.250000;0.021667;3.247917;96;

624982;-20.000000;26.250000;0.021667;3.247917;97;

625120;-21.333374;26.250000;0.021667;3.247917;98;

625264;-18.666626;26.250000;3.247917;3.247917;96;

625408;-17.333374;26.250000;0.021667;3.247917;99;

625558;-17.333374;26.250000;0.021667;3.248334;97;

625694;-25.333374;26.250000;3.247917;3.248334;99;

625834;-21.333374;26.250000;0.021667;3.248334;97;

625963;-22.666626;26.250000;0.021667;3.248334;98;

626092;-21.333374;26.250000;0.021667;3.247917;96;

626234;-22.666626;26.250000;0.021667;3.247917;97;

626363;-18.666626;26.250000;0.021667;3.247917;97;

626506;-21.333374;26.250000;0.021667;3.247917;95;

626643;-21.333374;26.250000;0.021667;3.248334;96;

626787;-18.666626;26.250000;0.021667;3.247917;99;

626935;-18.666626;26.250000;0.021667;3.247917;99;

627076;-17.333374;26.250000;0.021667;3.247917;97;

627215;-17.333374;26.250000;0.021667;3.247917;96;

627356;-22.666626;26.250000;0.021667;3.247917;96;

627498;-17.333374;26.250000;0.021667;3.247917;98;

627643;-18.666626;26.250000;0.021667;3.247917;98;

627786;-18.666626;26.250000;0.021667;3.247917;99;

627923;-18.666626;26.250000;0.021667;3.242917;97;

628066;-17.333374;26.250000;0.021667;3.247917;98;

628203;-21.333374;26.250000;0.021667;3.247917;98;

628346;-18.666626;26.250000;0.021667;3.247917;98;

628483;-21.333374;26.250000;0.021667;3.247917;98;

628616;-18.666626;26.250000;0.021667;3.247917;100;

628763;-21.333374;26.250000;0.021667;3.242500;96;

628905;-18.666626;26.250000;0.021667;3.242500;98;

629032;-18.666626;26.250000;0.021667;0.021667;100;

629169;-17.333374;26.250000;0.021667;3.247917;96;

629317;-18.666626;26.250000;0.021667;3.242500;98;

629444;-21.333374;26.250000;0.021667;3.242500;97;

629586;-17.333374;26.250000;0.021667;3.247917;99;

629725;-17.333374;26.250000;0.021667;3.247083;95;

629878;-17.333374;26.250000;0.021667;3.247500;98;

630016;-21.333374;26.312500;0.055000;3.248334;94;

630166;-22.666626;26.250000;3.275000;3.278334;96;

630301;-18.666626;26.250000;0.383750;3.453750;99;

630447;-21.333374;26.250000;0.143750;3.270000;99;

630593;-16.000000;26.250000;0.131250;3.269584;100;

630737;-20.000000;26.250000;0.090000;3.244583;96;

630886;-20.000000;26.250000;0.060000;3.242917;98;

631023;-20.000000;26.250000;0.024167;3.242917;98;

631166;-20.000000;26.250000;0.021667;3.242500;96;

631303;-17.333374;26.312500;0.021667;3.242917;97;

631445;-21.333374;26.250000;0.021667;3.242917;99;

631583;-18.666626;26.250000;0.022083;3.242917;96;
