Time;Load cell reading [N];Temperature [C];Pressure sensor 1 [bar];Pressure sensor 2 [bar];Distance [mm];

1621;-2000.000000;24.250000;0.021667;4.023333;94;

1765;-2000.000000;24.250000;0.021667;4.023333;92;

1902;-2000.000000;24.250000;0.021667;4.023333;95;

2045;-2000.000000;24.250000;0.021667;4.021250;94;

2182;-2000.000000;24.250000;0.021250;4.020833;92;

2325;-2000.000000;24.250000;0.021667;4.018750;92;

2462;-2000.000000;24.250000;0.021667;4.018750;96;

2605;-2000.000000;24.312500;0.021667;4.017917;92;

2745;-2000.000000;24.250000;0.021667;4.018333;95;

2882;-2000.000000;24.250000;0.021667;4.021250;92;

3025;-2000.000000;24.250000;0.021667;4.023333;96;

3162;-2000.000000;24.250000;0.021667;4.023333;92;

3305;-2000.000000;24.250000;0.021667;4.023333;94;

3442;-2000.000000;24.250000;0.021667;4.023333;92;

3586;-2000.000000;24.250000;0.021667;4.023333;92;

3722;-2000.000000;24.250000;0.021667;4.023333;91;

3865;-2000.000000;24.250000;0.021667;4.023333;93;

4007;-2000.000000;24.250000;0.021667;4.023333;94;

4162;-2000.000000;24.250000;0.021667;4.023333;93;

4314;-2000.000000;24.250000;0.021667;4.023333;93;

4465;-2000.000000;24.250000;0.021667;4.023333;93;

4602;-2000.000000;24.250000;0.021667;4.023333;93;

4745;-2000.000000;24.250000;0.021667;4.023333;94;

4885;-2000.000000;24.250000;0.021667;4.023333;93;

5025;-2000.000000;24.250000;0.021667;4.023333;94;

5163;-2000.000000;24.250000;0.021250;4.023333;93;

5305;-2000.000000;24.187500;0.021667;4.023333;90;

5447;-2000.000000;24.187500;0.021250;4.023333;92;

5594;-2000.000000;24.250000;0.021667;4.018333;94;

5736;-2000.000000;24.250000;0.021667;4.021250;95;

5872;-2000.000000;24.250000;0.021667;4.019167;92;

6015;-2000.000000;24.187500;0.021667;4.017917;94;

6158;-2000.000000;24.187500;0.021667;4.018333;91;

6305;-2000.000000;24.187500;0.021667;4.018333;91;

6454;-2000.000000;24.250000;0.021667;4.017917;93;

6602;-2000.000000;24.187500;0.021667;4.017917;93;

6754;-2000.000000;24.187500;0.021250;4.017917;93;

6906;-2000.000000;24.187500;0.021667;4.017917;92;

7062;-2000.000000;24.187500;0.021667;4.017917;94;

7204;-2000.000000;24.187500;0.021667;4.017917;93;

7342;-2000.000000;24.187500;0.021667;4.017917;93;

7485;-2000.000000;24.187500;0.021667;4.017917;95;

7625;-2000.000000;24.187500;0.021667;4.017917;93;

7772;-2000.000000;24.187500;0.021667;4.017917;94;

7916;-2000.000000;24.187500;0.021667;4.017917;93;

8062;-2000.000000;24.187500;0.021667;4.017917;93;

8205;-2000.000000;24.187500;0.021667;4.017917;94;

8342;-2000.000000;24.187500;0.021667;4.017917;91;

8475;-2000.000000;24.187500;0.021667;4.017917;92;

8626;-2000.000000;24.187500;0.021667;4.018333;92;

8775;-2000.000000;24.187500;0.021667;4.017917;93;

8915;-2000.000000;24.187500;0.021250;4.018333;95;

9059;-2000.000000;24.187500;0.021667;4.017917;94;

9205;-2000.000000;24.187500;0.021667;0.021667;94;

9355;-2000.000000;24.187500;0.021667;4.017917;92;

9497;-2000.000000;24.187500;0.021667;4.017917;92;

9647;-2000.000000;24.125000;0.021667;4.017917;93;

9805;-2000.000000;24.187500;4.017917;4.017917;92;

9949;-2000.000000;24.187500;0.021667;4.017917;95;

10095;-2000.000000;24.125000;0.021667;4.017917;94;

10238;-2000.000000;24.125000;0.021667;4.017917;94;

10385;-2000.000000;24.187500;0.021667;4.017917;94;

10522;-2000.000000;24.125000;0.021250;4.017917;94;

10675;-2000.000000;24.125000;0.021667;4.017917;95;

10819;-2000.000000;24.125000;0.021667;4.017917;94;

10966;-2000.000000;24.125000;0.021667;4.017917;91;

11115;-2000.000000;24.125000;0.021667;4.015000;92;

11255;-2000.000000;24.125000;0.021667;4.017084;93;

11400;-2000.000000;24.125000;0.021667;4.017500;94;

11545;-2000.000000;24.125000;0.021667;4.017917;92;

11685;-2000.000000;24.125000;0.021667;4.015000;92;

11825;-2000.000000;24.125000;0.021667;4.013334;95;

11961;-2000.000000;24.125000;0.021667;4.012500;94;

12113;-2000.000000;24.125000;0.021667;4.012917;92;

12264;-2000.000000;24.125000;0.021667;4.012917;94;

12425;-2000.000000;24.125000;0.021667;4.012917;93;

12575;-2000.000000;24.125000;0.021667;0.021667;93;

12728;-2000.000000;24.125000;0.021667;4.012917;91;

12875;-2000.000000;24.125000;0.021667;4.012917;93;

13016;-2000.000000;24.125000;0.021667;4.012917;91;

13165;-2000.000000;24.125000;0.021667;4.012917;95;

13308;-2000.000000;24.062500;0.021667;4.012917;93;

13464;-2000.000000;24.125000;0.021667;4.012917;97;

13616;-2000.000000;24.125000;0.021667;4.012917;92;

13765;-2000.000000;24.125000;0.021667;4.012500;95;

13902;-2000.000000;24.062500;0.021667;4.012917;95;

14051;-2000.000000;24.125000;0.021667;4.012500;96;

14192;-2000.000000;24.062500;0.021667;4.012917;92;

14338;-2000.000000;24.125000;0.021250;4.012917;93;

14485;-2000.000000;24.062500;0.021667;4.007500;93;

14629;-2000.000000;24.062500;0.021667;4.007500;96;

14781;-2000.000000;24.125000;0.021667;4.012917;94;

14932;-2000.000000;24.062500;4.012917;4.012917;95;

15067;-2000.000000;24.062500;0.021667;4.012917;92;

15229;-2000.000000;24.062500;0.021667;4.012917;93;

15382;-2000.000000;24.062500;0.021667;4.012500;94;

15521;-2000.000000;24.062500;0.021667;4.009583;93;

15662;-2000.000000;24.062500;0.021667;4.008334;95;

15808;-2000.000000;24.062500;0.021667;4.007917;93;

15955;-2000.000000;24.062500;0.021667;4.007500;93;

16097;-2000.000000;24.062500;0.021667;4.007500;92;

16246;-2000.000000;24.062500;0.021667;4.007500;93;

16386;-2000.000000;24.062500;0.021667;4.007500;93;

16522;-2000.000000;24.062500;0.021667;4.007500;93;

16667;-2000.000000;24.062500;0.021667;4.007500;94;

16815;-2000.000000;24.062500;0.021250;4.007500;94;

16956;-2000.000000;24.062500;0.021667;4.007500;93;

17105;-2000.000000;24.062500;0.021667;4.007500;92;

17245;-2000.000000;24.062500;0.021667;4.007500;94;

17386;-2000.000000;24.062500;0.021667;4.007500;91;

17522;-2000.000000;24.062500;0.021667;4.007500;91;

17674;-2000.000000;24.062500;0.021667;4.007500;93;

17838;-2000.000000;24.062500;0.021667;4.007500;93;

17996;-2000.000000;24.062500;0.021667;4.007500;94;

18151;-2000.000000;24.062500;0.021667;4.007500;94;

18301;-2000.000000;24.062500;0.021667;4.007500;94;

18445;-2000.000000;24.062500;0.021667;4.007500;95;

18588;-2000.000000;24.062500;0.021667;4.007500;94;

18735;-2000.000000;24.062500;0.021667;4.007500;93;

18877;-2000.000000;24.062500;0.021667;4.007500;92;

19025;-2000.000000;24.062500;0.021667;4.007500;92;

19162;-2000.000000;24.062500;0.021667;4.007500;92;

19308;-2000.000000;24.062500;0.021667;4.007500;92;

19455;-2000.000000;24.000000;0.021667;4.007500;94;

19598;-2000.000000;24.000000;0.021667;4.007500;93;

19735;-2000.000000;24.000000;0.021667;4.007500;92;

19873;-2000.000000;24.062500;0.021667;4.007500;93;

20015;-2000.000000;24.062500;0.021667;4.007500;93;

20152;-2000.000000;24.000000;0.021667;4.007500;95;

20304;-2000.000000;24.000000;4.007500;4.007500;94;

20454;-2000.000000;24.000000;0.021667;4.007500;95;

20605;-2000.000000;24.000000;0.021667;4.007500;92;

20765;-2000.000000;24.000000;4.007500;4.007500;94;

20910;-2000.000000;24.000000;0.021667;4.007500;93;

21056;-2000.000000;24.000000;0.021667;4.007500;91;

21205;-2000.000000;24.000000;0.021667;4.007500;92;

21343;-2000.000000;24.000000;0.021667;4.007500;93;

21494;-2000.000000;24.000000;0.021667;4.004167;95;

21635;-2000.000000;24.000000;0.021667;4.002083;98;

21772;-2000.000000;24.000000;0.021667;4.007500;94;

21915;-2000.000000;24.000000;0.021667;4.007500;95;

22056;-2000.000000;24.000000;0.021250;4.007500;92;

22181;-2000.000000;24.000000;0.021250;4.007500;93;

22325;-2000.000000;24.000000;0.021667;4.002083;93;

22465;-2000.000000;24.000000;0.021667;4.002501;95;

22605;-2000.000000;24.000000;0.021667;4.002083;93;

22742;-2000.000000;24.000000;0.021667;4.002083;93;

22889;-2000.000000;23.937500;0.021667;4.002083;93;

23047;-2000.000000;24.000000;0.021667;4.002083;93;

23195;-2000.000000;24.000000;4.002083;4.002083;90;

23318;-2000.000000;23.937500;0.021667;0.021667;93;

23476;-2000.000000;23.937500;0.021667;4.003334;94;

23638;-2000.000000;23.937500;0.021667;4.002501;93;

23791;-2000.000000;23.937500;0.021667;4.002083;94;

23933;-2000.000000;23.937500;0.021667;4.002917;91;

24075;-2000.000000;23.937500;0.021667;4.002501;94;

24213;-2000.000000;23.937500;0.021667;4.002083;92;

24360;-2000.000000;23.937500;0.021667;4.002501;95;

24506;-2000.000000;23.937500;0.021667;4.002083;93;

24642;-2000.000000;23.937500;0.021667;4.002083;94;

24785;-2000.000000;23.937500;0.021667;4.002083;93;

24929;-2000.000000;23.937500;0.021667;4.002083;92;

25075;-2000.000000;23.937500;0.021667;4.002083;92;

25215;-2000.000000;23.937500;0.021667;4.002083;94;

25353;-2000.000000;23.937500;0.021667;4.002083;95;

25509;-2000.000000;23.937500;0.021667;4.002083;93;

25658;-2000.000000;23.937500;0.021667;4.002083;95;

25813;-2000.000000;23.937500;0.021667;4.002083;94;

25967;-2000.000000;23.937500;0.021667;4.002083;95;

26115;-2000.000000;23.937500;0.021667;4.002083;93;

26272;-2000.000000;23.937500;0.021667;4.002083;91;

26429;-2000.000000;23.937500;0.021667;4.002083;92;

26573;-2000.000000;23.937500;0.021667;4.002083;91;

26715;-2000.000000;23.937500;0.021667;4.001667;91;

26855;-2000.000000;23.875000;0.021667;4.002083;95;

26992;-2000.000000;23.937500;0.021667;4.000417;92;

27145;-2000.000000;23.937500;0.021667;4.000834;90;

27295;-2000.000000;23.875000;0.021250;3.997084;93;

27445;-2000.000000;23.937500;0.021667;3.997500;92;

27582;-2000.000000;23.875000;0.021667;4.000417;95;

27731;-2000.000000;23.875000;0.021667;3.997084;92;

27876;-2000.000000;23.875000;0.021667;3.997917;92;

28015;-2000.000000;23.875000;0.021667;3.996667;93;

28155;-2000.000000;23.875000;0.021667;3.996667;93;

28292;-2000.000000;23.875000;0.021667;3.996667;95;

28436;-2000.000000;23.875000;0.021667;3.997084;93;

28595;-2000.000000;23.875000;0.021667;3.997084;92;

28753;-2000.000000;23.875000;0.021667;3.996667;93;

28918;-2000.000000;23.875000;0.021667;3.996667;92;

29063;-2000.000000;23.875000;3.997084;3.997084;94;

29209;-2000.000000;23.875000;0.021667;3.996667;93;

29355;-2000.000000;23.875000;0.021667;3.997084;92;

29495;-2000.000000;23.875000;0.021667;3.997084;93;

29635;-2000.000000;23.875000;0.021667;3.996667;93;

29776;-2000.000000;23.875000;0.021667;3.997084;93;

29925;-2000.000000;23.875000;0.021667;3.996667;96;

30065;-2000.000000;23.875000;0.021667;3.997084;93;

30202;-2000.000000;23.875000;0.021667;3.997084;92;

30345;-2000.000000;23.875000;0.021667;3.996667;91;

30482;-2000.000000;23.875000;0.021667;3.997084;94;

30632;-2000.000000;23.875000;0.021667;3.996667;95;

30775;-2000.000000;23.875000;0.021667;3.996667;94;

30915;-2000.000000;23.875000;0.021667;3.996667;92;

31052;-2000.000000;23.875000;0.021667;3.996667;92;

31205;-2000.000000;23.875000;0.021667;3.996667;93;

31358;-2000.000000;23.875000;0.021667;3.997084;92;

31512;-2000.000000;23.812500;0.021667;3.997084;91;

31667;-2000.000000;23.875000;0.021667;3.996667;90;

31816;-2000.000000;23.812500;0.021667;3.996667;91;

31966;-2000.000000;23.875000;0.021667;3.996667;93;

32106;-2000.000000;23.812500;0.021667;3.997084;95;

32255;-2000.000000;23.875000;0.021667;3.996667;92;

32392;-2000.000000;23.875000;0.021667;3.997084;94;

32540;-2000.000000;23.812500;0.021667;3.996667;93;

32683;-2000.000000;23.875000;0.021667;3.997084;93;

32825;-2000.000000;23.812500;0.021667;3.996250;92;

32965;-2000.000000;23.812500;0.021250;3.996250;92;

33101;-2000.000000;23.812500;0.021667;3.992500;93;

33229;-2000.000000;23.812500;0.021667;3.992500;93;

33383;-2000.000000;23.812500;0.021667;3.992500;90;

33526;-2000.000000;23.812500;0.021667;3.992500;94;

33672;-2000.000000;23.812500;0.021667;3.991667;91;

33815;-2000.000000;23.812500;0.021667;3.991667;94;

33958;-2000.000000;23.812500;0.021667;3.991667;92;

34118;-2000.000000;23.812500;0.021667;3.991667;93;

34271;-2000.000000;23.812500;0.021667;3.991667;93;

34421;-2000.000000;23.812500;0.021667;3.991667;92;

34555;-2000.000000;23.812500;0.021667;3.991250;93;

34687;-2000.000000;23.812500;0.021667;3.991250;93;

34837;-2000.000000;23.812500;0.021667;3.991667;94;

34981;-2000.000000;23.812500;0.021667;3.991667;92;

35125;-2000.000000;23.812500;0.021667;3.991667;94;

35262;-2000.000000;23.812500;0.021667;3.991667;93;

35408;-2000.000000;23.812500;0.021667;3.991667;93;

35563;-2000.000000;23.750000;0.021667;3.991667;93;

35706;-2000.000000;23.750000;0.021667;3.991667;92;

35845;-2000.000000;23.750000;0.021250;3.991667;93;

35982;-2000.000000;23.750000;0.021667;3.991667;90;

36128;-2000.000000;23.750000;0.021667;3.991667;91;

36281;-2000.000000;23.812500;0.021667;3.991250;92;

36425;-2000.000000;23.750000;0.021250;3.991667;90;

36562;-2000.000000;23.750000;0.021667;3.991667;93;

36705;-2000.000000;23.750000;0.021667;3.991250;93;

36844;-2000.000000;23.750000;0.021667;3.991667;92;

36978;-2000.000000;23.750000;0.021667;3.991667;95;

37133;-2000.000000;23.750000;0.021667;3.991667;91;

37290;-2000.000000;23.750000;0.021667;3.991667;92;

37445;-2000.000000;23.750000;0.021667;3.991667;96;

37592;-2000.000000;23.750000;0.021667;3.991667;94;

37735;-2000.000000;23.750000;0.021667;3.991667;94;

37878;-2000.000000;23.750000;0.021667;3.991667;92;

38025;-2000.000000;23.750000;0.021667;3.991667;95;

38163;-2000.000000;23.750000;0.021667;3.991667;95;

38316;-2000.000000;23.750000;0.021667;3.991667;92;

38477;-2000.000000;23.750000;0.021667;3.991667;91;

38625;-2000.000000;23.750000;0.021667;3.991667;93;

38765;-2000.000000;23.750000;0.021667;3.991250;94;

38905;-2000.000000;23.750000;0.021667;3.990833;93;

39040;-2000.000000;23.750000;0.021667;3.988750;93;

39186;-2000.000000;23.687500;0.021667;3.989167;92;

39322;-2000.000000;23.750000;0.021667;3.987500;92;

39465;-2000.000000;23.750000;0.021667;3.986250;92;

39609;-2000.000000;23.687500;0.021667;3.986250;92;

39765;-2000.000000;23.687500;0.021667;3.986250;92;

39928;-2000.000000;23.750000;0.021250;3.986250;92;

40082;-2000.000000;23.687500;0.021667;3.986250;91;

40240;-2000.000000;23.687500;0.021667;3.986250;95;

40376;-2000.000000;23.687500;0.021667;3.986250;95;

40515;-2000.000000;23.750000;0.021667;3.986250;92;

40662;-2000.000000;23.687500;0.021667;3.986250;94;

40808;-2000.000000;23.687500;0.021667;3.986250;94;

40952;-2000.000000;23.687500;0.021667;3.986250;92;

41098;-2000.000000;23.687500;0.021667;3.986250;95;

41251;-2000.000000;23.687500;0.021667;3.986250;95;

41398;-2000.000000;23.687500;0.021667;3.986250;93;

41542;-2000.000000;23.687500;0.021667;3.986250;95;

41686;-2000.000000;23.687500;0.021667;3.986250;92;

41835;-2000.000000;23.687500;0.021667;0.021667;93;

41978;-2000.000000;23.687500;0.021667;3.986250;93;

42125;-2000.000000;23.687500;0.021667;3.986250;96;

42262;-2000.000000;23.687500;0.021667;0.021667;93;

42414;-2000.000000;23.687500;0.021667;3.986250;95;

42572;-2000.000000;23.687500;3.986250;3.986250;93;

42723;-2000.000000;23.687500;0.021667;3.986250;95;

42865;-2000.000000;23.687500;3.986250;3.986250;95;

42995;-2000.000000;23.687500;0.021667;3.986250;92;

43128;-2000.000000;23.687500;0.021667;3.986250;93;

43286;-2000.000000;23.687500;0.021667;3.986250;94;

43435;-2000.000000;23.687500;0.021250;3.986250;95;

43572;-2000.000000;23.687500;0.021667;3.986250;92;

43716;-2000.000000;23.687500;0.021667;3.986250;93;

43865;-2000.000000;23.687500;0.021667;3.986250;94;

44002;-2000.000000;23.687500;0.021667;3.986250;92;

44145;-2000.000000;23.687500;3.986250;3.986250;91;

44274;-2000.000000;23.687500;0.021667;3.986250;94;

44415;-2000.000000;23.687500;0.021667;3.986250;94;

44553;-2000.000000;23.687500;0.021667;3.986250;94;

44695;-2000.000000;23.625000;0.021667;3.986250;95;

44832;-2000.000000;23.687500;0.021667;3.985000;94;

44981;-2000.000000;23.625000;0.021667;3.984584;92;

45125;-2000.000000;23.625000;0.021667;3.980834;96;

45279;-2000.000000;23.625000;0.021667;3.984584;94;

45433;-2000.000000;23.625000;3.981667;3.982917;94;

45567;-2000.000000;23.625000;0.021667;3.980834;95;

45727;-2000.000000;23.625000;0.021667;3.981250;95;

45884;-2000.000000;23.625000;0.021667;3.980834;93;

46035;-2000.000000;23.625000;0.021667;3.980834;93;

46175;-2000.000000;23.625000;0.021667;3.981667;95;

46320;-2000.000000;23.625000;0.021667;3.980834;95;

46465;-2000.000000;23.625000;0.021667;3.980834;91;

46608;-2000.000000;23.625000;0.021667;3.980834;95;

46752;-2000.000000;23.625000;0.021667;3.980834;94;

46902;-2000.000000;23.625000;0.021667;3.980834;95;

47046;-2000.000000;23.625000;3.980834;3.980834;94;

47183;-2000.000000;23.625000;0.021667;3.980834;94;

47325;-2000.000000;23.625000;0.021667;3.980834;93;

47463;-2000.000000;23.625000;0.021667;3.980834;94;

47616;-2000.000000;23.625000;0.021667;3.980834;94;

47766;-2000.000000;23.625000;0.021667;3.980834;93;

47903;-2000.000000;23.625000;0.021667;3.980834;95;

48052;-2000.000000;23.625000;0.021667;3.980834;93;

48190;-2000.000000;23.625000;0.021667;3.980834;92;

48339;-2000.000000;23.625000;0.021667;3.980834;95;

48502;-2000.000000;23.625000;0.021667;3.981250;92;

48651;-2000.000000;23.625000;3.981250;3.980834;96;

48805;-2000.000000;23.625000;0.021667;3.980834;95;

48956;-2000.000000;23.562500;0.021667;3.980834;93;

49092;-2000.000000;23.625000;0.021667;3.981250;94;

49235;-2000.000000;23.562500;0.021667;3.980834;96;

49373;-2000.000000;23.562500;0.021667;3.980834;90;

49518;-2000.000000;23.625000;0.021667;3.981250;94;

49668;-2000.000000;23.562500;0.021667;3.980834;91;

49813;-2000.000000;23.562500;0.021667;3.981250;92;

49956;-2000.000000;23.562500;0.021667;3.980834;94;

50112;-2000.000000;23.562500;0.021667;3.980834;93;

50255;-2000.000000;23.562500;0.021667;3.980834;92;

50395;-2000.000000;23.562500;0.021667;3.980834;92;

50533;-2000.000000;23.562500;0.021667;3.980834;91;

50683;-2000.000000;23.562500;0.021667;3.980834;93;

50825;-2000.000000;23.562500;0.021667;3.980834;94;

50972;-2000.000000;23.562500;0.021667;3.980834;91;

51122;-2000.000000;23.562500;0.021667;3.980834;95;

51273;-2000.000000;23.562500;3.980834;3.980834;93;

51417;-2000.000000;23.562500;0.021667;3.980834;93;

51566;-2000.000000;23.562500;0.021667;3.980834;93;

51699;-2000.000000;23.562500;0.021667;3.980834;93;

51842;-2000.000000;23.562500;0.021667;3.980834;94;

51988;-2000.000000;23.562500;0.021667;3.980834;92;

52135;-2000.000000;23.562500;0.021667;3.980834;94;

52279;-2000.000000;23.562500;0.021667;3.980834;93;

52425;-2000.000000;23.562500;0.021667;3.980834;93;

52563;-2000.000000;23.562500;0.021667;3.981250;93;

52705;-2000.000000;23.562500;0.021667;3.980834;93;

52839;-2000.000000;23.562500;0.021667;3.980834;92;

52993;-2000.000000;23.562500;0.021667;3.977500;94;

53135;-2000.000000;23.562500;0.021667;3.976667;94;

53275;-2000.000000;23.562500;0.021667;3.975834;97;

53415;-2000.000000;23.562500;0.021667;3.976250;90;

53557;-2000.000000;23.500000;0.021667;3.975417;94;

53716;-2000.000000;23.562500;0.021667;3.975417;93;

53874;-2000.000000;23.500000;0.021667;3.975417;93;

54032;-2000.000000;23.500000;0.021667;3.975834;93;

54175;-2000.000000;23.500000;0.021667;3.975417;96;

54312;-2000.000000;23.500000;0.021667;3.975834;98;

54452;-2000.000000;23.500000;0.021667;3.975417;93;

54595;-2000.000000;23.500000;0.021250;3.975417;94;

54732;-2000.000000;23.500000;0.021667;3.975417;94;

54878;-2000.000000;23.500000;0.021667;3.975417;95;

55022;-2000.000000;23.500000;0.021667;3.975417;92;

55185;-2000.000000;23.500000;0.021667;3.975417;92;

55325;-2000.000000;23.500000;0.021667;3.975834;94;

55463;-2000.000000;23.500000;0.021667;3.975834;93;

55605;-2000.000000;23.500000;0.021667;3.975417;94;

55742;-2000.000000;23.500000;0.021667;3.975834;92;

55892;-2000.000000;23.500000;0.021667;3.975834;90;

56035;-2000.000000;23.500000;0.021667;3.975834;91;

56175;-2000.000000;23.500000;0.021667;3.975417;92;

56322;-2000.000000;23.500000;0.021667;3.975417;91;

56467;-2000.000000;23.500000;0.021667;3.975417;94;

56622;-2000.000000;23.500000;0.021667;3.975417;92;

56774;-2000.000000;23.500000;0.021667;3.975417;98;

56922;-2000.000000;23.500000;0.021250;3.975417;94;

57063;-2000.000000;23.500000;0.021667;3.975834;93;

57202;-2000.000000;23.437500;0.021667;3.975417;94;

57345;-2000.000000;23.437500;0.021667;3.975417;92;

57483;-2000.000000;23.500000;0.021667;3.975417;95;

57633;-2000.000000;23.500000;0.021667;3.975417;92;

57775;-2000.000000;23.437500;0.021667;3.975417;94;

57912;-2000.000000;23.437500;0.021667;3.975417;92;

58056;-2000.000000;23.437500;0.021250;3.975834;93;

58204;-2000.000000;23.500000;0.021667;3.975834;93;

58334;-2000.000000;23.437500;0.021667;3.975417;94;

58476;-2000.000000;23.437500;0.021667;3.975417;95;

58615;-2000.000000;23.437500;0.021667;3.975417;91;

58753;-2000.000000;23.437500;0.021667;3.975834;95;

58901;-2000.000000;23.437500;0.021667;3.975417;92;

59043;-2000.000000;23.437500;0.021667;3.975000;95;

59185;-2000.000000;23.437500;0.021667;3.972917;92;

59388;-2000.000000;23.437500;0.021667;3.975417;92;

59605;-2000.000000;23.437500;0.021667;3.970000;93;

59801;-2000.000000;23.437500;0.021667;3.970417;95;

59952;-2000.000000;23.437500;0.021667;3.970000;95;

60101;-2000.000000;23.437500;0.021667;0.021667;94;

60251;-2000.000000;23.437500;0.021667;3.970417;94;

60392;-2000.000000;23.437500;0.021667;3.970417;93;

60546;-2000.000000;23.437500;0.021667;3.970417;93;

60694;-2000.000000;23.437500;0.021667;3.970417;94;

60841;-2000.000000;23.437500;0.021667;3.970417;94;

60985;-2000.000000;23.437500;0.021667;3.970417;94;

61128;-2000.000000;23.437500;0.021667;3.970417;94;

61275;-2000.000000;23.437500;0.021667;3.970417;93;

61413;-2000.000000;23.437500;0.021667;3.970000;94;

61558;-2000.000000;23.437500;0.021667;3.970417;93;

61702;-2000.000000;23.437500;0.021667;3.970417;92;

61851;-2000.000000;23.437500;0.021667;3.970417;94;

61998;-2000.000000;23.437500;0.021667;3.970417;95;

62142;-2000.000000;23.437500;0.021667;3.970417;92;

62286;-2000.000000;23.437500;0.021667;3.970417;91;

62442;-2000.000000;23.437500;0.021667;3.970417;91;

62586;-2000.000000;23.375000;0.021667;3.970000;91;

62732;-2000.000000;23.375000;0.021667;3.970000;93;

62867;-2000.000000;23.437500;0.021667;3.970417;93;

63025;-2000.000000;23.437500;0.021667;3.970417;94;

63169;-2000.000000;23.375000;0.021667;3.970417;93;

63320;-2000.000000;23.375000;0.021667;3.970417;91;

63451;-2000.000000;23.437500;0.021667;3.970000;96;

63595;-2000.000000;23.375000;3.970417;3.970417;93;

63722;-2000.000000;23.375000;0.021667;3.970417;92;

63877;-2000.000000;23.375000;0.021667;3.970000;95;

64024;-2000.000000;23.375000;0.021667;3.970417;94;

64162;-2000.000000;23.375000;0.021667;3.970417;94;

64305;-2000.000000;23.375000;0.021667;3.970417;93;

64442;-2000.000000;23.375000;0.021667;3.970417;94;

64586;-2000.000000;23.375000;0.021667;3.970417;94;

64735;-2000.000000;23.375000;0.021667;3.970417;94;

64875;-2000.000000;23.375000;0.021667;3.970417;93;

65015;-2000.000000;23.375000;0.021667;3.970000;93;

65157;-2000.000000;23.375000;0.021667;3.970417;92;

65314;-2000.000000;23.375000;0.021667;3.970417;93;

65455;-2000.000000;23.375000;0.021667;3.970417;93;

65595;-2000.000000;23.375000;0.021667;3.970417;94;

65744;-2000.000000;23.375000;3.970417;3.970417;94;

65888;-2000.000000;23.375000;0.021667;3.970417;94;

66040;-2000.000000;23.375000;0.021667;3.970417;92;

66195;-2000.000000;23.375000;0.021667;3.970000;94;

66334;-2000.000000;23.375000;0.021667;3.970417;93;

66479;-2000.000000;23.375000;3.970000;3.970417;91;

66625;-2000.000000;23.375000;0.021667;3.970417;94;

66765;-2000.000000;23.375000;0.021667;3.970417;93;

66907;-2000.000000;23.375000;0.021667;3.970417;93;

67055;-2000.000000;23.375000;0.021667;3.969167;92;

67195;-2000.000000;23.375000;0.021667;3.967917;95;

67335;-2000.000000;23.312500;0.021667;3.965834;92;

67474;-2000.000000;23.375000;0.021667;3.966667;95;

67615;-2000.000000;23.375000;0.021667;3.967084;92;

67765;-2000.000000;23.375000;0.021667;3.966250;91;

67902;-2000.000000;23.375000;0.021667;3.965000;95;

68045;-2000.000000;23.312500;0.021667;3.965000;91;

68182;-2000.000000;23.312500;0.021667;3.965000;93;

68325;-2000.000000;23.312500;0.021667;3.965000;95;

68463;-2000.000000;23.312500;0.021667;3.965000;93;

68611;-2000.000000;23.312500;0.021667;3.965000;94;

68766;-2000.000000;23.312500;0.021667;3.965000;93;

68925;-2000.000000;23.312500;3.965000;3.965000;92;

69058;-2000.000000;23.312500;0.021667;3.965000;92;

69204;-2000.000000;23.312500;0.021667;3.965000;96;

69336;-2000.000000;23.312500;0.021667;3.965000;95;

69465;-2000.000000;23.312500;0.021667;3.964583;93;

69602;-2000.000000;23.312500;0.021667;3.965000;93;

69756;-2000.000000;23.312500;0.021667;3.965000;92;

69905;-2000.000000;23.312500;0.021667;3.965000;93;

70042;-2000.000000;23.312500;0.021667;3.965000;91;

70185;-2000.000000;23.312500;0.021667;3.965000;93;

70332;-2000.000000;23.312500;0.021667;3.965000;94;

70478;-2000.000000;23.312500;0.021667;3.965000;92;

70625;-2000.000000;23.312500;0.021667;3.964583;95;

70763;-2000.000000;23.312500;0.021667;3.965000;94;

70911;-2000.000000;23.312500;0.021667;3.965000;95;

71050;-2000.000000;23.312500;0.021667;3.962500;94;

71195;-2000.000000;23.312500;0.021667;3.960000;93;

71335;-2000.000000;23.312500;0.021667;3.960000;92;

71481;-2000.000000;23.312500;0.021667;3.959583;92;

71632;-2000.000000;23.250000;0.021667;3.961250;92;

71783;-2000.000000;23.312500;0.021250;3.959583;95;

71925;-2000.000000;23.250000;0.021667;3.959583;93;

72073;-2000.000000;23.312500;0.021667;3.959583;95;

72215;-2000.000000;23.250000;0.021667;3.959583;94;

72368;-2000.000000;23.250000;0.021250;3.959583;93;

72521;-2000.000000;23.250000;0.021667;3.959583;94;

72664;-2000.000000;23.250000;0.021667;3.959583;91;

72805;-2000.000000;23.250000;0.021667;3.959583;93;

72943;-2000.000000;23.250000;0.021667;3.960000;92;

73085;-2000.000000;23.250000;0.021667;3.959583;93;

73221;-2000.000000;23.250000;0.021667;3.959583;93;

73349;-2000.000000;23.250000;0.021667;3.959583;93;

73485;-2000.000000;23.250000;0.021667;3.959583;96;

73622;-2000.000000;23.250000;0.021667;3.959583;92;

73766;-2000.000000;23.250000;0.021667;3.960000;92;

73915;-2000.000000;23.250000;0.021667;3.960000;94;

74053;-2000.000000;23.250000;0.021667;3.959583;94;

74195;-2000.000000;23.250000;0.021667;3.959583;97;

74332;-2000.000000;23.250000;0.021667;3.959583;93;

74480;-2000.000000;23.250000;0.021667;3.959583;92;

74625;-2000.000000;23.250000;0.021667;3.959583;93;

74772;-2000.000000;23.250000;0.021667;3.959583;95;

74922;-2000.000000;23.250000;0.021667;3.960000;93;

75070;-2000.000000;23.250000;0.021667;3.959583;93;

75222;-2000.000000;23.250000;0.021250;3.959583;94;

75371;-2000.000000;23.250000;3.959583;3.959583;94;

75518;-2000.000000;23.250000;0.021667;3.959583;94;

75666;-2000.000000;23.250000;0.021667;3.959583;90;

75816;-2000.000000;23.250000;0.021667;3.959583;93;

75968;-2000.000000;23.250000;0.021667;3.959583;90;

76115;-2000.000000;23.187500;0.021667;3.959583;92;

76253;-2000.000000;23.250000;0.021667;3.959583;94;

76401;-2000.000000;23.250000;0.021667;3.959583;93;

76531;-2000.000000;23.250000;0.021667;3.959583;94;

76676;-2000.000000;23.250000;0.021667;3.960000;92;

76812;-2000.000000;23.250000;0.021667;3.959583;95;

76958;-2000.000000;23.250000;0.021667;3.959583;92;

77112;-2000.000000;23.187500;0.021667;3.959583;93;

77256;-2000.000000;23.250000;0.021667;3.958333;94;

77405;-2000.000000;23.187500;0.021667;3.959167;93;

77556;-2000.000000;23.187500;0.021250;3.954167;94;

77711;-2000.000000;23.250000;0.021667;3.954167;92;

77862;-2000.000000;23.250000;0.021667;0.021667;92;

78008;-2000.000000;23.187500;0.021667;3.954167;94;

78161;-2000.000000;23.187500;0.021667;3.954583;93;

78311;-2000.000000;23.187500;0.021667;3.954583;93;

78443;-2000.000000;23.187500;0.021667;3.954167;92;

78585;-2000.000000;23.187500;0.021667;3.954167;93;

78726;-2000.000000;23.187500;0.021667;3.954167;92;

78875;-2000.000000;23.187500;0.021667;3.954167;94;

79018;-2000.000000;23.187500;0.021667;3.954583;94;

79165;-2000.000000;23.187500;0.021667;3.954167;92;

79309;-2000.000000;23.187500;0.021667;3.954583;95;

79462;-2000.000000;23.187500;0.021667;3.954167;93;

79593;-2000.000000;23.187500;0.021667;3.954583;92;

79738;-2000.000000;23.187500;0.021667;3.954583;94;

79885;-2000.000000;23.187500;0.021667;3.954167;94;

80025;-2000.000000;23.187500;0.021667;3.954167;94;

80170;-2000.000000;23.187500;0.021667;3.954167;96;

80315;-2000.000000;23.187500;0.021667;3.954583;94;

80462;-2000.000000;23.187500;0.021667;3.954583;94;

80616;-2000.000000;23.187500;0.021667;3.954583;94;

80772;-2000.000000;23.187500;0.021667;3.954583;94;

80917;-2000.000000;23.187500;0.021667;3.954167;93;

81072;-2000.000000;23.187500;0.021667;3.954583;94;

81211;-2000.000000;23.187500;0.021667;3.954583;95;

81353;-2000.000000;23.187500;0.021667;3.954583;92;

81492;-2000.000000;23.187500;0.021667;3.954167;93;

81642;-2000.000000;23.187500;0.021667;3.954167;94;

81782;-2000.000000;23.187500;0.021667;3.954583;92;

81925;-2000.000000;23.187500;0.021667;3.954167;93;

82063;-2000.000000;23.187500;0.021667;3.954167;92;

82210;-2000.000000;23.187500;0.021667;3.954167;94;

82356;-2000.000000;23.187500;0.021667;3.954167;93;

82493;-2000.000000;23.125000;0.021667;3.954167;96;

82636;-2000.000000;23.125000;0.021667;3.954167;93;

82785;-2000.000000;23.125000;0.021667;3.953750;92;

82927;-2000.000000;23.125000;0.021667;3.954583;96;

83075;-2000.000000;23.125000;0.021667;3.952084;94;

83212;-2000.000000;23.125000;0.021667;3.950000;94;

83372;-2000.000000;23.125000;0.021667;3.950000;93;

83522;-2000.000000;23.125000;0.021667;3.949167;91;

83673;-2000.000000;23.125000;0.021667;3.949167;95;

83817;-2000.000000;23.125000;0.021667;3.949167;94;

83972;-2000.000000;23.125000;0.021667;3.949167;93;

84122;-2000.000000;23.125000;0.021667;3.949167;93;

84266;-2000.000000;23.125000;0.021667;0.021250;94;

84402;-2000.000000;23.125000;0.021667;3.948750;94;

84552;-2000.000000;23.125000;0.021667;3.949167;93;

84682;-2000.000000;23.125000;0.021667;3.949167;92;

84826;-2000.000000;23.125000;0.021667;3.949167;92;

84975;-2000.000000;23.125000;0.021667;3.949167;95;

85117;-2000.000000;23.125000;0.021667;3.949167;96;

85265;-2000.000000;23.125000;0.021250;3.949167;94;

85405;-2000.000000;23.125000;0.021667;3.949167;94;

85543;-2000.000000;23.125000;0.021667;3.949167;93;

85685;-2000.000000;23.125000;0.021667;3.949167;95;

85826;-2000.000000;23.125000;0.021667;3.948750;93;

85965;-2000.000000;23.125000;0.021667;3.949167;91;

86102;-2000.000000;23.125000;0.021667;3.949167;91;

86245;-2000.000000;23.125000;0.021667;3.949167;92;

86391;-2000.000000;23.125000;0.021667;3.949167;93;

86540;-2000.000000;23.125000;0.021667;3.948750;93;

86684;-2000.000000;23.062500;0.021667;3.949167;93;

86816;-2000.000000;23.125000;0.021250;3.949167;93;

86973;-2000.000000;23.062500;3.949167;3.949167;93;

87116;-2000.000000;23.125000;0.021667;3.949167;94;

87272;-2000.000000;23.062500;0.021250;3.949167;94;

87423;-2000.000000;23.062500;0.021667;3.949167;92;

87565;-2000.000000;23.062500;0.021667;3.949167;94;

87702;-2000.000000;23.062500;0.021667;3.949167;96;

87845;-2000.000000;23.125000;0.021667;3.949167;92;

87983;-2000.000000;23.062500;0.021667;3.949167;94;

88142;-2000.000000;23.062500;0.021667;3.949167;93;

88288;-2000.000000;23.062500;0.021250;3.949167;91;

88435;-2000.000000;23.062500;0.021667;3.949167;93;

88573;-2000.000000;23.062500;0.021667;3.949167;94;

88722;-2000.000000;23.062500;0.021667;3.948334;96;

88866;-2000.000000;23.062500;0.021667;3.948750;94;

89002;-2000.000000;23.062500;0.021667;3.947500;94;

89148;-2000.000000;23.062500;0.021667;3.946667;93;

89296;-2000.000000;23.062500;0.021667;3.945833;90;

89457;-2000.000000;23.062500;0.021667;3.945000;95;

89615;-2000.000000;23.062500;0.021667;3.944167;92;

89772;-2000.000000;23.062500;0.021667;3.944167;94;

89925;-2000.000000;23.062500;0.021667;3.943750;94;

90081;-2000.000000;23.062500;0.021667;3.943750;92;

90225;-2000.000000;23.062500;3.943750;3.943750;95;

90362;-2000.000000;23.062500;0.021667;3.943750;93;

90505;-2000.000000;23.062500;0.021667;3.943750;92;

90645;-2000.000000;23.062500;0.021667;3.943750;93;

90786;-2000.000000;23.062500;0.021667;3.943750;91;

90922;-2000.000000;23.062500;0.021667;3.943750;90;

91066;-2000.000000;23.062500;0.021667;3.943750;94;

91203;-2000.000000;23.062500;0.021667;0.021667;96;

91345;-2000.000000;23.062500;0.021667;3.943750;97;

91483;-2000.000000;23.062500;0.021667;3.943750;92;

91625;-2000.000000;23.062500;0.021667;3.943750;91;

91762;-2000.000000;23.062500;0.021667;3.943750;93;

91906;-2000.000000;23.062500;0.021667;3.943750;95;

92045;-2000.000000;23.062500;0.021667;3.943750;91;

92182;-2000.000000;23.000000;0.021667;3.943750;94;

92329;-2000.000000;23.062500;0.021667;3.943750;94;

92481;-2000.000000;23.000000;0.021667;3.943750;94;

92631;-2000.000000;23.062500;3.943750;3.943750;94;

92781;-2000.000000;23.000000;0.021667;3.943750;92;

92925;-2000.000000;23.062500;0.021667;3.943750;93;

93051;-2000.000000;23.062500;0.021667;3.943750;94;

93196;-2000.000000;23.062500;0.021667;3.943750;92;

93340;-2000.000000;23.000000;0.021250;3.943750;93;

93486;-2000.000000;23.000000;0.021667;3.943334;94;

93635;-2000.000000;23.062500;0.021667;3.943334;95;

93772;-2000.000000;23.000000;0.021667;3.943750;93;

93921;-2000.000000;23.000000;0.021667;3.943750;90;

94059;-2000.000000;23.000000;0.021667;3.943750;96;

94205;-2000.000000;23.000000;0.021667;3.943750;94;

94343;-2000.000000;23.000000;0.021667;3.943750;91;

94485;-2000.000000;23.000000;0.021667;3.943750;93;

94625;-2000.000000;23.000000;0.021667;3.943750;92;

94778;-2000.000000;23.000000;0.021667;3.943750;95;

94925;-2000.000000;23.000000;0.021667;3.943750;93;

95065;-2000.000000;23.000000;0.021667;3.943750;95;

95212;-2000.000000;23.000000;0.021667;3.943750;95;

95361;-2000.000000;23.000000;0.021667;3.943750;93;

95499;-2000.000000;23.000000;0.021667;3.943750;90;

95634;-2000.000000;23.000000;3.943750;3.943750;92;

95780;-2000.000000;23.000000;0.021667;3.943750;92;

95931;-2000.000000;23.000000;0.021667;3.943750;94;

96079;-2000.000000;23.000000;0.021667;3.943750;92;

96231;-2000.000000;23.000000;0.021667;3.943334;94;

96372;-2000.000000;23.000000;0.021667;3.943750;95;

96515;-2000.000000;23.000000;0.021667;3.943750;94;

96652;-2000.000000;23.000000;0.021667;3.943750;94;

96795;-2000.000000;22.937500;0.021667;3.943750;93;

96935;-2000.000000;23.000000;0.021667;3.943750;93;

97072;-2000.000000;23.000000;0.021667;3.943334;92;

97215;-2000.000000;23.000000;0.021667;3.942500;93;

97352;-2000.000000;22.937500;0.021667;3.940417;93;

97496;-2000.000000;23.000000;0.021667;3.940833;94;

97645;-2000.000000;22.937500;0.021250;3.941250;94;

97785;-2000.000000;22.937500;0.021667;3.938334;94;

97925;-2000.000000;23.000000;0.021667;3.938334;95;

98072;-2000.000000;23.000000;0.021667;3.938334;92;

98223;-2000.000000;23.000000;0.021667;3.938334;94;

98361;-2000.000000;22.937500;0.021667;3.938334;90;

98501;-2000.000000;22.937500;0.021667;3.938750;94;

98647;-2000.000000;22.937500;0.021667;3.938334;91;

98805;-2000.000000;22.937500;0.021667;3.938334;93;

98963;-2000.000000;22.937500;0.021667;3.938334;93;

99113;-2000.000000;22.937500;3.938334;3.938334;93;

99256;-2000.000000;22.937500;0.021667;3.938334;94;

99412;-2000.000000;22.937500;0.021667;3.938334;97;

99553;-2000.000000;22.937500;0.021667;3.938750;93;

99696;-2000.000000;22.937500;0.021667;3.938334;93;

99835;-2000.000000;22.937500;0.021667;3.938334;95;

99975;-2000.000000;22.937500;0.021667;3.938334;93;

100116;-2000.000000;22.937500;0.021667;3.938334;92;

100265;-2000.000000;22.937500;0.021667;3.938334;91;

100405;-2000.000000;22.937500;0.021667;3.938334;94;

100543;-2000.000000;22.937500;0.021667;3.938334;93;

100690;-2000.000000;22.937500;0.021667;3.938334;95;

100836;-2000.000000;22.937500;0.021667;3.938334;92;

100983;-2000.000000;22.937500;0.021667;3.938334;93;

101125;-2000.000000;22.937500;0.021667;3.938334;94;

101267;-2000.000000;22.937500;0.021667;3.938334;93;

101421;-2000.000000;22.937500;0.021667;3.938334;94;

101575;-2000.000000;22.937500;0.021667;3.938334;95;

101732;-2000.000000;22.937500;0.021667;3.938334;92;

101882;-2000.000000;22.937500;0.021667;3.938334;94;

102027;-2000.000000;22.937500;0.021667;3.938334;94;

102175;-2000.000000;22.937500;0.021667;3.938334;94;

102318;-2000.000000;22.875000;0.021667;3.938334;94;

102465;-2000.000000;22.937500;0.021667;3.938334;96;

102603;-2000.000000;22.937500;0.021667;3.938334;96;

102752;-2000.000000;22.937500;0.021250;3.938750;95;

102893;-2000.000000;22.937500;0.021667;3.938334;95;

103035;-2000.000000;22.937500;0.021667;3.938334;94;

103172;-2000.000000;22.875000;0.021667;3.938334;92;

103318;-2000.000000;22.875000;0.021667;3.938334;91;

103463;-2000.000000;22.875000;0.021667;3.936250;95;

103605;-2000.000000;22.875000;0.021667;3.934584;94;

103745;-2000.000000;22.875000;0.021667;3.934584;95;

103882;-2000.000000;22.875000;0.021667;3.936667;93;

104033;-2000.000000;22.875000;0.021667;3.932917;93;

104182;-2000.000000;22.875000;0.021667;3.932917;92;

104327;-2000.000000;22.875000;0.021250;3.932917;95;

104489;-2000.000000;22.875000;0.021667;3.933334;94;

104643;-2000.000000;22.875000;0.021667;3.932917;94;

104791;-2000.000000;22.875000;0.021667;3.932917;94;

104938;-2000.000000;22.875000;0.021667;3.932917;93;

105085;-2000.000000;22.875000;0.021667;3.932917;92;

105223;-2000.000000;22.875000;0.021667;3.932917;93;

105367;-2000.000000;22.875000;0.021667;3.932917;95;

105513;-2000.000000;22.875000;0.021667;3.933334;93;

105658;-2000.000000;22.875000;0.021667;3.933334;94;

105805;-2000.000000;22.875000;0.021667;3.932917;94;

105943;-2000.000000;22.875000;0.021667;3.932917;94;

106085;-2000.000000;22.875000;0.021667;3.933334;94;

106230;-2000.000000;22.875000;0.021667;3.932917;96;

106381;-2000.000000;22.875000;0.021667;3.932917;96;

106525;-2000.000000;22.875000;0.021667;3.932917;95;

106662;-2000.000000;22.875000;0.021667;3.933334;93;

106812;-2000.000000;22.875000;3.932917;3.932917;93;

106959;-2000.000000;22.875000;0.021667;3.932917;95;

107112;-2000.000000;22.875000;0.021667;3.932917;95;

107267;-2000.000000;22.875000;0.021667;3.932917;92;

107424;-2000.000000;22.875000;3.932917;3.933334;92;

107555;-2000.000000;22.875000;0.021250;3.932917;91;

107686;-2000.000000;22.812500;0.021667;3.932917;94;

107821;-2000.000000;22.812500;0.021667;3.932917;93;

107965;-2000.000000;22.812500;0.021667;3.933334;95;

108102;-2000.000000;22.875000;0.021667;3.932917;95;

108245;-2000.000000;22.812500;0.021667;3.933334;92;

108386;-2000.000000;22.812500;0.021667;3.932917;93;

108522;-2000.000000;22.812500;0.021667;3.933334;93;

108665;-2000.000000;22.875000;0.021667;3.932917;93;

108802;-2000.000000;22.812500;0.021667;3.933334;92;

108946;-2000.000000;22.812500;0.021667;3.932917;94;

109084;-2000.000000;22.812500;0.021667;3.932917;90;

109225;-2000.000000;22.812500;0.021667;3.932917;93;

109363;-2000.000000;22.812500;0.021667;3.931667;92;

109505;-2000.000000;22.812500;0.021667;3.932500;92;

109642;-2000.000000;22.812500;0.021667;3.932083;94;

109787;-2000.000000;22.812500;0.021667;3.928334;92;

109936;-2000.000000;22.812500;0.021667;3.929167;95;

110071;-2000.000000;22.812500;0.021667;3.929584;92;

110215;-2000.000000;22.812500;0.021667;3.928334;94;

110352;-2000.000000;22.812500;0.021667;3.927917;92;

110499;-2000.000000;22.812500;0.021667;3.927917;95;

110645;-2000.000000;22.812500;0.021667;3.927917;93;

110793;-2000.000000;22.812500;0.021667;3.927917;92;

110942;-2000.000000;22.812500;0.021667;3.927917;94;

111082;-2000.000000;22.812500;0.021667;3.927917;92;

111225;-2000.000000;22.812500;0.021667;3.927917;94;

111362;-2000.000000;22.812500;0.021667;3.927917;96;

111505;-2000.000000;22.812500;0.021667;3.927917;95;

111645;-2000.000000;22.812500;0.021667;3.927917;94;

111783;-2000.000000;22.812500;0.021667;3.927917;93;

111925;-2000.000000;22.812500;0.021667;3.927917;96;

112063;-2000.000000;22.812500;0.021667;3.927917;90;

112205;-2000.000000;22.812500;0.021667;3.927500;93;

112342;-2000.000000;22.812500;0.021667;3.927917;92;

112487;-2000.000000;22.812500;0.021667;3.927917;91;

112632;-2000.000000;22.812500;0.021667;3.927917;93;

112775;-2000.000000;22.812500;0.021667;3.927917;92;

112914;-2000.000000;22.812500;0.021667;3.927917;92;

113063;-2000.000000;22.812500;0.021667;3.927917;94;

113213;-2000.000000;22.812500;3.927917;3.927917;94;

113357;-2000.000000;22.812500;0.021667;3.927917;93;

113512;-2000.000000;22.812500;0.021667;3.927917;94;

113655;-2000.000000;22.812500;0.021667;3.927917;94;

113797;-2000.000000;22.812500;0.021667;3.927500;95;

113942;-2000.000000;22.812500;0.021667;3.927500;93;

114085;-2000.000000;22.812500;0.021667;3.927917;94;

114224;-2000.000000;22.812500;0.021667;3.927917;93;

114365;-2000.000000;22.812500;0.021667;3.927917;94;

114502;-2000.000000;22.812500;0.021667;3.927917;95;

114646;-2000.000000;22.812500;0.021667;3.927917;93;

114795;-2000.000000;22.750000;0.021667;3.927917;90;

114934;-2000.000000;22.812500;0.021667;3.927917;93;

115076;-2000.000000;22.812500;0.021667;3.927917;96;

115212;-2000.000000;22.812500;0.021667;3.927917;95;

115357;-2000.000000;22.750000;0.021667;3.927917;94;

115505;-2000.000000;22.812500;0.021667;3.927917;94;

115646;-2000.000000;22.750000;0.021667;3.927917;92;

115806;-2000.000000;22.812500;0.021667;3.927917;95;

115963;-2000.000000;22.750000;0.021667;3.927917;93;

116111;-2000.000000;22.750000;0.021667;3.927917;92;

116250;-2000.000000;22.750000;0.021667;3.922500;94;

116396;-2000.000000;22.750000;0.021667;3.922500;94;

116535;-2000.000000;22.750000;0.021250;3.927917;93;

116673;-2000.000000;22.750000;0.021667;3.927917;93;

116815;-2000.000000;22.750000;0.021667;3.927917;94;

116954;-2000.000000;22.750000;0.021667;3.927917;95;

117095;-2000.000000;22.750000;0.021667;3.927917;94;

117234;-2000.000000;22.750000;0.021667;3.927917;94;

117375;-2000.000000;22.750000;0.021667;3.927917;94;

117513;-2000.000000;22.750000;0.021667;3.927500;96;

117655;-2000.000000;22.750000;0.021667;3.927500;93;

117792;-2000.000000;22.750000;0.021667;3.927083;96;

117935;-2000.000000;22.750000;0.021667;3.926250;91;

118074;-2000.000000;22.750000;0.021667;3.926250;93;

118215;-2000.000000;22.750000;0.021667;3.923750;93;

118360;-2000.000000;22.750000;0.021667;3.923750;94;

118516;-2000.000000;22.750000;0.021667;3.922500;91;

118655;-2000.000000;22.750000;0.021667;3.922500;94;

118789;-2000.000000;22.750000;0.316667;3.772917;94;

118938;-2000.000000;22.750000;0.561667;3.757917;94;

119092;-2000.000000;22.750000;0.682500;3.752500;92;

119236;-2000.000000;22.750000;0.766667;3.738750;93;

119385;-2000.000000;22.750000;0.817083;3.733333;95;

119525;-2000.000000;22.750000;0.868333;3.727917;92;

119662;-2000.000000;22.750000;0.906667;3.722917;94;

119805;-2000.000000;22.750000;0.933333;3.722500;94;

119943;-2000.000000;22.750000;0.953333;3.722500;94;

120085;-2000.000000;22.750000;0.960000;3.722500;93;

120222;-2000.000000;22.750000;0.964583;3.721667;91;

120365;-2000.000000;22.687500;0.965417;3.722500;93;

120504;-2000.000000;22.750000;0.970417;3.722917;94;

120645;-2000.000000;22.687500;0.970833;3.722917;94;

120782;-2000.000000;22.750000;0.970833;3.722917;94;

120925;-2000.000000;22.750000;0.971250;3.722917;93;

121063;-2000.000000;22.687500;0.971250;3.722917;97;

121207;-2000.000000;22.687500;0.970833;3.722917;94;

121355;-2000.000000;22.687500;0.970833;3.722917;89;

121498;-2000.000000;22.687500;0.969583;3.722917;92;

121645;-2000.000000;22.687500;0.967917;3.722500;96;

121786;-2000.000000;22.687500;0.965417;3.724583;92;

121940;-2000.000000;22.687500;0.965417;3.728333;93;

122085;-2000.000000;22.687500;0.965833;3.728333;92;

122226;-2000.000000;22.687500;0.965417;3.727917;95;

122362;-2000.000000;22.687500;0.965417;3.728333;92;

122507;-2000.000000;22.687500;0.970833;3.727500;94;

122652;-2000.000000;22.687500;0.877083;3.728333;94;

122795;-2000.000000;22.687500;0.750417;3.727917;94;

122937;-2000.000000;22.687500;0.647500;3.727917;92;

123082;-2000.000000;22.687500;0.555417;3.727917;94;

123225;-2000.000000;22.687500;0.462083;3.728333;94;

123364;-2000.000000;22.687500;0.347500;3.728750;95;

123505;-2000.000000;22.687500;0.205000;3.730834;93;

123644;-2000.000000;22.687500;0.087500;3.732917;97;

123785;-2000.000000;22.687500;0.030000;3.733750;96;

123922;-2000.000000;22.687500;0.021667;3.733333;94;

124073;-2000.000000;22.687500;0.021667;3.733333;94;

124231;-2000.000000;22.687500;0.021667;3.733750;93;

124382;-2000.000000;22.687500;0.021667;3.733333;93;

124529;-2000.000000;22.687500;0.021667;3.733750;95;

124675;-2000.000000;22.687500;0.021667;3.733333;92;

124815;-2000.000000;22.687500;0.021667;3.733333;92;

124952;-2000.000000;22.687500;0.021667;3.733333;93;

125095;-2000.000000;22.687500;0.021667;3.733333;94;

125232;-2000.000000;22.687500;0.021667;3.733333;93;

125380;-2000.000000;22.687500;0.021667;3.733333;94;

125525;-2000.000000;22.687500;0.021667;3.733333;93;

125662;-2000.000000;22.687500;0.021667;3.733333;93;

125805;-2000.000000;22.687500;0.021667;3.733333;93;

125940;-2000.000000;22.687500;0.021667;3.734167;94;

126076;-2000.000000;22.687500;0.021667;3.734167;93;

126222;-2000.000000;22.687500;0.021667;3.737084;92;

126365;-2000.000000;22.687500;0.021667;3.738333;94;

126505;-2000.000000;22.687500;0.021667;3.738750;94;

126650;-2000.000000;22.687500;0.021667;3.738750;94;

126805;-2000.000000;22.625000;0.021250;3.738750;91;

126946;-2000.000000;22.625000;0.021667;3.738750;93;

127103;-2000.000000;22.687500;0.021667;3.738750;94;

127245;-2000.000000;22.625000;0.021667;3.738750;94;

127404;-2000.000000;22.625000;0.021667;3.738750;92;

127546;-2000.000000;22.625000;0.021667;3.738750;95;

127695;-2000.000000;22.625000;0.021667;3.738750;94;

127835;-2000.000000;22.625000;0.021667;3.738750;93;

127975;-2000.000000;22.687500;0.021667;3.738750;92;

128115;-2000.000000;22.625000;0.021667;3.739166;94;

128258;-2000.000000;22.625000;0.021667;3.738750;93;

128406;-2000.000000;22.625000;0.021667;3.738750;94;

128545;-2000.000000;22.625000;0.021667;3.738750;94;

128685;-2000.000000;22.625000;0.021667;3.738750;93;

128832;-2000.000000;22.625000;3.738750;3.738750;94;

128975;-2000.000000;22.625000;0.021667;3.738750;94;

129115;-2000.000000;22.625000;0.021667;3.738750;94;

129255;-2000.000000;22.625000;0.021667;3.738750;93;

129392;-2000.000000;22.625000;0.021667;3.738750;93;

129531;-2000.000000;22.625000;0.021667;3.738750;94;

129684;-2000.000000;22.625000;3.738750;3.739166;92;

129825;-2000.000000;22.625000;0.021667;3.738750;94;

129983;-2000.000000;22.625000;0.021667;3.738750;94;

130128;-2000.000000;22.625000;0.021667;3.738750;92;

130283;-2000.000000;22.625000;0.021667;3.738750;94;

130432;-2000.000000;22.625000;3.738750;3.738750;94;

130575;-2000.000000;22.625000;0.021667;3.738750;94;

130712;-2000.000000;22.625000;0.021667;3.738750;96;

130858;-2000.000000;22.625000;0.021667;3.738750;96;

131006;-2000.000000;22.625000;0.021667;3.738750;94;

131155;-2000.000000;22.625000;0.021667;3.738750;94;

131295;-2000.000000;22.625000;0.021667;3.738750;90;

131433;-2000.000000;22.625000;0.021667;3.738750;95;

131575;-2000.000000;22.625000;0.021667;3.738750;93;

131716;-2000.000000;22.625000;0.021667;3.740000;93;

131865;-2000.000000;22.625000;0.021667;3.738750;93;

132006;-2000.000000;22.625000;0.021667;3.738750;95;

132143;-2000.000000;22.562500;0.021667;3.738750;95;

132291;-2000.000000;22.625000;0.021667;3.741667;93;

132435;-2000.000000;22.625000;0.021667;3.747500;94;

132592;-2000.000000;22.625000;0.021667;3.747500;93;

132746;-2000.000000;22.562500;0.021667;3.743750;94;

132901;-2000.000000;22.625000;0.021667;3.742084;93;

133055;-2000.000000;22.562500;3.746250;3.746250;93;

133197;-2000.000000;22.625000;0.021667;3.747500;93;

133350;-2000.000000;22.562500;0.021667;3.747500;95;

133495;-2000.000000;22.562500;0.021667;3.744167;95;

133636;-2000.000000;22.562500;0.021667;3.747083;94;

133782;-2000.000000;22.562500;0.021667;3.746667;91;

133931;-2000.000000;22.562500;0.021667;3.746250;93;

134075;-2000.000000;22.562500;0.021250;3.744167;93;

134215;-2000.000000;22.562500;0.021667;3.746667;93;

134355;-2000.000000;22.562500;0.021667;3.746250;93;

134495;-2000.000000;22.562500;0.021250;3.747500;92;

134646;-2000.000000;22.562500;0.021667;3.747500;94;

134786;-2000.000000;22.562500;0.021667;3.738750;94;

134932;-2000.000000;22.562500;0.021667;3.738750;97;

135075;-2000.000000;22.562500;0.021667;3.747500;95;

135220;-2000.000000;22.562500;0.021667;3.747500;93;

135372;-2000.000000;22.562500;0.021667;3.747500;92;

135526;-2000.000000;22.562500;0.021667;3.747500;93;

135673;-2000.000000;22.562500;3.747083;3.747500;95;

135818;-2000.000000;22.562500;0.021667;3.746667;95;

135973;-2000.000000;22.562500;0.021667;3.747500;95;

136115;-2000.000000;22.562500;0.021667;3.747500;93;

136250;-2000.000000;22.562500;0.021667;3.747083;94;

136396;-2000.000000;22.562500;0.021250;3.747500;95;

136545;-2000.000000;22.562500;0.021667;3.747500;92;

136682;-2000.000000;22.562500;0.021667;3.745417;91;

136833;-2000.000000;22.562500;0.021250;3.747500;94;

136975;-2000.000000;22.562500;0.021667;3.746250;92;

137115;-2000.000000;22.562500;0.021667;3.747500;95;

137255;-2000.000000;22.562500;0.021667;3.747500;94;

137392;-2000.000000;22.562500;0.021250;3.747083;94;

137525;-2000.000000;22.562500;0.021667;3.747083;92;

137661;-2000.000000;22.562500;0.021667;3.747500;95;

137806;-2000.000000;22.562500;0.021667;3.742917;90;

137942;-2000.000000;22.562500;0.021667;3.744583;91;

138088;-2000.000000;22.562500;0.021667;3.744583;95;

138236;-2000.000000;22.562500;0.021667;3.744583;96;

138393;-2000.000000;22.500000;3.747083;3.747500;94;

138542;-2000.000000;22.562500;0.021667;3.745417;94;

138685;-2000.000000;22.562500;0.021667;3.746667;93;

138826;-2000.000000;22.500000;0.021667;3.747500;92;

138975;-2000.000000;22.562500;0.021667;3.742917;93;

139116;-2000.000000;22.500000;0.021667;3.746250;97;

139255;-2000.000000;22.500000;0.021667;3.742917;93;

139395;-2000.000000;22.562500;0.021667;3.743334;92;

139536;-2000.000000;22.562500;0.021667;3.742917;93;

139688;-2000.000000;22.562500;0.021667;3.745417;94;

139836;-2000.000000;22.500000;0.021667;3.742500;93;

139972;-2000.000000;22.562500;0.021667;3.742917;94;

140115;-2000.000000;22.500000;0.021667;3.740000;94;

140253;-2000.000000;22.562500;3.740834;3.738750;94;

140395;-2000.000000;22.500000;0.021667;3.747500;93;

140532;-2000.000000;22.562500;0.021667;3.747500;95;

140675;-2000.000000;22.500000;0.021667;3.740000;96;

140812;-2000.000000;22.500000;0.021667;3.738750;94;

140965;-2000.000000;22.500000;3.738750;3.738750;95;

141107;-2000.000000;22.500000;0.021667;3.738750;96;

141263;-2000.000000;22.500000;0.021667;3.738750;93;

141404;-2000.000000;22.500000;0.021667;3.738750;92;

141541;-2000.000000;22.500000;3.738750;3.739166;94;

141690;-2000.000000;22.500000;0.021667;3.738750;90;

141842;-2000.000000;22.500000;0.021667;3.738750;94;

141991;-2000.000000;22.500000;0.021667;3.739166;95;

142135;-2000.000000;22.500000;0.021667;3.738750;92;

142275;-2000.000000;22.500000;0.021667;3.738750;94;

142416;-2000.000000;22.500000;0.021250;3.738750;95;

142550;-2000.000000;22.500000;0.021667;3.738750;92;

142690;-2000.000000;22.500000;0.021667;3.738750;94;

142838;-2000.000000;22.500000;0.021667;3.738750;93;

142985;-2000.000000;22.500000;0.021667;3.738750;94;

143122;-2000.000000;22.500000;0.021667;3.738750;93;

143273;-2000.000000;22.500000;0.021667;3.738750;93;

143418;-2000.000000;22.500000;0.021667;3.738750;94;

143563;-2000.000000;22.500000;0.021667;3.738750;92;

143706;-2000.000000;22.500000;0.021667;3.738750;92;

143856;-2000.000000;22.500000;0.021667;3.739166;91;

144012;-2000.000000;22.500000;0.021667;3.738750;92;

144162;-2000.000000;22.500000;0.021667;3.738750;95;

144313;-2000.000000;22.500000;0.021667;3.739166;92;

144463;-2000.000000;22.500000;0.021667;3.738750;94;

144622;-2000.000000;22.500000;3.738750;3.738750;92;

144773;-2000.000000;22.500000;0.021250;3.738750;93;

144913;-2000.000000;22.500000;0.021667;3.739166;93;

145058;-2000.000000;22.500000;0.021667;3.739166;93;

145205;-2000.000000;22.500000;0.021667;3.738750;94;

145348;-2000.000000;22.500000;0.021667;3.738750;95;

145495;-2000.000000;22.500000;0.021667;3.739166;93;

145636;-2000.000000;22.500000;0.021667;3.738750;91;

145782;-2000.000000;22.500000;0.021667;3.739166;96;

145933;-2000.000000;22.437500;0.021667;3.739166;93;

146073;-2000.000000;22.500000;0.021667;3.739166;95;

146219;-2000.000000;22.437500;0.021667;3.738750;95;

146368;-2000.000000;22.500000;0.021667;3.738750;94;

146515;-2000.000000;22.437500;0.021667;3.739166;94;

146658;-2000.000000;22.500000;0.021667;3.738750;97;

146812;-2000.000000;22.437500;0.021667;3.738750;92;

146968;-2000.000000;22.437500;0.021667;3.739166;93;

147115;-2000.000000;22.500000;0.021667;3.738750;94;

147258;-2000.000000;22.437500;0.021667;3.738750;91;

147412;-2000.000000;22.437500;0.021667;3.738750;91;

147554;-2000.000000;22.437500;3.738750;3.739166;94;

147696;-2000.000000;22.437500;3.738750;3.738750;91;

147829;-2000.000000;22.437500;0.021667;3.738750;92;

147975;-2000.000000;22.437500;0.021250;3.739166;94;

148116;-2000.000000;22.437500;0.021667;3.739166;95;

148265;-2000.000000;22.437500;0.021667;3.738750;94;

148396;-2000.000000;22.437500;0.021667;3.738750;96;

148545;-2000.000000;22.437500;0.021667;3.738750;94;

148682;-2000.000000;22.437500;0.021667;3.738750;93;

148825;-2000.000000;22.437500;0.021667;3.739166;93;

148961;-2000.000000;22.437500;0.021667;3.738750;93;

149095;-2000.000000;22.437500;0.021667;3.739166;93;

149233;-2000.000000;22.437500;0.021667;3.738750;94;

149375;-2000.000000;22.437500;0.021667;3.739166;92;

149513;-2000.000000;22.437500;0.021667;3.738750;93;

149655;-2000.000000;22.437500;0.021667;3.739166;94;

149792;-2000.000000;22.437500;0.021667;0.021667;94;

149944;-2000.000000;22.437500;0.021667;3.739166;93;

150088;-2000.000000;22.437500;0.021667;3.739166;92;

150243;-2000.000000;22.437500;3.738750;3.738750;91;

150384;-2000.000000;22.437500;0.021667;3.738750;94;

150523;-2000.000000;22.437500;3.738750;3.738750;92;

150673;-2000.000000;22.437500;3.738750;3.736250;95;

150819;-2000.000000;22.437500;0.021667;3.736667;93;

150966;-2000.000000;22.437500;0.021667;3.737917;94;

151105;-2000.000000;22.437500;0.021667;3.735417;94;

151231;-2000.000000;22.437500;0.021667;3.738750;94;

151375;-2000.000000;22.437500;0.021667;3.739166;95;

151512;-2000.000000;22.437500;0.021667;3.738750;96;

151655;-2000.000000;22.437500;0.021667;3.738750;92;

151792;-2000.000000;22.375000;0.021667;3.738750;93;

151938;-2000.000000;22.437500;0.021667;3.733750;92;

152092;-2000.000000;22.437500;0.021667;3.733333;93;

152238;-2000.000000;22.437500;0.021667;3.738750;94;

152383;-2000.000000;22.375000;0.021667;3.739166;92;

152526;-2000.000000;22.375000;0.021667;3.733750;92;

152666;-2000.000000;22.437500;0.021667;3.734584;92;

152818;-2000.000000;22.375000;0.021667;3.738750;92;

152965;-2000.000000;22.375000;0.021667;3.733333;93;

153102;-2000.000000;22.437500;0.021667;3.733333;93;

153252;-2000.000000;22.375000;0.021667;3.733333;93;

153406;-2000.000000;22.375000;0.021667;3.733333;90;

153530;-2000.000000;22.375000;0.021667;3.733333;94;

153685;-2000.000000;22.375000;0.021667;3.733333;92;

153843;-2000.000000;22.375000;0.021667;3.733750;93;

153987;-2000.000000;22.375000;0.021667;3.733333;92;

154147;-2000.000000;22.375000;0.021667;3.733750;94;

154295;-2000.000000;22.375000;0.021667;3.733333;94;

154438;-2000.000000;22.375000;0.021667;3.733333;94;

154585;-2000.000000;22.375000;0.021667;3.733750;93;

154727;-2000.000000;22.375000;0.021667;3.739166;93;

154875;-2000.000000;22.375000;0.021667;3.738750;96;

155015;-2000.000000;22.375000;0.021667;3.733750;93;

155155;-2000.000000;22.375000;0.021667;3.733750;91;

155296;-2000.000000;22.375000;0.021667;3.739166;90;

155435;-2000.000000;22.375000;0.021667;3.733750;92;

155575;-2000.000000;22.375000;0.021667;3.733333;90;

155715;-2000.000000;22.375000;0.021667;3.733333;95;

155855;-2000.000000;22.375000;0.021667;3.733750;93;

155990;-2000.000000;22.375000;0.021667;3.733750;92;

156146;-2000.000000;22.375000;3.733333;3.733333;93;

156287;-2000.000000;22.375000;0.021667;3.733333;92;

156441;-2000.000000;22.375000;0.021667;3.733333;94;

156585;-2000.000000;22.375000;0.021667;3.733333;92;

156729;-2000.000000;22.375000;0.021667;3.733333;93;

156880;-2000.000000;22.375000;0.021667;3.733333;92;

157033;-2000.000000;22.375000;0.021667;3.733333;92;

157183;-2000.000000;22.375000;0.021667;3.733750;92;

157325;-2000.000000;22.375000;0.021667;3.733333;94;

157462;-2000.000000;22.375000;0.021667;3.733333;96;

157608;-2000.000000;22.375000;0.021667;3.733333;94;

157754;-2000.000000;22.375000;0.021667;3.733750;94;

157903;-2000.000000;22.375000;0.021667;3.733333;95;

158045;-2000.000000;22.375000;0.021667;3.733333;92;

158186;-2000.000000;22.375000;0.021667;3.728750;95;

158335;-2000.000000;22.375000;0.021667;3.730834;94;

158472;-2000.000000;22.375000;0.021250;3.729167;92;

158616;-2000.000000;22.375000;0.021667;3.728333;96;

158755;-2000.000000;22.375000;0.021667;3.727917;94;

158895;-2000.000000;22.375000;0.021667;3.728333;95;

159035;-2000.000000;22.375000;0.021667;3.728333;92;

159177;-2000.000000;22.375000;0.021667;3.727917;94;

159316;-2000.000000;22.375000;0.021667;3.727917;94;

159452;-2000.000000;22.312500;0.021667;3.727917;94;

159604;-2000.000000;22.312500;0.021667;3.728333;92;

159755;-2000.000000;22.312500;0.021667;3.728333;94;

159895;-2000.000000;22.375000;0.021667;3.728333;93;

160041;-2000.000000;22.312500;0.021667;3.727917;92;

160185;-2000.000000;22.312500;0.021667;3.728333;93;

160335;-2000.000000;22.312500;0.021667;3.727917;95;

160475;-2000.000000;22.375000;0.021667;3.728333;92;

160613;-2000.000000;22.375000;0.021667;3.727917;94;

160763;-2000.000000;22.312500;0.021667;3.728333;91;

160905;-2000.000000;22.375000;0.021667;3.727917;94;

161042;-2000.000000;22.375000;0.021667;3.727917;94;

161185;-2000.000000;22.312500;0.021667;3.727917;93;

161330;-2000.000000;22.312500;0.021667;3.727917;94;

161475;-2000.000000;22.312500;0.021667;3.727917;94;

161612;-2000.000000;22.312500;0.021667;3.727917;94;

161756;-2000.000000;22.375000;0.021250;3.728333;93;

161896;-2000.000000;22.312500;0.021667;3.727917;95;

162043;-2000.000000;22.312500;0.021667;3.728333;93;

162185;-2000.000000;22.312500;0.021667;3.728333;93;

162337;-2000.000000;22.312500;0.021667;3.728333;91;

162492;-2000.000000;22.312500;3.728333;3.728333;96;

162641;-2000.000000;22.312500;0.021667;3.727917;91;

162793;-2000.000000;22.312500;0.021667;3.728333;90;

162939;-2000.000000;22.312500;0.021667;3.727917;93;

163086;-2000.000000;22.312500;0.021667;3.728333;91;

163236;-2000.000000;22.312500;0.021667;3.728333;91;

163376;-2000.000000;22.312500;0.021667;3.727917;91;

163512;-2000.000000;22.312500;0.021667;3.727917;93;

163655;-2000.000000;22.312500;0.021667;3.728333;94;

163792;-2000.000000;22.312500;0.021667;3.728333;95;

163938;-2000.000000;22.312500;0.021667;3.727917;95;

164085;-2000.000000;22.312500;0.021667;3.727917;92;

164228;-2000.000000;22.312500;0.021667;3.728333;91;

164365;-2000.000000;22.312500;0.021667;3.728333;94;

164503;-2000.000000;22.312500;0.021667;3.728333;96;

164648;-2000.000000;22.312500;0.021667;3.728333;94;

164797;-2000.000000;22.312500;0.021667;0.021667;94;

164947;-2000.000000;22.312500;0.021667;3.727917;93;

165095;-2000.000000;22.312500;0.021667;3.727500;90;

165241;-2000.000000;22.312500;0.021667;3.727917;94;

165393;-2000.000000;22.312500;0.021667;3.728333;93;

165542;-2000.000000;22.312500;0.021667;3.725000;90;

165676;-2000.000000;22.312500;3.724583;3.724167;96;

165825;-2000.000000;22.312500;0.021667;3.723750;94;

165955;-2000.000000;22.312500;3.725417;3.725417;94;

166082;-2000.000000;22.312500;0.021667;3.723750;95;

166222;-2000.000000;22.312500;0.021667;3.727917;92;

166378;-2000.000000;22.250000;0.021667;3.727917;95;

166525;-2000.000000;22.312500;0.021667;3.728333;95;

166666;-2000.000000;22.312500;0.021667;3.728333;94;

166812;-2000.000000;22.312500;0.021250;3.727917;91;

166955;-2000.000000;22.312500;0.021667;3.727917;94;

167094;-2000.000000;22.250000;0.021667;3.727917;91;

167236;-2000.000000;22.312500;0.021667;3.728333;93;

167372;-2000.000000;22.312500;0.021667;3.728333;90;

167515;-2000.000000;22.312500;0.021667;3.728333;94;

167655;-2000.000000;22.312500;0.021250;3.727500;92;

167795;-2000.000000;22.312500;0.021667;3.722500;92;

167932;-2000.000000;22.312500;0.021667;3.722500;96;

168085;-2000.000000;22.312500;0.021667;3.725834;93;

168231;-2000.000000;22.250000;0.021667;3.723334;94;

168380;-2000.000000;22.250000;0.021667;3.723334;92;

168531;-2000.000000;22.250000;0.021667;3.722917;92;

168679;-2000.000000;22.312500;0.021250;3.722917;92;

168832;-2000.000000;22.250000;0.021667;3.722917;90;

168976;-2000.000000;22.250000;0.021667;3.722917;94;

169113;-2000.000000;22.250000;0.021667;3.722917;94;

169255;-2000.000000;22.250000;0.021250;3.722500;92;

169396;-2000.000000;22.250000;0.021667;3.722917;91;

169545;-2000.000000;22.250000;0.021667;3.722500;93;

169682;-2000.000000;22.250000;0.021667;3.722917;93;

169825;-2000.000000;22.250000;0.021667;3.722500;94;

169963;-2000.000000;22.250000;0.021667;3.722500;91;

170108;-2000.000000;22.250000;0.021667;3.722500;95;

170255;-2000.000000;22.250000;0.021667;3.722917;94;

170392;-2000.000000;22.250000;0.021667;3.722500;95;

170535;-2000.000000;22.250000;0.021667;3.722917;93;

170677;-2000.000000;22.250000;0.021667;3.722500;93;

170825;-2000.000000;22.250000;0.021667;3.722500;91;

170975;-2000.000000;22.250000;0.021667;3.722500;93;

171115;-2000.000000;22.250000;3.722917;3.722917;92;

171262;-2000.000000;22.250000;3.722917;3.722917;93;

171411;-2000.000000;22.250000;0.021667;3.722500;93;

171547;-2000.000000;22.250000;0.021667;3.722917;94;

171702;-2000.000000;22.250000;0.021667;3.722917;97;

171844;-2000.000000;22.250000;0.021667;3.722500;95;

171987;-2000.000000;22.250000;0.021667;3.722083;93;

172127;-2000.000000;22.250000;0.021667;3.722083;93;

172286;-2000.000000;22.250000;0.021250;3.722500;92;

172435;-2000.000000;22.250000;0.021250;3.722917;94;

172572;-2000.000000;22.250000;0.021667;3.720834;94;

172718;-2000.000000;22.250000;0.021667;3.717500;94;

172862;-2000.000000;22.250000;0.021667;3.718750;89;

173008;-2000.000000;22.250000;0.021250;3.722917;93;

173155;-2000.000000;22.250000;0.021667;3.722500;96;

173293;-2000.000000;22.187500;0.021667;3.722500;94;

173435;-2000.000000;22.250000;0.021667;3.722500;94;

173576;-2000.000000;22.250000;0.021667;3.717500;92;

173718;-2000.000000;22.250000;0.021667;3.717500;92;

173865;-2000.000000;22.250000;0.021667;3.722500;95;

174003;-2000.000000;22.187500;0.021667;3.717917;92;

174146;-2000.000000;22.250000;0.021667;3.717500;94;

174302;-2000.000000;22.250000;3.717084;3.717084;93;

174443;-2000.000000;22.187500;0.021667;3.717084;93;

174576;-2000.000000;22.187500;0.021667;3.717084;95;

174732;-2000.000000;22.187500;0.021667;3.717084;95;

174881;-2000.000000;22.187500;0.021667;3.720000;91;

175031;-2000.000000;22.250000;0.021667;3.717084;91;

175174;-2000.000000;22.187500;0.021667;3.717084;93;

175316;-2000.000000;22.187500;0.021667;3.717084;93;

175465;-2000.000000;22.187500;0.021667;3.717500;96;

175603;-2000.000000;22.250000;0.021667;3.717084;93;

175747;-2000.000000;22.187500;0.021667;3.717084;93;

175895;-2000.000000;22.187500;0.021667;3.717084;92;

176032;-2000.000000;22.187500;0.021250;3.717084;91;

176176;-2000.000000;22.187500;0.021667;3.717500;92;

176322;-2000.000000;22.187500;0.021667;3.717084;94;

176465;-2000.000000;22.187500;0.021667;3.717500;92;

176606;-2000.000000;22.187500;0.021667;3.717500;93;

176743;-2000.000000;22.187500;0.021667;3.717084;91;

176885;-2000.000000;22.187500;0.021667;3.717084;95;

177023;-2000.000000;22.187500;0.021667;3.717500;94;

177165;-2000.000000;22.187500;3.717084;3.717084;94;

177309;-2000.000000;22.187500;0.021250;3.717084;92;

177463;-2000.000000;22.187500;0.021250;3.717084;93;

177622;-2000.000000;22.187500;0.021667;3.717084;90;

177773;-2000.000000;22.187500;0.021667;3.717084;93;

177912;-2000.000000;22.187500;0.021667;3.717500;92;

178056;-2000.000000;22.187500;0.021667;3.717084;93;

178196;-2000.000000;22.187500;0.021667;3.717500;94;

178342;-2000.000000;22.187500;0.021667;3.717084;95;

178486;-2000.000000;22.187500;0.021667;3.717084;91;

178624;-2000.000000;22.187500;0.021667;3.717500;93;

178765;-2000.000000;22.187500;0.021667;3.717500;93;

178902;-2000.000000;22.187500;0.021667;3.717500;94;

179045;-2000.000000;22.187500;0.021667;3.715000;96;

179181;-2000.000000;22.187500;0.021667;3.715417;96;

179315;-2000.000000;22.187500;0.021667;3.717500;91;

179453;-2000.000000;22.187500;0.021667;3.717084;93;

179595;-2000.000000;22.187500;0.021667;3.717084;90;

179732;-2000.000000;22.187500;0.021667;3.717084;90;

179884;-2000.000000;22.187500;3.717084;3.717084;95;

180033;-2000.000000;22.187500;0.021667;3.717084;95;

180176;-2000.000000;22.187500;0.021250;3.717084;94;

180315;-2000.000000;22.187500;0.021667;3.711667;93;

180452;-2000.000000;22.187500;0.021667;3.711667;92;

180595;-2000.000000;22.187500;0.021667;3.717500;96;

180726;-2000.000000;22.187500;0.021667;3.717084;92;

180876;-2000.000000;22.187500;0.021667;3.717500;93;

181025;-2000.000000;22.187500;0.021667;3.716250;93;

181164;-2000.000000;22.187500;0.021667;3.717500;95;

181305;-2000.000000;22.187500;0.021667;3.712084;93;

181444;-2000.000000;22.187500;0.021667;3.712084;94;

181585;-2000.000000;22.187500;0.021667;3.714583;95;

181722;-2000.000000;22.187500;0.021667;3.714583;93;

181866;-2000.000000;22.187500;0.021667;3.711667;93;

182002;-2000.000000;22.187500;0.021667;3.711667;93;

182147;-2000.000000;22.187500;0.021667;3.712084;92;

182295;-2000.000000;22.187500;0.021667;3.712084;94;

182432;-2000.000000;22.187500;0.021667;3.712084;93;

182577;-2000.000000;22.187500;0.021667;3.712084;94;

182722;-2000.000000;22.187500;0.021667;3.712084;92;

182869;-2000.000000;22.187500;0.021667;3.711667;92;

183021;-2000.000000;22.187500;0.021667;3.711667;93;

183163;-2000.000000;22.187500;0.021667;3.711667;95;

183302;-2000.000000;22.187500;0.021667;3.712084;94;

183446;-2000.000000;22.187500;0.021667;3.712084;94;

183595;-2000.000000;22.125000;0.021667;3.712084;96;

183737;-2000.000000;22.125000;0.021667;3.712084;94;

183885;-2000.000000;22.125000;0.021667;3.712084;95;

184022;-2000.000000;22.187500;0.021667;3.712084;91;

184167;-2000.000000;22.187500;0.021250;3.711667;92;

184312;-2000.000000;22.187500;0.021667;3.711667;94;

184456;-2000.000000;22.125000;0.021667;3.711667;92;

184597;-2000.000000;22.187500;0.021667;3.712084;94;

184743;-2000.000000;22.187500;0.021667;3.711667;95;

184885;-2000.000000;22.125000;0.021667;3.711667;92;

185024;-2000.000000;22.125000;0.021250;3.712084;92;

185165;-2000.000000;22.125000;0.021667;3.712084;96;

185304;-2000.000000;22.187500;0.021250;3.712084;93;

185445;-2000.000000;22.125000;0.021667;3.712084;94;

185589;-2000.000000;22.125000;0.021667;3.711667;95;

185724;-2000.000000;22.125000;3.712084;3.712084;95;

185862;-2000.000000;22.125000;0.021667;3.712084;93;

186005;-2000.000000;22.125000;3.712084;3.711667;92;

186146;-2000.000000;22.125000;0.021667;3.712084;92;

186302;-2000.000000;22.125000;0.021667;3.712084;97;

186445;-2000.000000;22.125000;0.021667;3.711667;95;

186586;-2000.000000;22.125000;0.021667;3.712084;95;

186732;-2000.000000;22.125000;0.021667;3.712084;93;

186875;-2000.000000;22.125000;0.021667;3.712084;92;

187012;-2000.000000;22.125000;0.021667;3.712084;95;

187156;-2000.000000;22.125000;0.021667;3.712084;94;

187292;-2000.000000;22.125000;0.021667;3.711667;92;

187435;-2000.000000;22.125000;0.021667;3.712084;96;

187574;-2000.000000;22.125000;0.021667;3.710417;93;

187715;-2000.000000;22.125000;0.021667;3.712084;94;

187855;-2000.000000;22.125000;0.021667;3.707500;94;

187994;-2000.000000;22.125000;0.021667;3.707500;91;

188135;-2000.000000;22.125000;0.021667;3.711667;96;

188274;-2000.000000;22.125000;0.021667;3.712084;93;

188415;-2000.000000;22.125000;3.708334;3.709584;93;

188546;-2000.000000;22.125000;0.021667;3.706250;93;

188702;-2000.000000;22.125000;0.021667;3.706667;92;

188839;-2000.000000;22.125000;0.021667;3.712084;95;

188991;-2000.000000;22.125000;0.021667;3.712084;92;

189135;-2000.000000;22.125000;0.021667;3.711667;93;

189274;-2000.000000;22.125000;0.021667;3.712084;95;

189415;-2000.000000;22.125000;0.021667;3.711667;93;

189554;-2000.000000;22.125000;0.021667;3.711667;93;

189695;-2000.000000;22.125000;0.021667;3.711250;94;

189834;-2000.000000;22.125000;0.021667;3.706667;94;

189975;-2000.000000;22.125000;0.021667;3.706667;94;

190114;-2000.000000;22.125000;0.021667;3.707083;95;

190255;-2000.000000;22.125000;0.021667;3.707500;96;

190392;-2000.000000;22.125000;0.021667;3.706667;94;

190535;-2000.000000;22.125000;0.021667;3.706667;93;

190672;-2000.000000;22.125000;0.021667;3.706667;93;

190815;-2000.000000;22.125000;0.021667;3.706667;91;

190957;-2000.000000;22.125000;0.021667;3.706667;92;

191106;-2000.000000;22.125000;0.021667;3.706667;95;

191263;-2000.000000;22.125000;0.021667;3.706667;92;

191415;-2000.000000;22.125000;0.021667;3.706667;93;

191571;-2000.000000;22.125000;0.021667;3.706667;91;

191715;-2000.000000;22.125000;0.021667;3.706667;92;

191852;-2000.000000;22.125000;0.021667;3.706667;96;

191997;-2000.000000;22.125000;0.021667;3.706667;95;

192142;-2000.000000;22.125000;0.021667;3.706667;95;

192285;-2000.000000;22.125000;0.021667;3.706667;93;

192424;-2000.000000;22.125000;0.021667;3.706667;95;

192565;-2000.000000;22.125000;0.021667;3.706667;94;

192707;-2000.000000;22.125000;0.021667;3.706667;93;

192852;-2000.000000;22.125000;0.021667;3.706667;92;

192995;-2000.000000;22.062500;0.021667;3.706667;93;

193132;-2000.000000;22.062500;0.021667;3.706667;94;

193275;-2000.000000;22.125000;0.021667;3.706667;93;

193414;-2000.000000;22.062500;0.021667;3.706667;92;

193555;-2000.000000;22.125000;0.021667;3.706667;95;

193696;-2000.000000;22.125000;0.021250;3.706667;95;

193859;-2000.000000;22.125000;0.021667;3.706667;90;

193995;-2000.000000;22.062500;0.021667;3.706250;93;

194139;-2000.000000;22.062500;0.021667;3.706667;93;

194292;-2000.000000;22.125000;0.021667;3.706667;94;

194442;-2000.000000;22.125000;0.021667;3.706667;94;

194587;-2000.000000;22.062500;0.021667;3.706667;91;

194735;-2000.000000;22.125000;0.021667;3.706667;92;

194872;-2000.000000;22.062500;0.021667;3.706667;94;

195017;-2000.000000;22.062500;0.021667;3.706667;95;

195162;-2000.000000;22.125000;0.021667;3.701250;92;

195305;-2000.000000;22.125000;0.021667;3.701250;93;

195444;-2000.000000;22.062500;0.021667;3.706667;93;

195586;-2000.000000;22.062500;0.021667;3.706667;92;

195727;-2000.000000;22.062500;0.021667;3.706667;94;

195872;-2000.000000;22.062500;0.021667;3.706667;93;

196015;-2000.000000;22.062500;0.021667;3.704583;92;

196154;-2000.000000;22.062500;0.021667;3.705417;95;

196295;-2000.000000;22.062500;0.021667;3.703334;94;

196434;-2000.000000;22.062500;3.702084;3.702917;90;

196582;-2000.000000;22.062500;0.021667;3.701250;94;

196731;-2000.000000;22.062500;0.021667;3.701250;93;

196872;-2000.000000;22.062500;0.021667;3.701250;93;

197023;-2000.000000;22.062500;0.021667;3.701667;95;

197157;-2000.000000;22.062500;0.021667;3.701250;93;

197303;-2000.000000;22.062500;0.021667;3.701250;91;

197445;-2000.000000;22.062500;0.021667;3.701250;91;

197582;-2000.000000;22.062500;0.021667;3.700833;92;

197725;-2000.000000;22.062500;0.021667;3.701250;92;

197864;-2000.000000;22.062500;0.021667;3.701250;93;

198006;-2000.000000;22.062500;0.021667;3.701250;91;

198142;-2000.000000;22.062500;0.021667;3.701250;92;

198286;-2000.000000;22.062500;0.021667;3.701250;94;

198435;-2000.000000;22.062500;0.021667;3.701250;94;

198574;-2000.000000;22.062500;0.021667;3.701250;92;

198715;-2000.000000;22.062500;0.021667;3.701250;93;

198852;-2000.000000;22.062500;0.021667;3.701250;94;

198995;-2000.000000;22.062500;0.021667;3.701250;96;

199132;-2000.000000;22.062500;0.021667;3.701250;93;

199276;-2000.000000;22.062500;0.021667;3.701250;92;

199426;-2000.000000;22.062500;0.021250;3.701250;92;

199584;-2000.000000;22.062500;3.701250;3.701250;92;

199733;-2000.000000;22.062500;0.021667;3.701250;91;

199883;-2000.000000;22.062500;0.021667;3.701250;92;

200025;-2000.000000;22.062500;0.021667;3.701250;94;

200162;-2000.000000;22.062500;0.021250;3.700833;94;

200305;-2000.000000;22.062500;0.021667;3.701250;93;

200442;-2000.000000;22.062500;0.021667;3.701250;94;

200586;-2000.000000;22.062500;0.021667;3.701250;96;

200735;-2000.000000;22.062500;0.021667;3.701250;94;

200874;-2000.000000;22.062500;0.021667;3.701250;93;

201015;-2000.000000;22.062500;0.021667;3.701250;93;

201152;-2000.000000;22.062500;0.021667;3.695834;93;

201296;-2000.000000;22.062500;0.021667;3.695834;93;

201442;-2000.000000;22.062500;0.021667;3.701250;93;

201585;-2000.000000;22.062500;0.021667;3.701250;97;

201723;-2000.000000;22.062500;0.021667;3.701250;93;

201865;-2000.000000;22.062500;0.021667;3.701250;92;

202012;-2000.000000;22.062500;0.021667;3.701250;90;

202162;-2000.000000;22.062500;0.021667;3.701250;92;

202312;-2000.000000;22.062500;0.021667;3.701250;92;

202464;-2000.000000;22.062500;0.021667;3.700417;95;

202592;-2000.000000;22.062500;0.021667;3.700833;92;

202737;-2000.000000;22.062500;0.021667;3.697917;91;

202885;-2000.000000;22.062500;0.021667;3.695834;93;

203022;-2000.000000;22.062500;0.021667;3.695834;94;

203165;-2000.000000;22.062500;0.021667;3.695834;94;

203302;-2000.000000;22.062500;0.021667;3.697917;92;

203447;-2000.000000;22.062500;0.021667;3.695834;95;

203595;-2000.000000;22.062500;0.021667;3.695834;95;

203732;-2000.000000;22.062500;0.021667;3.695834;93;

203877;-2000.000000;22.062500;0.021667;3.695834;96;

204023;-2000.000000;22.062500;0.021667;3.695834;93;

204165;-2000.000000;22.062500;0.021667;3.695834;92;

204304;-2000.000000;22.062500;0.021667;3.695834;93;

204445;-2000.000000;22.062500;0.021667;3.695834;91;

204591;-2000.000000;22.000000;0.021667;3.695834;91;

204748;-2000.000000;22.062500;0.021250;3.695834;92;

204902;-2000.000000;22.062500;0.021667;3.695834;94;

205052;-2000.000000;22.062500;0.021667;3.695834;91;

205186;-2000.000000;22.062500;0.021667;3.695834;91;

205332;-2000.000000;22.062500;0.021667;3.695834;95;

205475;-2000.000000;22.062500;0.021667;3.695834;91;

205613;-2000.000000;22.062500;0.021667;3.695834;93;

205755;-2000.000000;22.062500;0.021667;3.695834;89;

205893;-2000.000000;22.062500;0.021667;3.695834;93;

206035;-2000.000000;22.062500;0.021667;3.695834;93;

206172;-2000.000000;22.062500;0.021667;3.695834;94;

206317;-2000.000000;22.062500;0.021667;3.695834;93;

206465;-2000.000000;22.062500;0.021250;3.695834;92;

206602;-2000.000000;22.000000;0.021667;3.695834;93;

206747;-2000.000000;22.062500;0.021667;3.695834;94;

206895;-2000.000000;22.000000;0.021667;3.695834;92;

207032;-2000.000000;22.062500;0.021667;3.695834;92;

207180;-2000.000000;22.000000;0.021667;3.695834;96;

207332;-2000.000000;22.000000;0.021667;3.695834;93;

207478;-2000.000000;22.062500;0.021667;3.695834;95;

207622;-2000.000000;22.062500;0.021667;3.695834;93;

207767;-2000.000000;22.062500;0.021667;3.695834;95;

207915;-2000.000000;22.062500;0.021667;3.695834;93;

208056;-2000.000000;22.062500;0.021667;3.695834;92;

208192;-2000.000000;22.000000;0.021667;3.695834;96;

208335;-2000.000000;22.000000;0.021667;3.695834;93;

208472;-2000.000000;22.062500;0.021667;3.695834;96;

208615;-2000.000000;22.000000;0.021667;3.695834;95;

208753;-2000.000000;22.000000;0.021667;3.695834;95;

208895;-2000.000000;22.062500;0.021667;3.695834;94;

209032;-2000.000000;22.000000;0.021667;3.695834;91;

209175;-2000.000000;22.000000;0.021667;3.695834;92;

209312;-2000.000000;22.062500;0.021667;3.695834;93;

209455;-2000.000000;22.000000;0.021667;3.695834;94;

209592;-2000.000000;22.000000;0.021667;3.695834;92;

209735;-2000.000000;22.000000;0.021667;3.695834;95;

209872;-2000.000000;22.000000;0.021667;3.695834;95;

210014;-2000.000000;22.062500;0.021667;3.695834;92;

210155;-2000.000000;22.000000;0.021667;3.695834;93;

210304;-2000.000000;22.000000;0.021667;3.695834;93;

210453;-2000.000000;22.000000;0.021667;3.695834;93;

210595;-2000.000000;22.000000;0.021667;3.695834;94;

210734;-2000.000000;22.000000;0.021667;3.695834;93;

210875;-2000.000000;22.000000;0.021667;3.695834;90;

211013;-2000.000000;22.000000;0.021667;3.695834;92;

211156;-2000.000000;22.000000;0.021667;3.690417;92;

211302;-2000.000000;22.000000;0.021667;3.690417;93;

211445;-2000.000000;22.000000;0.021667;3.695834;91;

211587;-2000.000000;22.000000;0.021250;3.695834;90;

211732;-2000.000000;22.000000;0.021667;3.695834;93;

211875;-2000.000000;22.000000;0.021667;3.695834;93;

212014;-2000.000000;22.000000;0.021667;3.694584;92;

212155;-2000.000000;22.000000;0.021667;3.694584;94;

212294;-2000.000000;22.000000;0.021667;3.692500;92;

212435;-2000.000000;22.000000;0.021667;3.692500;95;

212576;-2000.000000;22.000000;0.021667;3.692083;93;

212736;-2000.000000;22.000000;0.021667;3.692083;93;

212890;-2000.000000;22.000000;0.021667;3.691250;92;

213044;-2000.000000;22.000000;0.021667;3.690834;93;

213185;-2000.000000;22.000000;0.021667;3.690417;94;

213323;-2000.000000;22.000000;0.021667;3.690417;92;

213467;-2000.000000;22.000000;0.021667;3.690417;92;

213615;-2000.000000;22.000000;0.021667;3.690417;94;

213752;-2000.000000;22.000000;0.021667;3.690417;96;

213897;-2000.000000;22.000000;0.021667;3.690417;91;

214042;-2000.000000;22.000000;0.021667;3.690417;93;

214185;-2000.000000;22.000000;0.021667;3.690417;93;

214323;-2000.000000;22.000000;0.021250;3.690417;93;

214465;-2000.000000;22.000000;0.021667;3.690417;94;

214602;-2000.000000;22.000000;0.021667;3.690834;91;

214746;-2000.000000;22.000000;0.021667;3.687500;93;

214885;-2000.000000;22.000000;0.021667;3.686667;94;

215024;-2000.000000;22.000000;0.021667;3.690417;93;

215166;-2000.000000;22.000000;0.021667;3.690417;93;

215332;-2000.000000;22.000000;0.021667;3.690417;92;

215481;-2000.000000;22.000000;0.021667;3.685417;94;

215632;-2000.000000;22.000000;0.021667;3.685000;93;

215785;-2000.000000;22.000000;0.021667;3.690417;92;

215927;-2000.000000;22.000000;0.021667;3.690417;92;

216072;-2000.000000;22.000000;0.021667;3.690834;94;

216215;-2000.000000;22.000000;0.021250;3.690417;94;

216356;-2000.000000;22.000000;0.021667;3.690417;93;

216502;-2000.000000;22.000000;0.021667;3.690417;93;

216645;-2000.000000;22.000000;0.021667;3.690417;94;

216783;-2000.000000;22.000000;0.021667;3.690417;95;

216925;-2000.000000;22.000000;0.021667;3.690417;94;

217064;-2000.000000;22.000000;0.021250;3.690417;93;

217205;-2000.000000;22.000000;0.021667;3.690834;94;

217343;-2000.000000;22.000000;0.021667;3.690417;91;

217485;-2000.000000;22.000000;0.021667;3.685417;92;

217622;-2000.000000;22.000000;0.021667;3.685000;92;

217776;-2000.000000;22.000000;0.021667;3.690417;95;

217933;-2000.000000;22.000000;0.021667;3.690417;91;

218076;-2000.000000;22.000000;0.021667;3.690417;92;

218221;-2000.000000;22.000000;0.021667;3.690417;92;

218375;-2000.000000;22.000000;0.021667;3.690000;92;

218525;-2000.000000;22.000000;0.021667;3.690417;94;

218666;-2000.000000;22.000000;0.021667;3.685417;93;

218813;-2000.000000;22.000000;0.021667;3.685000;94;

218955;-2000.000000;22.000000;0.021667;3.690000;93;

219093;-2000.000000;22.000000;0.021667;3.687083;95;

219236;-2000.000000;22.000000;0.021667;3.685417;94;

219374;-2000.000000;22.000000;0.021667;3.685000;93;

219515;-2000.000000;22.000000;0.021667;3.685417;96;

219655;-2000.000000;22.000000;0.021667;3.685000;93;

219794;-2000.000000;22.000000;0.021667;3.685417;93;

219935;-2000.000000;22.000000;0.021667;3.685417;95;

220073;-2000.000000;22.000000;0.021667;3.685000;94;

220215;-2000.000000;22.000000;0.021667;3.685417;94;

220352;-2000.000000;22.000000;0.021667;3.685000;94;

220494;-2000.000000;22.000000;3.685000;3.685417;94;

220630;-2000.000000;22.000000;0.021667;3.685417;93;

220784;-2000.000000;22.000000;0.021667;3.685000;95;

220940;-2000.000000;22.000000;0.021667;3.685000;92;

221085;-2000.000000;22.000000;0.021667;3.685417;94;

221227;-2000.000000;22.000000;0.021667;3.685000;92;

221375;-2000.000000;22.000000;0.021667;3.685000;92;

221512;-2000.000000;22.000000;0.021667;3.685417;91;

221657;-2000.000000;22.000000;0.021667;3.685417;92;

221805;-2000.000000;22.000000;0.021667;3.685417;93;

221944;-2000.000000;22.000000;0.021667;3.685417;91;

222085;-2000.000000;22.000000;0.021667;3.685417;93;

222222;-2000.000000;22.000000;0.021667;3.685417;92;

222366;-2000.000000;22.000000;0.021667;3.685000;95;

222512;-2000.000000;22.000000;0.021667;3.685417;92;

222657;-2000.000000;22.000000;0.021667;3.685417;94;

222805;-2000.000000;22.000000;0.021667;3.685417;92;

222942;-2000.000000;22.000000;0.021250;3.684167;94;

223085;-2000.000000;22.000000;0.021667;3.685417;93;

223226;-2000.000000;22.000000;0.021667;3.684584;95;

223374;-2000.000000;22.000000;0.021667;3.685000;93;

223522;-2000.000000;22.000000;0.021667;3.683750;95;

223668;-2000.000000;22.000000;0.021667;3.680834;92;

223817;-2000.000000;22.000000;0.021667;3.680000;92;

223967;-2000.000000;22.000000;0.021667;3.680000;91;

224115;-2000.000000;22.000000;0.021667;3.680000;92;

224252;-2000.000000;22.000000;0.021667;3.680000;93;

224396;-2000.000000;22.000000;0.021667;3.679584;95;

224545;-2000.000000;22.000000;0.021667;3.680000;91;

224684;-2000.000000;22.000000;0.021667;3.679584;95;

224825;-2000.000000;22.000000;0.021667;3.679584;93;

224962;-2000.000000;22.000000;0.021667;3.680000;92;

225107;-2000.000000;22.000000;0.021667;3.680000;93;

225252;-2000.000000;22.000000;0.021667;3.680000;90;

225396;-2000.000000;22.000000;0.021667;3.679584;95;

225534;-2000.000000;22.000000;0.021667;3.680000;95;

225675;-2000.000000;22.000000;0.021667;3.680000;93;

225820;-2000.000000;22.000000;0.021667;3.680000;95;

225972;-2000.000000;22.000000;3.680000;3.680000;94;

226120;-2000.000000;22.000000;0.021667;3.679584;96;

226272;-2000.000000;22.000000;0.021667;3.679584;93;

226416;-2000.000000;22.000000;0.021667;3.680000;94;

226563;-2000.000000;22.000000;0.021667;3.679584;92;

226707;-2000.000000;22.000000;0.021667;3.680000;94;

226855;-2000.000000;22.000000;0.021667;3.679584;94;

226992;-2000.000000;22.000000;0.021667;3.680000;96;

227135;-2000.000000;22.000000;0.021667;3.679584;92;

227274;-2000.000000;22.000000;0.021667;3.680000;95;

227415;-2000.000000;22.000000;0.021667;3.680000;91;

227552;-2000.000000;22.000000;0.021667;3.680000;94;

227695;-2000.000000;22.000000;0.021667;3.680000;95;

227832;-2000.000000;22.000000;0.021667;3.679584;94;

227977;-2000.000000;22.000000;0.021667;3.680000;95;

228125;-2000.000000;22.000000;0.021667;3.679584;95;

228262;-2000.000000;22.000000;0.021667;3.680000;90;

228412;-2000.000000;22.000000;0.021667;3.680000;96;

228557;-2000.000000;22.000000;0.021667;3.680000;95;

228712;-2000.000000;22.000000;0.021667;3.680000;96;

228858;-2000.000000;22.000000;0.021667;3.680000;94;

229003;-2000.000000;22.000000;0.021667;3.680000;94;

229142;-2000.000000;22.000000;0.021667;3.679584;95;

229285;-2000.000000;22.000000;0.021667;3.679584;93;

229422;-2000.000000;22.000000;0.021667;3.680000;94;

229565;-2000.000000;22.000000;0.021667;3.680000;92;

229702;-2000.000000;22.000000;0.021667;3.679584;92;

229847;-2000.000000;22.000000;0.021667;3.680000;92;

229995;-2000.000000;22.000000;0.021667;3.680000;93;

230132;-2000.000000;22.000000;0.021667;3.679584;92;

230277;-2000.000000;21.937500;0.021667;3.679584;96;

230422;-2000.000000;22.000000;0.021667;3.680000;97;

230565;-2000.000000;22.000000;0.021250;3.679584;93;

230707;-2000.000000;22.000000;0.021667;3.680000;94;

230852;-2000.000000;22.000000;0.021667;3.680000;94;

231001;-2000.000000;22.000000;0.021667;3.680000;92;

231153;-2000.000000;22.000000;0.021667;3.679584;96;

231296;-2000.000000;22.000000;0.021667;3.674167;92;

231451;-2000.000000;22.000000;0.021667;3.674583;93;

231594;-2000.000000;22.000000;0.021667;3.679584;92;

231733;-2000.000000;22.000000;0.021667;3.678750;93;

231875;-2000.000000;22.000000;0.021667;3.680000;91;

232012;-2000.000000;22.000000;0.021667;3.674583;97;

232155;-2000.000000;22.000000;0.021667;3.677500;92;

232296;-2000.000000;22.000000;0.021667;3.675833;95;

232432;-2000.000000;22.000000;0.021667;3.674583;93;

232575;-2000.000000;22.000000;0.021667;3.674167;93;

232714;-2000.000000;22.000000;0.021667;3.674583;94;

232855;-2000.000000;22.000000;0.021667;3.674583;94;

232994;-2000.000000;22.000000;0.021667;3.674583;92;

233135;-2000.000000;22.000000;0.021667;3.674167;94;

233272;-2000.000000;22.000000;0.021667;3.674583;94;

233416;-2000.000000;22.000000;0.021667;3.674583;92;

233562;-2000.000000;22.000000;0.021667;3.674583;96;

233722;-2000.000000;22.000000;0.021667;3.674167;97;

233875;-2000.000000;22.000000;0.021667;3.674167;92;

234023;-2000.000000;22.000000;0.021667;3.674583;92;

234166;-2000.000000;22.000000;0.021667;3.674583;92;

234317;-2000.000000;22.000000;0.021667;3.674583;94;

234465;-2000.000000;22.000000;0.021667;3.674583;92;

234605;-2000.000000;22.000000;0.021667;3.674583;94;

234743;-2000.000000;22.000000;0.021667;3.674583;97;

234885;-2000.000000;22.000000;0.021667;3.674167;94;

235024;-2000.000000;22.000000;0.021667;3.674583;94;

235165;-2000.000000;22.000000;0.021667;3.674583;90;

235302;-2000.000000;22.000000;0.021667;3.674167;92;

235446;-2000.000000;22.000000;0.021667;3.674583;94;

235596;-2000.000000;22.000000;0.021667;3.673750;92;

235732;-2000.000000;22.000000;0.021667;3.674583;92;

235877;-2000.000000;22.000000;0.021667;3.674167;94;

236022;-2000.000000;22.000000;0.021667;3.674583;94;

236165;-2000.000000;22.000000;0.021667;0.021667;93;

236307;-2000.000000;22.000000;0.021667;3.674583;92;

236461;-2000.000000;22.000000;0.021667;3.674583;94;

236610;-2000.000000;22.000000;0.021667;3.674167;94;

236761;-2000.000000;22.000000;0.021667;3.674583;94;

236901;-2000.000000;22.000000;0.021667;3.674583;95;

237045;-2000.000000;22.000000;0.021667;3.674167;92;

237185;-2000.000000;22.000000;0.021250;3.674583;93;

237322;-2000.000000;22.000000;0.021667;3.674583;93;

237465;-2000.000000;22.000000;0.021667;3.674167;94;

237603;-2000.000000;22.000000;0.021667;3.674167;91;

237745;-2000.000000;22.000000;0.021250;3.674583;92;

237882;-2000.000000;22.000000;0.021667;3.674583;95;

238025;-2000.000000;22.000000;0.021667;3.674167;94;

238162;-2000.000000;21.937500;0.021667;3.674167;93;

238307;-16.000000;22.000000;0.021667;3.674167;95;

238452;-17.333374;21.937500;0.021667;3.672917;94;

238595;-22.666626;22.000000;0.021667;3.671667;91;

238737;-8.000000;22.000000;0.021667;3.672917;93;

238882;-1.333374;22.000000;0.021667;3.672084;91;

239030;-16.000000;22.000000;0.021250;3.669167;92;

239175;-8.000000;22.000000;0.021667;3.669167;91;

239311;-21.333374;22.000000;0.021667;3.669167;95;

239462;-17.333374;22.000000;0.021667;3.669167;93;

239599;-22.666626;22.000000;0.021667;3.669167;95;

239753;-22.666626;22.000000;0.021667;3.669167;93;

239898;-22.666626;21.937500;0.021667;3.669167;95;

240044;-32.000000;22.000000;0.021667;3.669167;94;

240185;-22.666626;22.000000;0.021667;3.669167;95;

240325;-22.666626;22.000000;0.021667;3.669167;93;

240462;-22.666626;22.000000;0.021667;3.669167;93;

240606;-29.333374;22.000000;0.021667;3.669167;92;

240744;-25.333374;21.937500;0.021667;3.668750;92;

240885;-25.333374;22.000000;0.021667;3.669167;95;

241023;-18.666626;22.000000;0.021667;3.669167;94;

241165;-21.333374;22.000000;0.021667;3.669167;91;

241302;-20.000000;21.937500;0.021667;3.669167;93;

241447;-17.333374;22.000000;0.021667;3.669167;90;

241592;-18.666626;22.000000;0.021667;3.669167;94;

241735;-13.333374;22.000000;0.021667;3.669167;95;

241877;-10.666626;22.000000;0.021667;3.669167;93;

