Time;Load cell reading [N];Temperature [C];Pressure sensor 1 [bar];Pressure sensor 2 [bar];Distance [mm];

1533;-2000.000000;19.187500;0.021250;2.688334;204;

1675;-2000.000000;19.187500;0.021250;2.693750;203;

1812;-2000.000000;19.187500;0.021250;2.704167;202;

1955;-2000.000000;19.187500;0.021667;2.712917;201;

2092;-2000.000000;19.187500;0.021250;2.718333;201;

2235;-2000.000000;19.187500;0.021250;2.723750;204;

2372;-2000.000000;19.187500;0.021250;2.734167;202;

2515;-2000.000000;19.187500;0.021250;2.739583;203;

2652;-2000.000000;19.187500;0.021250;2.745000;202;

2795;-2000.000000;19.187500;0.021250;2.750417;203;

2933;-2000.000000;19.187500;0.021250;2.755833;203;

3075;-2000.000000;19.187500;0.021250;2.765000;201;

3212;-2000.000000;19.187500;0.021250;2.771667;201;

3355;-2000.000000;19.187500;0.021250;2.777083;203;

3492;-2000.000000;19.187500;0.021250;2.787917;203;

3635;-2000.000000;19.187500;0.021250;2.791667;202;

3772;-2000.000000;19.187500;0.021250;2.798750;203;

3940;-2000.000000;19.187500;0.021250;2.803750;203;

4119;-2000.000000;19.187500;0.021250;2.809584;203;

4268;-2000.000000;19.187500;0.021250;2.816250;202;

4415;-2000.000000;19.187500;0.021250;2.825417;203;

4552;-2000.000000;19.187500;0.021250;2.833750;205;

4696;-2000.000000;19.187500;0.021250;2.841667;206;

4842;-2000.000000;19.187500;0.021250;2.848750;202;

4985;-2000.000000;19.187500;0.021250;2.857500;204;

5122;-2000.000000;19.187500;0.021250;2.862500;203;

5265;-2000.000000;19.187500;0.021250;2.862917;203;

5404;-2000.000000;19.187500;0.021250;2.873334;202;

5545;-2000.000000;19.187500;0.021250;2.878750;203;

5685;-2000.000000;19.187500;0.021250;2.884167;202;

5822;-2000.000000;19.187500;0.021250;2.889584;205;

5965;-2000.000000;19.187500;0.021250;2.898750;202;

6102;-2000.000000;19.187500;0.021250;2.903750;204;

6276;-2000.000000;19.187500;0.021250;2.909583;203;

6451;-2000.000000;19.187500;0.021250;2.920417;202;

6595;-2000.000000;19.187500;0.021250;2.923333;202;

6735;-2000.000000;19.250000;0.021250;2.928334;205;

6872;-2000.000000;19.187500;0.021250;2.932500;203;

7016;-2000.000000;19.187500;0.021250;2.937917;204;

7165;-2000.000000;19.187500;0.021250;2.947083;202;

7302;-2000.000000;19.187500;0.021250;2.953750;204;

7445;-2000.000000;19.187500;0.021250;2.959167;204;

7582;-2000.000000;19.250000;0.021250;2.964583;202;

7725;-2000.000000;19.187500;0.021250;2.974167;204;

7861;-2000.000000;19.250000;0.021250;2.980417;204;

8005;-2000.000000;19.187500;0.021667;2.985833;203;

8142;-2000.000000;19.187500;0.021250;2.996667;202;

8285;-2000.000000;19.250000;0.021250;2.997500;203;

8422;-2000.000000;19.187500;0.021250;3.005000;201;

8593;-2000.000000;19.250000;0.021250;3.012500;207;

8792;-2000.000000;19.187500;0.021250;3.022917;203;

8935;-2000.000000;19.187500;0.021250;3.028333;201;

9075;-2000.000000;19.187500;0.021250;3.033750;202;

9212;-2000.000000;19.250000;0.021250;3.044167;201;

9355;-2000.000000;19.250000;0.021250;3.052917;201;

9494;-2000.000000;19.250000;0.021250;3.058333;205;

9635;-2000.000000;19.250000;0.021250;3.068750;206;

9772;-2000.000000;19.250000;0.021250;3.069584;201;

9916;-2000.000000;19.250000;0.021250;3.074583;204;

10055;-2000.000000;19.250000;0.021250;3.082917;201;

10194;-2000.000000;19.250000;0.021250;3.085417;204;

10335;-2000.000000;19.250000;0.021250;3.093333;202;

10472;-2000.000000;19.250000;0.021250;3.097917;202;

10615;-2000.000000;19.250000;0.021250;3.101667;204;

10752;-2000.000000;19.250000;0.021250;3.106667;204;

10931;-2000.000000;19.250000;0.021250;3.112083;203;

11101;-2000.000000;19.250000;0.021250;3.125417;204;

11245;-2000.000000;19.250000;0.021250;3.132500;207;

11385;-2000.000000;19.250000;0.021250;3.136250;208;

11525;-2000.000000;19.250000;0.021250;3.143750;202;

11662;-2000.000000;19.250000;0.021250;3.149584;204;

11807;-2000.000000;19.250000;0.021250;3.150833;202;

11952;-2000.000000;19.250000;0.021250;3.159167;202;

12095;-2000.000000;19.250000;0.021250;3.165417;202;

12234;-2000.000000;19.250000;0.021250;3.170833;201;

12375;-2000.000000;19.250000;0.021250;3.180000;202;

12514;-2000.000000;19.250000;0.021667;3.186667;201;

12655;-2000.000000;19.250000;0.021250;3.186667;203;

12792;-2000.000000;19.250000;0.021250;3.194167;200;

12935;-2000.000000;19.250000;0.021250;3.201667;202;

13075;-2000.000000;19.250000;0.021250;3.202500;203;

13241;-2000.000000;19.250000;0.021250;3.207917;205;

13409;-2000.000000;19.250000;0.021250;3.218750;204;

13558;-2000.000000;19.250000;0.021250;3.222083;202;

13702;-2000.000000;19.250000;0.021250;3.229584;202;

13846;-2000.000000;19.250000;0.021250;3.235000;201;

13982;-2000.000000;19.250000;0.021667;3.240417;201;

14125;-2000.000000;19.250000;0.021250;3.245833;205;

14262;-2000.000000;19.250000;0.021250;3.251250;202;

14405;-2000.000000;19.250000;0.021250;3.256250;203;

14546;-2000.000000;19.250000;0.021250;3.261667;202;

14682;-2000.000000;19.250000;0.021250;3.268750;203;

14827;-2000.000000;19.250000;0.021250;3.272500;206;

14986;-2000.000000;19.250000;0.021667;3.277500;204;

15132;-2000.000000;19.250000;0.021250;3.282917;200;

15275;-2000.000000;19.250000;0.021250;3.288333;205;

15438;-2000.000000;19.250000;0.021250;3.299167;203;

15644;-2000.000000;19.250000;0.021667;0.021667;201;

15800;-2000.000000;19.250000;0.021250;3.306667;202;

15945;-2000.000000;19.312500;0.021250;3.310000;205;

16082;-2000.000000;19.312500;0.021250;3.317500;202;

16227;-2000.000000;19.312500;0.021250;3.325834;204;

16375;-2000.000000;19.250000;0.021250;3.331250;203;

16512;-2000.000000;19.250000;0.021250;3.336667;203;

16655;-2000.000000;19.312500;0.021667;3.342083;203;

16792;-2000.000000;19.312500;0.021250;3.347083;204;

16935;-2000.000000;19.312500;0.021667;3.352500;205;

17074;-2000.000000;19.312500;0.021250;3.358334;204;

17215;-2000.000000;19.312500;0.021250;3.363333;200;

17352;-2000.000000;19.312500;0.021667;3.368334;200;

17496;-2000.000000;19.312500;0.021250;3.373750;202;

17645;-2000.000000;19.312500;0.021250;3.379167;202;

17804;-2000.000000;19.312500;0.021250;3.384583;205;

18005;-2000.000000;19.312500;0.021250;3.398333;204;

18155;-2000.000000;19.312500;0.021667;3.403750;208;

18295;-2000.000000;19.312500;0.021250;3.409167;201;

18434;-2000.000000;19.312500;0.021250;3.409167;203;

18575;-2000.000000;19.312500;0.021250;3.414583;207;

18714;-2000.000000;19.312500;0.021250;3.420000;202;

18855;-2000.000000;19.312500;0.021250;3.425417;202;

18997;-2000.000000;19.312500;0.021250;3.430417;204;

19144;-2000.000000;19.312500;0.021250;3.432500;200;

19285;-2000.000000;19.312500;0.021250;3.437083;202;

19422;-2000.000000;19.312500;0.021250;3.441251;202;

19565;-2000.000000;19.312500;0.021250;3.446667;201;

19702;-2000.000000;19.312500;0.021250;3.457500;203;

19846;-2000.000000;19.312500;0.021250;3.462917;204;

19995;-2000.000000;19.312500;0.021250;3.462917;203;

20159;-2000.000000;19.312500;0.021250;0.021250;201;

20348;-2000.000000;19.312500;0.021250;3.479167;201;

20495;-2000.000000;19.312500;0.021250;3.489583;202;

20637;-2000.000000;19.312500;0.021250;3.495417;206;

20785;-2000.000000;19.312500;0.021250;3.500834;203;

20923;-2000.000000;19.312500;0.021250;3.505834;203;

21065;-2000.000000;19.312500;0.021250;3.506250;205;

21202;-2000.000000;19.312500;0.021250;3.511250;202;

21345;-2000.000000;19.312500;0.021250;3.511250;203;

21473;-2000.000000;19.375000;0.021250;3.516667;206;

21612;-2000.000000;19.312500;0.021250;3.522083;205;

21756;-2000.000000;19.312500;0.021667;3.527500;202;

21892;-2000.000000;19.312500;0.021667;3.534584;203;

22035;-2000.000000;19.375000;0.021667;3.540000;201;

22177;-2000.000000;19.375000;0.021667;3.543750;202;

22322;-2000.000000;19.312500;0.021250;3.548750;205;

22505;-2000.000000;19.312500;0.021250;3.559583;202;

22672;-2000.000000;19.375000;0.021667;3.559583;203;

22815;-2000.000000;19.312500;0.021250;3.565000;203;

22952;-2000.000000;19.375000;0.021250;3.570417;201;

23096;-2000.000000;19.375000;0.021250;3.575834;206;

23232;-2000.000000;19.375000;0.021250;3.581250;203;

23375;-2000.000000;19.312500;0.021250;3.586667;202;

23513;-2000.000000;19.375000;0.021250;3.592084;202;

23655;-2000.000000;19.375000;0.021250;3.597083;201;

23794;-2000.000000;19.375000;0.021250;3.599167;202;

23935;-2000.000000;19.375000;0.021250;3.602917;203;

24074;-2000.000000;19.375000;0.021667;3.608334;204;

24215;-2000.000000;19.375000;0.021667;3.613334;204;

24352;-2000.000000;19.375000;0.021250;3.614167;200;

24485;-2000.000000;19.375000;0.021667;3.624583;205;

24622;-2000.000000;19.375000;0.021250;3.627500;203;

24802;-2000.000000;19.375000;0.021250;3.634583;202;

24975;-2000.000000;19.375000;0.021250;3.640000;200;

25120;-2000.000000;19.375000;0.021250;3.641667;203;

25262;-2000.000000;19.375000;0.021667;3.649167;205;

25405;-2000.000000;19.375000;0.021667;3.651250;205;

25543;-2000.000000;19.375000;0.021250;3.656667;200;

25685;-2000.000000;19.375000;0.021250;3.662084;200;

25823;-2000.000000;19.375000;0.021250;3.667500;204;

25965;-2000.000000;19.375000;0.021250;3.672500;203;

26102;-2000.000000;19.375000;0.021250;3.677917;201;

26246;-2000.000000;19.375000;0.021250;3.683333;203;

26400;-2000.000000;19.375000;0.021250;3.688750;203;

26545;-2000.000000;19.375000;0.021250;3.694167;201;

26682;-2000.000000;19.375000;0.021250;3.699584;203;

26825;-2000.000000;19.375000;0.021250;3.700833;200;

26962;-2000.000000;19.375000;0.021667;3.704583;202;

27124;-2000.000000;19.375000;0.021250;3.710417;201;

27300;-2000.000000;19.375000;0.021250;3.714167;205;

27445;-2000.000000;19.375000;0.021250;3.716666;202;

27586;-2000.000000;19.375000;0.021250;3.724167;199;

27732;-2000.000000;19.375000;0.021250;3.726250;199;

27875;-2000.000000;19.375000;0.021250;3.731667;204;

28016;-2000.000000;19.375000;0.021250;3.737084;204;

28162;-2000.000000;19.375000;0.021250;3.745417;204;

28307;-2000.000000;19.375000;0.021250;3.750834;204;

28455;-2000.000000;19.375000;0.021667;3.756250;201;

28592;-2000.000000;19.375000;0.021250;3.761667;203;

28735;-2000.000000;19.375000;0.021250;3.766667;204;

28872;-2000.000000;19.375000;0.021250;3.772084;202;

29015;-2000.000000;19.375000;0.021250;3.777500;203;

29154;-2000.000000;19.375000;0.021250;3.779167;204;

29295;-2000.000000;19.437500;0.021250;0.021250;208;

29462;-2000.000000;19.375000;3.788333;3.793333;203;

29625;-2000.000000;19.437500;0.021250;3.798750;203;

29767;-2000.000000;19.375000;0.021250;3.804167;203;

29912;-2000.000000;19.375000;0.021667;3.808750;206;

30055;-2000.000000;19.437500;0.021250;3.814584;202;

30194;-2000.000000;19.375000;0.021250;3.816667;202;

30335;-2000.000000;19.375000;0.021250;3.819584;200;

30473;-2000.000000;19.437500;0.021667;3.820417;203;

30615;-2000.000000;19.437500;0.021667;3.829167;203;

30752;-2000.000000;19.437500;0.021250;3.835834;202;

30897;-2000.000000;19.437500;0.021250;3.835834;206;

31045;-2000.000000;19.437500;0.021250;3.841250;204;

31182;-2000.000000;19.437500;0.021250;3.848750;203;

31327;-2000.000000;19.437500;0.021250;3.852917;203;

31475;-2000.000000;19.437500;0.021667;3.857083;202;

31622;-2000.000000;19.437500;0.021667;3.862500;204;

31816;-2000.000000;19.437500;0.021667;3.872916;201;

31981;-2000.000000;19.437500;0.021250;3.873334;201;

32125;-2000.000000;19.437500;0.021250;3.882917;202;

32262;-2000.000000;19.437500;0.021250;3.883750;204;

32410;-2000.000000;19.437500;0.021250;3.889167;202;

32555;-2000.000000;19.437500;0.021667;3.890834;202;

32694;-2000.000000;19.437500;0.021250;3.894167;202;

32835;-2000.000000;19.437500;0.021250;3.899584;203;

32972;-2000.000000;19.437500;0.021250;3.909583;205;

33115;-2000.000000;19.437500;0.021250;3.910001;205;

33252;-2000.000000;19.437500;0.021250;3.915000;203;

33396;-2000.000000;19.437500;0.021250;3.918750;202;

33545;-2000.000000;19.437500;0.021667;3.920834;204;

33684;-2000.000000;19.437500;0.021250;3.926250;201;

33825;-2000.000000;19.500000;0.021667;3.931250;202;

33979;-2000.000000;19.437500;0.021667;3.936667;203;

34165;-2000.000000;19.437500;0.021250;0.021667;65535;

34383;-2000.000000;19.437500;0.021250;3.942083;65535;

34598;-2000.000000;19.437500;0.021250;3.938750;65535;

34821;-2000.000000;19.437500;0.021250;3.936667;65535;

35038;-2000.000000;19.437500;0.021250;3.936667;65535;

35261;-2000.000000;19.437500;0.021250;3.931250;65535;

35478;-2000.000000;19.437500;0.021250;3.931250;65535;

35701;-2000.000000;19.437500;0.021250;3.931250;65535;

35918;-2000.000000;19.500000;0.021250;3.926250;65535;

36141;-2000.000000;19.500000;0.021667;3.925834;65535;

36358;-2000.000000;19.437500;0.021250;3.926250;65535;

36584;-2000.000000;19.500000;0.021250;3.920417;65535;

36798;-2000.000000;19.500000;0.021667;3.920417;65535;

37021;-2000.000000;19.500000;0.021250;3.920834;65535;

37274;-2000.000000;19.500000;0.021250;3.920834;65535;

37534;-2000.000000;19.500000;0.021250;3.920834;65535;

37753;-2000.000000;19.500000;0.021250;3.920834;65535;

37972;-2000.000000;19.500000;0.021250;3.918750;65535;

38188;-2000.000000;19.500000;0.021250;3.915417;65535;

38412;-2000.000000;19.500000;0.021250;3.915417;65535;

38631;-2000.000000;19.500000;0.021250;3.915417;65535;

38848;-2000.000000;19.500000;0.021250;3.915417;65535;

39071;-2000.000000;19.500000;0.021250;3.912917;65535;

39288;-2000.000000;19.500000;0.021250;3.910001;65535;

39508;-2000.000000;19.500000;0.021667;3.910001;65535;

39728;-2000.000000;19.562500;0.021667;3.910001;65535;

39951;-2000.000000;19.500000;0.021250;3.910001;65535;

40168;-2000.000000;19.562500;0.021250;3.910001;65535;

40391;-2000.000000;19.500000;0.021250;3.910001;65535;

40608;-2000.000000;19.500000;0.021250;3.909583;65535;

40875;-2000.000000;19.562500;0.021667;3.910001;65535;

41103;-2000.000000;19.562500;0.021250;3.910417;65535;

41320;-2000.000000;19.562500;0.021250;3.905000;65535;

41544;-2000.000000;19.562500;0.021250;3.905000;65535;

41758;-2000.000000;19.562500;0.021250;3.905000;65535;

41981;-2000.000000;19.562500;0.021250;3.905000;65535;

42198;-2000.000000;19.562500;0.021250;3.904584;65535;

42421;-2000.000000;19.562500;0.021250;3.905000;65535;

42638;-2000.000000;19.562500;0.021667;3.905000;65535;

42861;-2000.000000;19.562500;0.021667;3.900417;65535;

43081;-2000.000000;19.562500;0.021250;3.899584;65535;

43298;-2000.000000;19.562500;0.021250;3.899584;65535;

43524;-2000.000000;19.562500;0.021667;3.899584;65535;

43738;-2000.000000;19.562500;0.021250;3.899584;65535;

43961;-2000.000000;19.562500;0.021250;3.899584;65535;

44211;-2000.000000;19.562500;0.021667;3.899584;65535;

44455;-2000.000000;19.562500;0.021667;3.896667;65535;

44671;-2000.000000;19.562500;0.021250;3.894583;65535;

44888;-2000.000000;19.562500;0.021250;3.894167;65535;

45113;-2000.000000;19.562500;0.021250;3.894583;65535;

45328;-2000.000000;19.562500;0.021667;3.894167;65535;

45551;-2000.000000;19.562500;0.021250;3.894167;65535;

45768;-2000.000000;19.562500;0.021250;3.894167;65535;

45991;-2000.000000;19.562500;0.021250;0.021667;65535;

46198;-2000.000000;19.562500;0.021667;3.893750;65535;

46421;-2000.000000;19.625000;0.021250;3.894167;65535;

46638;-2000.000000;19.625000;0.021250;3.894167;65535;

46861;-2000.000000;19.625000;0.021250;3.894167;65535;

47078;-2000.000000;19.625000;0.021250;3.889167;65535;

47306;-2000.000000;19.625000;0.021250;3.894583;65535;

47584;-2000.000000;19.625000;0.021250;3.888750;65535;

47813;-2000.000000;19.625000;0.021250;3.889167;65535;

48028;-2000.000000;19.625000;0.021250;3.889167;65535;

48251;-2000.000000;19.625000;0.021667;3.889167;65535;

48468;-2000.000000;19.625000;0.021667;3.889167;65535;

48692;-2000.000000;19.625000;0.021250;3.888750;65535;

48911;-2000.000000;19.625000;0.021250;3.889167;65535;

49131;-2000.000000;19.625000;0.021667;3.887917;65535;

49348;-2000.000000;19.625000;0.021667;3.883750;65535;

49571;-2000.000000;19.625000;0.021250;3.883750;65535;

49788;-2000.000000;19.625000;0.021250;3.883750;65535;

50011;-2000.000000;19.625000;0.021250;3.883750;65535;

50228;-2000.000000;19.625000;0.021250;3.883750;65535;

50451;-2000.000000;19.625000;0.021250;3.883750;65535;

50671;-2000.000000;19.687500;0.021250;3.883750;65535;

50919;-2000.000000;19.687500;0.021250;3.883750;65535;

51156;-2000.000000;19.625000;0.021667;3.883750;65535;

51371;-2000.000000;19.687500;0.021250;3.883750;65535;

51591;-2000.000000;19.687500;0.021667;3.883750;65535;

51808;-2000.000000;19.687500;0.021667;3.883750;65535;

52031;-2000.000000;19.687500;0.021667;3.883750;65535;

52248;-2000.000000;19.687500;0.021250;3.883750;65535;

52471;-2000.000000;19.687500;0.021250;3.883750;65535;

52688;-2000.000000;19.687500;0.021250;3.883750;65535;

52911;-2000.000000;19.687500;0.021250;3.883750;65535;

53136;-2000.000000;19.687500;0.021667;3.883750;65535;

53351;-2000.000000;19.687500;0.021250;3.882500;65535;

53571;-2000.000000;19.687500;0.021667;3.878750;65535;

53788;-2000.000000;19.687500;0.021667;3.878750;65535;

54011;-2000.000000;19.687500;0.021667;3.878750;65535;

54230;-2000.000000;19.687500;0.021250;3.878333;65535;

54486;-2000.000000;19.687500;0.021250;3.878333;65535;

54711;-2000.000000;19.687500;0.021250;3.878333;65535;

54931;-2000.000000;19.687500;0.021250;3.878333;65535;

55143;-2000.000000;19.687500;0.021667;3.878333;65535;

55361;-2000.000000;19.687500;0.021250;3.878333;65535;

55578;-2000.000000;19.687500;0.021250;3.878750;65535;

55801;-2000.000000;19.687500;0.021250;3.878750;65535;

56018;-2000.000000;19.687500;0.021250;3.878333;65535;

56241;-2000.000000;19.750000;0.021667;3.878750;65535;

56458;-2000.000000;19.750000;0.021667;3.878333;65535;

56681;-2000.000000;19.750000;0.021250;3.873334;65535;

56898;-2000.000000;19.750000;0.021250;3.873334;65535;

57122;-2000.000000;19.750000;0.021250;3.873334;65535;

57341;-2000.000000;19.750000;0.021250;3.873334;65535;

57561;-2000.000000;19.750000;0.021250;3.873334;65535;

57805;-2000.000000;19.750000;0.021250;3.873334;65535;

58035;-2000.000000;19.750000;0.021250;3.873334;65535;

58248;-2000.000000;19.750000;0.021250;3.873334;65535;

58474;-2000.000000;19.750000;0.021667;3.873334;65535;

58688;-2000.000000;19.750000;0.021667;3.873334;65535;

58912;-2000.000000;19.750000;0.021250;3.873334;65535;

59128;-2000.000000;19.750000;0.021250;3.873334;65535;

59351;-2000.000000;19.750000;0.021250;3.873334;65535;

59568;-2000.000000;19.750000;0.021667;3.873334;65535;

59791;-2000.000000;19.750000;0.021250;3.873334;65535;

60011;-2000.000000;19.750000;0.021250;3.873334;65535;

60228;-2000.000000;19.750000;0.021250;3.873334;65535;

60451;-2000.000000;19.750000;0.021667;3.873334;65535;

60675;-2000.000000;19.750000;0.021250;3.873334;65535;

60890;-2000.000000;19.750000;0.021250;3.873334;65535;

61133;-2000.000000;19.750000;0.021667;3.873334;65535;

61366;-2000.000000;19.750000;0.021667;3.873334;65535;

61578;-2000.000000;19.750000;0.021250;3.873334;65535;

61801;-2000.000000;19.812500;0.021250;3.873334;65535;

62018;-2000.000000;19.750000;0.021250;3.873334;65535;

62241;-2000.000000;19.812500;0.021250;3.870417;65535;

62458;-2000.000000;19.812500;0.021667;3.870000;65535;

62689;-2000.000000;19.812500;0.021250;3.867917;65535;

62911;-2000.000000;19.812500;0.021667;3.867917;65535;

63128;-2000.000000;19.812500;0.021250;3.867917;65535;

63351;-2000.000000;19.812500;0.021667;3.867917;65535;

63568;-2000.000000;19.812500;0.021250;3.867917;65535;

63791;-2000.000000;19.812500;0.021250;3.868334;65535;

64008;-2000.000000;19.812500;0.021667;3.867917;65535;

64231;-2000.000000;19.812500;0.021667;3.867917;65535;

64470;-2000.000000;19.812500;0.021667;3.867917;65535;

64700;-2000.000000;19.812500;0.021250;3.867917;65535;

64921;-2000.000000;19.812500;0.021667;3.867917;65535;

65142;-2000.000000;19.812500;0.021667;3.867917;65535;

65358;-2000.000000;19.812500;0.021250;3.867917;65535;

65581;-2000.000000;19.812500;0.021667;3.867917;65535;

65798;-2000.000000;19.875000;0.021250;3.867917;65535;

66021;-2000.000000;19.812500;0.021667;3.867917;65535;

66238;-2000.000000;19.812500;0.021250;3.867917;65535;

66461;-2000.000000;19.875000;0.021667;3.867917;65535;

66678;-2000.000000;19.812500;0.021250;3.867083;65535;

66901;-2000.000000;19.875000;0.021250;3.866250;65535;

67118;-2000.000000;19.812500;0.021250;3.862917;65535;

67341;-2000.000000;19.875000;0.021250;3.862500;65535;

67561;-2000.000000;19.875000;0.021667;3.862917;65535;

67805;-2000.000000;19.875000;0.021667;3.862500;65535;

68033;-2000.000000;19.875000;0.021667;3.862500;65535;

68252;-2000.000000;19.875000;0.021250;3.862500;65535;

68468;-2000.000000;19.875000;0.021667;3.862917;65535;

68691;-2000.000000;19.875000;0.021250;3.862500;65535;

68911;-2000.000000;19.875000;0.021250;3.862500;65535;

69128;-2000.000000;19.875000;0.021250;3.862500;65535;

69351;-2000.000000;19.875000;0.021250;3.862500;65535;

69568;-2000.000000;19.875000;0.021250;3.862500;65535;

69792;-2000.000000;19.875000;0.021250;3.862500;65535;

70008;-2000.000000;19.875000;0.021250;3.862917;65535;

70231;-2000.000000;19.875000;0.021667;3.862500;65535;

70448;-2000.000000;19.875000;0.021667;3.862500;65535;

70671;-2000.000000;19.875000;0.021250;3.862500;65535;

70888;-2000.000000;19.875000;0.021250;3.862500;65535;

71144;-2000.000000;19.875000;3.862500;3.862917;65535;

71361;-2000.000000;19.875000;0.021250;3.862917;65535;

71581;-2000.000000;19.937500;0.021667;3.862500;65535;

71798;-2000.000000;19.937500;0.021250;3.862083;65535;

72023;-2000.000000;19.937500;0.021667;3.859167;65535;

72241;-2000.000000;19.937500;0.021250;3.857500;65535;

72461;-2000.000000;19.937500;0.021250;3.857500;65535;

72678;-2000.000000;19.937500;0.021667;3.857500;65535;

72901;-2000.000000;19.937500;0.021667;3.857500;65535;

73118;-2000.000000;19.937500;0.021667;3.857083;65535;

73341;-2000.000000;19.937500;0.021250;3.857500;65535;

73560;-2000.000000;19.937500;0.021667;3.857083;65535;

73785;-2000.000000;19.937500;0.021250;3.857500;65535;

74001;-2000.000000;19.937500;0.021250;3.857500;65535;

74218;-2000.000000;19.937500;0.021667;3.857500;65535;

74485;-2000.000000;19.937500;0.021667;3.857500;65535;

74711;-2000.000000;19.937500;0.021250;3.857500;65535;

74931;-2000.000000;19.937500;0.021667;3.857500;65535;

75153;-2000.000000;19.937500;0.021250;3.857500;65535;

75368;-2000.000000;19.937500;0.021667;3.857500;65535;

75591;-2000.000000;19.937500;0.021250;3.857500;65535;

75808;-2000.000000;19.937500;0.021250;3.857500;65535;

76031;-2000.000000;19.937500;0.021667;3.857500;65535;

76248;-2000.000000;20.000000;0.021250;3.856667;65535;

76471;-2000.000000;19.937500;0.021250;3.855417;65535;

76688;-2000.000000;19.937500;0.021667;3.852084;65535;

76911;-2000.000000;19.937500;0.021250;3.852084;65535;

77128;-2000.000000;19.937500;0.021667;3.852084;65535;

77351;-2000.000000;20.000000;0.021667;3.852084;65535;

77568;-2000.000000;20.000000;0.021250;3.852084;65535;

77828;-2000.000000;20.000000;0.021250;3.852084;65535;

78053;-2000.000000;20.000000;0.021667;3.852084;65535;

78270;-2000.000000;20.000000;0.021667;3.852084;65535;

78494;-2000.000000;20.000000;0.021667;3.852084;65535;

78708;-2000.000000;20.000000;0.021667;3.852084;65535;

78931;-2000.000000;20.000000;0.021667;3.852084;65535;

79148;-2000.000000;20.000000;0.021667;3.852084;65535;

79371;-2000.000000;20.000000;0.021250;3.852084;65535;

79588;-2000.000000;20.000000;0.021667;3.852084;65535;

79811;-2000.000000;20.000000;0.021667;3.852084;65535;

80028;-2000.000000;20.000000;0.021667;3.852084;65535;

80251;-2000.000000;20.000000;0.021250;3.852084;65535;

80468;-2000.000000;20.000000;0.021250;3.852084;65535;

80691;-2000.000000;20.000000;0.021250;3.852084;65535;

80908;-2000.000000;20.000000;0.021250;3.852084;65535;

81183;-2000.000000;20.000000;0.021667;3.852084;65535;

81403;-2000.000000;20.000000;0.021667;3.852084;65535;

81618;-2000.000000;20.062500;0.021250;3.847917;65535;

81851;-2000.000000;20.062500;0.021667;3.849583;65535;

82071;-2000.000000;20.062500;0.021667;3.847500;65535;

82288;-2000.000000;20.062500;0.021250;3.846667;65535;

82513;-2000.000000;20.062500;0.021250;3.846667;65535;

82731;-2000.000000;20.000000;0.021250;3.846667;65535;

82951;-2000.000000;20.062500;0.021667;3.847084;65535;

83168;-2000.000000;20.062500;0.021667;3.846667;65535;

83391;-2000.000000;20.062500;0.021667;3.846667;65535;

83608;-2000.000000;20.062500;0.021667;3.846667;65535;

83831;-2000.000000;20.062500;0.021667;3.846667;65535;

84051;-2000.000000;20.062500;0.021250;3.846667;65535;

84268;-2000.000000;20.062500;0.021250;3.846667;65535;

84515;-2000.000000;20.062500;0.021250;0.021667;65535;

84744;-2000.000000;20.062500;0.021250;3.846667;65535;

84958;-2000.000000;20.062500;0.021667;3.846667;65535;

85188;-2000.000000;20.062500;0.021667;3.846667;65535;

85412;-2000.000000;20.062500;0.021250;3.846667;65535;

85628;-2000.000000;20.062500;0.021667;3.846667;65535;

85851;-2000.000000;20.062500;0.021250;3.847084;65535;

86068;-2000.000000;20.062500;0.021250;3.847084;65535;

86291;-2000.000000;20.062500;0.021250;3.847084;65535;

86508;-2000.000000;20.125000;0.021667;3.846667;65535;

86731;-2000.000000;20.062500;0.021667;3.846667;65535;

86948;-2000.000000;20.125000;0.021250;3.846667;65535;

87176;-2000.000000;20.125000;0.021667;3.847084;65535;

87402;-2000.000000;20.062500;0.021250;3.846667;65535;

87638;-2000.000000;20.125000;0.021667;3.846667;65535;

87890;-2000.000000;20.125000;0.021667;0.021667;65535;

88113;-2000.000000;20.125000;0.021667;3.847084;65535;

88328;-2000.000000;20.125000;0.021667;3.847084;65535;

88551;-2000.000000;20.125000;0.021250;3.847084;65535;

88768;-2000.000000;20.125000;0.021667;3.845000;65535;

88991;-2000.000000;20.125000;0.021250;3.845000;65535;

89208;-2000.000000;20.125000;0.021250;3.846251;65535;

89434;-2000.000000;20.125000;0.021667;3.842917;65535;

89648;-2000.000000;20.125000;0.021250;3.841667;65535;

89871;-2000.000000;20.125000;0.021250;3.841667;65535;

90088;-2000.000000;20.125000;0.021667;3.841667;65535;

90311;-2000.000000;20.125000;0.021667;3.841667;65535;

90531;-2000.000000;20.125000;0.021667;3.841667;65535;

90748;-2000.000000;20.125000;0.021667;3.841667;65535;

91003;-2000.000000;20.125000;0.021667;3.841250;65535;

91255;-2000.000000;20.125000;0.021250;3.841667;65535;

91481;-2000.000000;20.125000;0.021250;3.841667;65535;

91701;-2000.000000;20.125000;0.021250;3.841667;65535;

91921;-2000.000000;20.125000;0.021250;3.841667;65535;

92138;-2000.000000;20.125000;0.021667;3.841667;65535;

92361;-2000.000000;20.187500;0.021250;3.841667;65535;

92578;-2000.000000;20.187500;0.021667;3.841667;65535;

92801;-2000.000000;20.187500;0.021667;3.841667;65535;

93018;-2000.000000;20.187500;0.021667;3.841667;65535;

93241;-2000.000000;20.187500;0.021250;3.841667;65535;

93458;-2000.000000;20.187500;0.021250;3.841667;65535;

93681;-2000.000000;20.187500;0.021667;3.841250;65535;

93898;-2000.000000;20.187500;0.021667;3.841667;65535;

94121;-2000.000000;20.187500;0.021250;3.841667;65535;

94357;-2000.000000;20.187500;0.021667;3.841667;65535;

94605;-2000.000000;20.187500;0.021250;3.841667;65535;

94823;-2000.000000;20.187500;0.021667;3.837917;65535;

95038;-2000.000000;20.187500;0.021250;3.836250;65535;

95261;-2000.000000;20.187500;0.021250;3.836250;65535;

95478;-2000.000000;20.187500;0.021250;3.836250;65535;

95701;-2000.000000;20.187500;0.021667;3.836250;65535;

95920;-2000.000000;20.187500;0.021667;3.836250;65535;

96142;-2000.000000;20.187500;0.021667;3.836250;65535;

96361;-2000.000000;20.187500;0.021667;3.836250;65535;

96581;-2000.000000;20.187500;0.021667;3.836250;65535;

96798;-2000.000000;20.187500;0.021250;3.836250;65535;

97021;-2000.000000;20.250000;0.021250;3.836250;65535;

97238;-2000.000000;20.187500;0.021250;3.836250;65535;

97461;-2000.000000;20.187500;0.021667;3.836250;65535;

97696;-2000.000000;20.187500;0.021250;3.836250;65535;

97944;-2000.000000;20.250000;0.021250;3.836250;65535;

98173;-2000.000000;20.250000;0.021250;3.836250;65535;

98390;-2000.000000;20.250000;0.021667;3.831250;65535;

98614;-2000.000000;20.250000;0.021667;3.834167;65535;

98828;-2000.000000;20.250000;0.021250;3.831250;65535;

99051;-2000.000000;20.250000;0.021250;3.830833;65535;

99268;-2000.000000;20.250000;0.021667;3.830833;65535;

99491;-2000.000000;20.250000;0.021667;3.831250;65535;

99711;-2000.000000;20.250000;0.021250;3.830833;65535;

99928;-2000.000000;20.250000;0.021667;3.830833;65535;

100151;-2000.000000;20.250000;0.021667;3.830833;65535;

100368;-2000.000000;20.250000;0.021667;3.831250;65535;

100591;-2000.000000;20.250000;0.021667;3.831250;65535;

100808;-2000.000000;20.250000;0.021667;3.831250;65535;

101064;-2000.000000;20.250000;0.021250;3.836250;65535;

101306;-2000.000000;20.250000;0.021250;3.835000;65535;

101531;-2000.000000;20.250000;0.021250;3.832500;65535;

101751;-2000.000000;20.250000;0.021250;3.833750;65535;

101968;-2000.000000;20.250000;0.021250;3.831250;65535;

102191;-2000.000000;20.250000;0.021250;3.831667;65535;

102408;-2000.000000;20.250000;0.021667;3.831250;65535;

102631;-2000.000000;20.250000;0.021250;3.831250;65535;

102851;-2000.000000;20.250000;0.021667;3.830833;65535;

103068;-2000.000000;20.312500;0.021250;3.830833;65535;

103291;-2000.000000;20.312500;0.021250;3.831250;65535;

103508;-2000.000000;20.250000;0.021667;3.831250;65535;

103731;-2000.000000;20.250000;0.021667;3.831250;65535;

103948;-2000.000000;20.250000;0.021667;3.831250;65535;

104171;-2000.000000;20.312500;0.021667;3.830833;65535;

104404;-2000.000000;20.312500;0.021250;3.830833;65535;

104645;-2000.000000;20.250000;0.021250;3.831250;65535;

104874;-2000.000000;20.312500;0.021250;3.831250;65535;

105091;-2000.000000;20.312500;0.021250;3.830833;65535;

105308;-2000.000000;20.312500;0.021667;3.831250;65535;

105531;-2000.000000;20.312500;0.021667;3.831250;65535;

105751;-2000.000000;20.312500;0.021250;3.831250;65535;

105968;-2000.000000;20.312500;0.021250;3.830833;65535;

106191;-2000.000000;20.312500;0.021250;3.831250;65535;

106408;-2000.000000;20.312500;0.021667;3.831250;65535;

106631;-2000.000000;20.312500;0.021667;3.831250;65535;

106848;-2000.000000;20.312500;0.021667;3.830833;65535;

107071;-2000.000000;20.312500;0.021250;3.831250;65535;

107292;-2000.000000;20.312500;0.021667;3.831250;65535;

107511;-2000.000000;20.312500;0.021250;3.831250;65535;

107728;-2000.000000;20.312500;0.021250;3.831250;65535;

107983;-2000.000000;20.312500;0.021250;3.826667;65535;

108212;-2000.000000;20.312500;0.021667;3.825833;65535;

108434;-2000.000000;20.312500;0.021667;3.825833;65535;

108652;-2000.000000;20.312500;0.021667;3.825833;65535;

108868;-2000.000000;20.312500;0.021250;3.825833;65535;

109092;-2000.000000;20.375000;0.021250;3.830833;65535;

109303;-2000.000000;20.312500;0.021667;3.825833;65535;

109518;-2000.000000;20.375000;0.021250;3.827084;65535;

109741;-2000.000000;20.375000;0.021250;3.829167;65535;

109958;-2000.000000;20.375000;0.021667;3.827084;65535;

110181;-2000.000000;20.312500;0.021250;3.826667;65535;

110401;-2000.000000;20.375000;0.021250;3.825833;65535;

110618;-2000.000000;20.375000;0.021667;3.825833;65535;

110842;-2000.000000;20.375000;0.021250;3.825833;65535;

111058;-2000.000000;20.375000;0.021667;3.825833;65535;

111305;-2000.000000;20.375000;0.021667;3.825833;65535;

111532;-2000.000000;20.375000;0.021250;3.825417;65535;

111753;-2000.000000;20.375000;0.021667;3.825833;65535;

111968;-2000.000000;20.375000;0.021667;3.825833;65535;

112191;-2000.000000;20.375000;0.021250;3.825833;65535;

112408;-2000.000000;20.375000;0.021250;3.825833;65535;

112631;-2000.000000;20.375000;0.021667;3.825833;65535;

112848;-2000.000000;20.375000;0.021667;3.825833;65535;

113071;-2000.000000;20.375000;0.021250;3.825833;65535;

113288;-2000.000000;20.375000;0.021250;3.825833;65535;

113512;-2000.000000;20.375000;0.021667;3.825833;65535;

113728;-2000.000000;20.375000;0.021667;3.825833;65535;

113951;-2000.000000;20.375000;0.021667;3.825833;65535;

114168;-2000.000000;20.375000;0.021667;3.825833;65535;

114391;-2000.000000;20.375000;0.021667;3.823750;65535;

114608;-2000.000000;20.437500;0.021250;3.823334;65535;

114855;-2000.000000;20.375000;0.021250;3.822083;65535;

115100;-2000.000000;20.437500;0.021667;3.820417;65535;

115321;-2000.000000;20.437500;0.021667;3.820417;65535;

115542;-2000.000000;20.375000;0.021250;3.820417;65535;

115758;-2000.000000;20.375000;0.021667;3.820417;65535;

115982;-2000.000000;20.437500;0.021250;3.820417;65535;

116201;-2000.000000;20.437500;0.021250;3.820417;65535;

116418;-2000.000000;20.437500;0.021667;3.820417;65535;

116641;-2000.000000;20.437500;0.021250;3.820417;65535;

116858;-2000.000000;20.437500;0.021667;3.820417;65535;

117081;-2000.000000;20.437500;0.021250;3.820417;65535;

117298;-2000.000000;20.437500;0.021250;3.820417;65535;

117519;-2000.000000;20.437500;0.021667;3.820417;65535;

117738;-2000.000000;20.437500;0.021250;3.820417;65535;

117961;-2000.000000;20.437500;0.021667;3.820417;65535;

118178;-2000.000000;20.437500;0.021250;3.820417;65535;

118428;-2000.000000;20.437500;0.021667;3.820417;65535;

118676;-2000.000000;20.437500;0.021250;3.820417;65535;

118901;-2000.000000;20.437500;0.021667;3.820417;65535;

119121;-2000.000000;20.437500;0.021667;3.820417;65535;

119341;-2000.000000;20.437500;0.021250;3.820417;65535;

119558;-2000.000000;20.437500;0.021667;3.820417;65535;

119791;-2000.000000;20.437500;0.021667;3.820417;65535;

120008;-2000.000000;20.437500;0.021667;3.820417;65535;

120231;-2000.000000;20.437500;0.021250;3.820417;65535;

120448;-2000.000000;20.437500;0.021250;3.820417;65535;

120671;-2000.000000;20.437500;0.021667;3.819167;65535;

120891;-2000.000000;20.437500;0.021250;3.820417;65535;

121108;-2000.000000;20.437500;0.021667;3.820417;65535;

121331;-2000.000000;20.437500;0.021250;3.815833;65535;

121548;-2000.000000;20.437500;0.021667;3.816250;65535;

121771;-2000.000000;20.500000;0.021667;3.815417;65535;

122006;-2000.000000;20.500000;0.021250;3.815417;65535;

122243;-2000.000000;20.500000;0.021667;3.815000;65535;

122471;-2000.000000;20.500000;0.021667;3.815000;65535;

122691;-2000.000000;20.500000;0.021250;3.815000;65535;

122908;-2000.000000;20.500000;0.021667;3.815000;65535;

123131;-2000.000000;20.437500;0.021250;3.815417;65535;

123348;-2000.000000;20.500000;0.021250;3.815417;65535;

123571;-2000.000000;20.500000;0.021667;3.815417;65535;

123778;-2000.000000;20.500000;0.021667;3.815000;65535;

124002;-2000.000000;20.500000;0.021667;3.815000;65535;

124218;-2000.000000;20.500000;0.021250;3.815417;65535;

124441;-2000.000000;20.500000;0.021250;3.815417;65535;

124658;-2000.000000;20.500000;0.021667;3.815000;65535;

124882;-2000.000000;20.500000;0.021250;3.815417;65535;

125098;-2000.000000;20.500000;0.021250;3.815417;65535;

125340;-2000.000000;20.500000;0.021667;3.815417;65535;

125586;-2000.000000;20.500000;0.021667;3.815417;65535;

125811;-2000.000000;20.500000;0.021250;3.815000;65535;

126031;-2000.000000;20.500000;0.021667;3.813334;65535;

126248;-2000.000000;20.500000;0.021667;3.815000;65535;

126472;-2000.000000;20.500000;0.021667;3.815417;65535;

126684;-2000.000000;20.500000;0.021250;3.815417;65535;

126901;-2000.000000;20.562500;0.021250;3.815417;65535;

127118;-2000.000000;20.500000;0.021667;3.815000;65535;

127341;-2000.000000;20.562500;0.021250;3.815000;65535;

127558;-2000.000000;20.500000;0.021250;3.815000;65535;

127781;-2000.000000;20.500000;0.021250;3.815000;65535;

127998;-2000.000000;20.500000;0.021250;3.812083;65535;

128221;-2000.000000;20.562500;0.021667;3.810834;65535;

128441;-2000.000000;20.562500;0.021667;3.810000;65535;

128675;-2000.000000;20.562500;0.021667;3.810000;65535;

128927;-2000.000000;20.562500;0.021250;3.810000;65535;

129152;-2000.000000;20.562500;0.021667;3.810000;65535;

129371;-2000.000000;20.562500;0.021667;3.810000;65535;

129588;-2000.000000;20.562500;0.021667;3.810000;65535;

129813;-2000.000000;20.562500;0.021667;3.810000;65535;

130039;-2000.000000;20.562500;0.021667;3.810000;65535;

130258;-2000.000000;20.562500;0.021667;3.810000;65535;

130481;-2000.000000;20.562500;0.021667;3.809584;65535;

130698;-2000.000000;20.562500;0.021667;3.810000;65535;

130921;-2000.000000;20.562500;0.021667;3.810000;65535;

131138;-2000.000000;20.562500;0.021667;3.810000;65535;

131361;-2000.000000;20.562500;0.021250;3.810000;65535;

131581;-2000.000000;20.562500;0.021250;3.810000;65535;

131798;-2000.000000;20.562500;0.021250;3.810000;65535;

132042;-2000.000000;20.562500;0.021667;3.810000;65535;

132295;-2000.000000;20.562500;0.021250;3.810000;65535;

132521;-2000.000000;20.562500;0.021667;3.810000;65535;

132741;-2000.000000;20.562500;0.021250;3.808750;65535;

132960;-2000.000000;20.625000;0.021250;3.808333;65535;

133181;-2000.000000;20.562500;0.021667;3.806667;65535;

133398;-2000.000000;20.625000;0.021667;3.805417;65535;

133621;-2000.000000;20.562500;0.021667;3.804584;65535;

133838;-2000.000000;20.625000;0.021250;3.804584;65535;

134061;-2000.000000;20.562500;0.021250;3.804584;65535;

134278;-2000.000000;20.562500;0.021667;3.804584;65535;

134500;-2000.000000;20.562500;0.021250;3.804584;65535;

134721;-2000.000000;20.562500;0.021667;3.804584;65535;

134938;-2000.000000;20.625000;0.021667;3.804584;65535;

135161;-2000.000000;20.625000;0.021667;3.804584;65535;

135395;-2000.000000;20.625000;0.021250;3.804584;65535;

135644;-2000.000000;20.625000;0.021250;3.804584;65535;

135873;-2000.000000;20.562500;0.021250;3.804584;65535;

136080;-2000.000000;20.625000;0.021667;3.804584;65535;

136298;-2000.000000;20.625000;0.021250;3.804584;65535;

136521;-2000.000000;20.625000;0.021250;3.804584;65535;

136738;-2000.000000;20.625000;0.021667;3.804584;65535;

136961;-2000.000000;20.625000;0.021250;3.804584;65535;

137178;-2000.000000;20.625000;0.021667;3.804584;65535;

137401;-2000.000000;20.625000;0.021250;3.804584;65535;

137621;-2000.000000;20.625000;0.021667;3.804584;65535;

137840;-2000.000000;20.625000;0.021667;3.804584;65535;

138064;-2000.000000;20.625000;0.021250;3.804584;65535;

138278;-2000.000000;20.625000;0.021667;3.804584;65535;

138501;-2000.000000;20.625000;0.021250;3.804584;65535;

138718;-2000.000000;20.625000;0.021250;3.804584;65535;

138966;-2000.000000;20.625000;0.021667;3.804584;65535;

139182;-2000.000000;20.625000;0.021667;3.804584;65535;

139398;-2000.000000;20.625000;0.021250;3.804584;65535;

139623;-2000.000000;20.625000;0.021250;3.802917;65535;

139838;-2000.000000;20.625000;0.021667;3.801250;65535;

140061;-2000.000000;20.625000;0.021250;3.802083;65535;

140278;-2000.000000;20.625000;0.021667;3.799583;65535;

140501;-2000.000000;20.687500;0.021250;3.799167;65535;

140721;-2000.000000;20.625000;0.021250;3.799583;65535;

140938;-2000.000000;20.625000;0.021667;3.799167;65535;

141161;-2000.000000;20.687500;0.021250;3.799167;65535;

141378;-2000.000000;20.687500;0.021667;3.799583;65535;

141601;-2000.000000;20.625000;0.021667;3.799167;65535;

141818;-2000.000000;20.687500;0.021667;3.799583;65535;

142044;-2000.000000;20.625000;0.021250;3.799583;65535;

142277;-2000.000000;20.625000;0.021250;3.799167;65535;

142519;-2000.000000;20.625000;0.021667;3.799583;65535;

142743;-2000.000000;20.687500;0.021667;3.799583;65535;

142961;-2000.000000;20.687500;0.021250;3.799167;65535;

143178;-2000.000000;20.687500;0.021250;3.799583;65535;

143401;-2000.000000;20.687500;0.021250;3.799583;65535;

143618;-2000.000000;20.687500;0.021667;3.799583;65535;

143841;-2000.000000;20.687500;0.021250;3.799167;65535;

144061;-2000.000000;20.687500;0.021250;3.799167;65535;

144278;-2000.000000;20.687500;0.021250;3.799167;65535;

144501;-2000.000000;20.687500;0.021667;3.799167;65535;

144718;-2000.000000;20.687500;0.021667;3.799583;65535;

144941;-2000.000000;20.687500;0.021667;3.798750;65535;

145158;-2000.000000;20.687500;0.021667;3.796667;65535;

145381;-2000.000000;20.687500;0.021250;3.794167;65535;

145598;-2000.000000;20.687500;0.021250;3.794167;65535;

145845;-2000.000000;20.687500;0.021667;3.794167;65535;

146095;-2000.000000;20.687500;0.021250;3.794167;65535;

146321;-2000.000000;20.687500;0.021667;3.794167;65535;

146540;-2000.000000;20.687500;0.021667;3.794167;65535;

146758;-2000.000000;20.687500;0.021250;3.794167;65535;

146981;-2000.000000;20.687500;0.021667;3.794167;65535;

147201;-2000.000000;20.687500;0.021250;3.794167;65535;

147418;-2000.000000;20.687500;0.021667;3.794167;65535;

147641;-2000.000000;20.687500;0.021667;3.794167;65535;

147858;-2000.000000;20.687500;0.021250;3.793750;65535;

148081;-2000.000000;20.687500;0.021250;3.794167;65535;

148290;-2000.000000;20.687500;0.021250;3.794167;65535;

148512;-2000.000000;20.750000;0.021667;3.794167;65535;

148731;-2000.000000;20.687500;0.021667;3.794167;65535;

148952;-2000.000000;20.687500;0.021667;3.794167;65535;

149168;-2000.000000;20.687500;0.021667;3.794167;65535;

149415;-2000.000000;20.687500;0.021250;3.794167;65535;

149656;-2000.000000;20.750000;0.021667;3.794167;65535;

149881;-2000.000000;20.750000;0.021667;3.794167;65535;

150102;-2000.000000;20.750000;0.021667;3.794167;65535;

150321;-2000.000000;20.750000;0.021250;3.794167;65535;

150542;-2000.000000;20.750000;0.021667;3.794167;65535;

150758;-2000.000000;20.750000;0.021667;3.794167;65535;

150982;-2000.000000;20.750000;0.021250;3.793750;65535;

151198;-2000.000000;20.750000;0.021667;3.793750;65535;

151421;-2000.000000;20.750000;0.021250;3.794167;65535;

151638;-2000.000000;20.750000;0.021250;3.794167;65535;

151861;-2000.000000;20.750000;0.021250;3.793750;65535;

152078;-2000.000000;20.750000;0.021667;3.794167;65535;

152301;-2000.000000;20.750000;0.021667;3.794167;65535;

152518;-2000.000000;20.750000;0.021667;3.794167;65535;

152763;-2000.000000;20.750000;3.793750;3.794167;65535;

153003;-2000.000000;20.750000;0.021667;3.793750;65535;

153231;-2000.000000;20.750000;0.021667;3.793333;65535;

153451;-2000.000000;20.750000;0.021667;3.790000;65535;

153668;-2000.000000;20.750000;0.021667;3.790833;65535;

153892;-2000.000000;20.750000;0.021667;3.788750;65535;

154111;-2000.000000;20.750000;0.021250;3.788750;65535;

154332;-2000.000000;20.750000;0.021250;3.788750;65535;

154548;-2000.000000;20.750000;0.021667;3.788750;65535;

154771;-2000.000000;20.750000;0.021250;3.788750;65535;

154992;-2000.000000;20.750000;0.021667;3.788750;65535;

155203;-2000.000000;20.750000;0.021667;3.788750;65535;

155418;-2000.000000;20.750000;0.021250;3.788750;65535;

155641;-2000.000000;20.812500;0.021250;3.788750;65535;

155861;-2000.000000;20.812500;0.021667;3.788750;65535;

156113;-2000.000000;20.750000;0.021667;3.788750;65535;

156370;-2000.000000;20.812500;0.021667;3.788750;65535;

156593;-2000.000000;20.812500;0.021667;3.788750;65535;

156808;-2000.000000;20.812500;0.021250;3.788750;65535;

157041;-2000.000000;20.812500;0.021250;3.788750;65535;

157261;-2000.000000;20.812500;0.021667;3.785417;65535;

157490;-2000.000000;20.812500;0.021250;3.783334;65535;

157714;-2000.000000;20.812500;0.021250;3.783334;65535;

157931;-2000.000000;20.812500;0.021250;3.783750;65535;

158148;-2000.000000;20.812500;0.021250;3.783750;65535;

158371;-2000.000000;20.812500;0.021250;3.783334;65535;

158612;-2000.000000;20.812500;3.783334;3.783334;65535;

158831;-2000.000000;20.812500;0.021667;3.783750;65535;

159054;-2000.000000;20.812500;0.021250;3.783750;65535;

159268;-2000.000000;20.812500;0.021667;3.783334;65535;

159491;-2000.000000;20.812500;0.021667;3.783750;65535;

159708;-2000.000000;20.812500;0.021667;3.783334;65535;

159954;-2000.000000;20.812500;0.021250;3.783334;65535;

160182;-2000.000000;20.812500;0.021250;3.783334;65535;

160401;-2000.000000;20.812500;0.021667;3.783334;65535;

160618;-2000.000000;20.812500;0.021250;3.783334;65535;

160844;-2000.000000;20.812500;0.021667;3.783334;65535;

161058;-2000.000000;20.812500;0.021667;3.783750;65535;

161281;-2000.000000;20.812500;0.021250;3.783750;65535;

161515;-2000.000000;20.812500;0.021250;3.783750;65535;

161741;-2000.000000;20.812500;0.021667;3.783334;65535;

161961;-2000.000000;20.812500;0.021667;3.783750;65535;

162180;-2000.000000;20.812500;0.021667;3.783334;65535;

162401;-2000.000000;20.812500;0.021250;3.783750;65535;

162620;-2000.000000;20.875000;0.021250;3.783334;65535;

162848;-2000.000000;20.812500;0.021667;3.783750;65535;

163071;-2000.000000;20.812500;0.021667;3.783334;65535;

163307;-2000.000000;20.812500;0.021250;3.783334;65535;

163547;-2000.000000;20.812500;0.021250;3.783750;65535;

163777;-2000.000000;20.812500;0.021667;3.780000;65535;

164004;-2000.000000;20.875000;0.021250;3.782917;65535;

164221;-2000.000000;20.875000;0.021250;3.779167;65535;

164455;-2000.000000;20.875000;0.021667;3.778334;65535;

164681;-2000.000000;20.875000;0.021667;3.777917;65535;

164901;-2000.000000;20.812500;0.021250;3.777917;65535;

165132;-2000.000000;20.875000;0.021250;3.778334;65535;

165354;-2000.000000;20.812500;0.021667;3.778334;65535;

165571;-2000.000000;20.875000;0.021667;3.778334;65535;

165788;-2000.000000;20.875000;0.021667;3.778334;65535;

166011;-2000.000000;20.875000;0.021250;3.778334;65535;

166247;-2000.000000;20.875000;0.021667;3.778334;65535;

166474;-2000.000000;20.875000;0.021250;3.778334;65535;

166691;-2000.000000;20.875000;0.021667;3.777917;65535;

166906;-2000.000000;20.875000;0.021250;3.777917;65535;

167145;-2000.000000;20.875000;0.021250;3.778334;65535;

167369;-2000.000000;20.875000;0.021667;3.778334;65535;

167601;-2000.000000;20.875000;0.021250;3.778334;65535;

167820;-2000.000000;20.875000;0.021667;3.777917;65535;

168068;-2000.000000;20.875000;0.021667;3.777917;65535;

168293;-2000.000000;20.875000;0.021667;3.778334;65535;

168511;-2000.000000;20.875000;0.021667;3.778334;65535;

168728;-2000.000000;20.875000;0.021250;3.777917;65535;

168951;-2000.000000;20.875000;0.021667;3.778334;65535;

169171;-2000.000000;20.875000;0.021667;3.778334;65535;

169391;-2000.000000;20.875000;0.021250;3.778334;65535;

169608;-2000.000000;20.875000;0.021667;3.778334;65535;

169846;-2000.000000;20.875000;0.021667;3.778334;65535;

170071;-2000.000000;20.875000;0.021667;3.778334;65535;

170291;-2000.000000;20.875000;0.021250;3.778334;65535;

170508;-2000.000000;20.875000;0.021250;3.777917;65535;

170767;-2000.000000;20.875000;0.021667;0.021250;65535;

171007;-2000.000000;20.875000;0.021250;3.777500;65535;

171231;-2000.000000;20.875000;0.021250;3.775000;65535;

171451;-2000.000000;20.875000;0.021667;3.772917;65535;

171670;-2000.000000;20.875000;0.021667;3.772917;65535;

171891;-2000.000000;20.875000;0.021667;3.772917;65535;

172126;-2000.000000;20.937500;0.021667;3.772917;65535;

172351;-2000.000000;20.937500;0.021250;3.772917;65535;

172571;-2000.000000;20.875000;0.021667;3.772917;65535;

172792;-2000.000000;20.937500;0.021667;3.772917;65535;

173011;-2000.000000;20.875000;0.021667;3.772917;65535;

173231;-2000.000000;20.937500;0.021667;3.772917;65535;

173448;-2000.000000;20.937500;0.021250;3.772917;65535;

173671;-2000.000000;20.937500;0.021250;3.772917;65535;

173915;-2000.000000;20.937500;0.021667;3.772917;65535;

174165;-2000.000000;20.937500;0.021667;3.772917;65535;

174393;-2000.000000;20.937500;0.021667;3.772917;65535;

174608;-2000.000000;20.937500;0.021667;3.772917;65535;

174831;-2000.000000;20.937500;0.021250;3.772917;65535;

175071;-2000.000000;20.937500;0.021250;3.772917;65535;

175291;-2000.000000;20.937500;0.021667;3.772917;65535;

175511;-2000.000000;20.937500;0.021667;3.772917;65535;

175728;-2000.000000;20.937500;0.021667;3.772917;65535;

175954;-2000.000000;20.937500;0.021667;3.772917;65535;

176168;-2000.000000;20.937500;0.021250;3.772917;65535;

176391;-2000.000000;20.937500;0.021667;3.772917;65535;

176611;-2000.000000;20.937500;0.021667;3.772917;65535;

176850;-2000.000000;20.937500;0.021667;3.772917;65535;

177071;-2000.000000;20.937500;0.021250;3.772917;65535;

177291;-2000.000000;20.937500;0.021667;3.772917;65535;

177539;-2000.000000;20.937500;0.021250;3.772917;65535;

177780;-2000.000000;20.937500;0.021250;3.772500;65535;

178003;-2000.000000;20.937500;0.021667;3.772917;65535;

178218;-2000.000000;20.937500;0.021250;3.771667;65535;

178441;-2000.000000;20.937500;0.021667;3.769167;65535;

178682;-2000.000000;20.937500;0.021667;3.767500;65535;

178901;-2000.000000;20.937500;0.021667;3.767500;65535;

179121;-2000.000000;20.937500;0.021667;3.767500;65535;

179338;-2000.000000;20.937500;0.021250;3.767500;65535;

179564;-2000.000000;21.000000;0.021667;3.767500;65535;

179778;-2000.000000;21.000000;0.021250;3.767500;65535;

180001;-2000.000000;20.937500;0.021667;3.767500;65535;

180218;-2000.000000;21.000000;0.021667;3.767500;65535;

180441;-2000.000000;20.937500;0.021250;3.767500;65535;

180658;-2000.000000;20.937500;0.021667;3.767500;65535;

180881;-2000.000000;20.937500;0.021667;3.767500;65535;

181116;-2000.000000;20.937500;0.021667;3.767500;65535;

181363;-2000.000000;21.000000;0.021667;3.767500;65535;

181584;-2000.000000;21.000000;0.021667;3.767500;65535;

181801;-2000.000000;21.000000;0.021667;3.767500;65535;

182027;-2000.000000;21.000000;0.021250;3.767500;65535;

182264;-2000.000000;21.000000;0.021667;3.767083;65535;

182478;-2000.000000;21.000000;0.021667;3.767500;65535;

182708;-2000.000000;21.000000;0.021667;3.767500;65535;

182931;-2000.000000;21.000000;0.021250;3.767500;65535;

183151;-2000.000000;21.000000;0.021667;3.767500;65535;

183371;-2000.000000;21.000000;0.021250;3.767500;65535;

183588;-2000.000000;21.000000;0.021250;3.767500;65535;

183811;-2000.000000;21.000000;0.021250;3.767500;65535;

184030;-2000.000000;21.000000;0.021667;3.767500;65535;

184251;-2000.000000;21.000000;0.021250;3.767500;65535;

184487;-2000.000000;21.000000;0.021667;3.767500;65535;

184735;-2000.000000;21.000000;0.021250;3.764584;65535;

184970;-2000.000000;21.000000;0.021250;3.762500;65535;

185192;-2000.000000;21.000000;0.021667;3.762500;65535;

185411;-2000.000000;21.000000;0.021250;3.762083;65535;

185634;-2000.000000;21.000000;0.021667;3.762083;65535;

185848;-2000.000000;21.000000;0.021250;3.762500;65535;

186071;-2000.000000;21.000000;0.021667;3.762083;65535;

186306;-2000.000000;21.000000;0.021667;3.762083;65535;

186531;-2000.000000;21.000000;0.021667;3.762500;65535;

186751;-2000.000000;21.000000;0.021667;3.762083;65535;

186971;-2000.000000;21.000000;0.021667;3.762083;65535;

187191;-2000.000000;21.000000;0.021667;3.762083;65535;

187427;-2000.000000;21.000000;0.021250;3.762083;65535;

187650;-2000.000000;21.000000;0.021667;3.762083;65535;

187874;-2000.000000;21.000000;0.021250;3.762083;65535;

188091;-2000.000000;21.000000;0.021250;3.762083;65535;

188334;-2000.000000;21.000000;0.021667;3.762083;65535;

188564;-2000.000000;21.000000;0.021667;3.762500;65535;

188791;-2000.000000;21.062500;0.021667;3.762083;65535;

189011;-2000.000000;21.000000;0.021667;3.762500;65535;

189246;-2000.000000;21.000000;0.021250;3.762083;65535;

189471;-2000.000000;21.062500;0.021667;3.759167;65535;

189694;-2000.000000;21.062500;0.021250;3.760417;65535;

189908;-2000.000000;21.000000;0.021667;3.762500;65535;

190131;-2000.000000;21.062500;0.021250;3.762500;65535;

190365;-2000.000000;21.000000;0.021667;3.762083;65535;

190591;-2000.000000;21.062500;0.021667;3.762083;65535;

190811;-2000.000000;21.062500;0.021667;3.762083;65535;

191028;-2000.000000;21.062500;0.021667;3.762083;65535;

191251;-2000.000000;21.062500;0.021667;3.762083;65535;

191468;-2000.000000;21.062500;0.021667;3.760834;65535;

191694;-2000.000000;21.062500;0.021667;3.759584;65535;

191947;-2000.000000;21.062500;0.021250;3.757500;65535;

192193;-2000.000000;21.062500;0.021667;3.757083;65535;

192421;-2000.000000;21.062500;0.021667;3.757083;65535;

192641;-2000.000000;21.062500;0.021667;3.756667;65535;

192858;-2000.000000;21.062500;0.021667;3.757083;65535;

193084;-2000.000000;21.062500;0.021250;3.757083;65535;

193315;-2000.000000;21.062500;0.021250;3.757083;65535;

193547;-2000.000000;21.062500;0.021667;3.757083;65535;

193770;-2000.000000;21.062500;0.021667;3.757083;65535;

193996;-2000.000000;21.062500;0.021667;3.757083;65535;

194208;-2000.000000;21.062500;0.021250;3.757083;65535;

194431;-2000.000000;21.062500;0.021250;3.757083;65535;

194651;-2000.000000;21.062500;0.021667;3.757083;65535;

194871;-2000.000000;21.062500;0.021250;3.757083;65535;

195107;-2000.000000;21.062500;0.021667;3.757083;65535;

195343;-2000.000000;21.062500;0.021667;3.757083;65535;

195577;-2000.000000;21.062500;0.021250;3.757083;65535;

195801;-2000.000000;21.062500;0.021667;3.757083;65535;

196021;-2000.000000;21.062500;0.021250;3.757083;65535;

196238;-2000.000000;21.062500;0.021667;3.757083;65535;

196464;-2000.000000;21.062500;0.021250;3.757083;65535;

196681;-2000.000000;21.062500;0.021250;3.757083;65535;

196899;-2000.000000;21.062500;0.021667;3.757083;65535;

197121;-2000.000000;21.062500;0.021667;3.751667;65535;

197338;-2000.000000;21.062500;0.021250;0.021250;65535;

197564;-2000.000000;21.062500;0.021667;3.751667;65535;

197778;-2000.000000;21.062500;0.021250;3.751667;65535;

198024;-2000.000000;21.062500;0.021667;3.751667;65535;

198251;-2000.000000;21.062500;0.021250;3.751667;65535;

198471;-2000.000000;21.062500;0.021667;3.751667;65535;

198694;-2000.000000;21.062500;0.021667;3.751667;65535;

198945;-2000.000000;21.062500;0.021250;3.751667;65535;

199193;-2000.000000;21.062500;0.021250;3.751667;65535;

199411;-2000.000000;21.062500;0.021667;3.751667;65535;

199631;-2000.000000;21.062500;0.021667;3.751667;65535;

199851;-2000.000000;21.125000;0.021667;3.751667;65535;

200072;-2000.000000;21.062500;0.021667;3.751667;65535;

200306;-2000.000000;21.062500;0.021250;3.751667;65535;

200531;-2000.000000;21.062500;0.021667;3.751667;65535;

200754;-2000.000000;21.062500;0.021667;3.751667;65535;

200986;-2000.000000;21.062500;0.021667;3.751667;65535;

201214;-2000.000000;21.062500;0.021250;3.751667;65535;

201428;-2000.000000;21.125000;0.021667;3.751667;65535;

201651;-2000.000000;21.062500;0.021667;3.751667;65535;

