1671;8388607;8388607;8388607;8388607;8388607;8388607;8388607;8388607;8388607;8388607;8388607;8388607;8388607;8388607;8388607;8388607;8388607;8388607;8388607;8388607;8388607;8388607;8388607;8388607;8388607;8388607;8388607;8388607;8388607;8388607;8388607;8388607;
1776;8388607;8388607;8388607;8388607;8388607;8388607;8388607;8388607;8388607;8388607;8388607;8388607;8388607;8388607;8388607;8388607;8388607;8388607;8388607;8388607;8388607;8388607;8388607;8388607;8388607;8388607;8388607;8388607;8388607;8388607;8388607;8388607;
1796;8388607;8388607;8388607;8388607;8388607;8388607;8388607;8388607;8388607;8388607;8388607;8388607;8388607;8388607;8388607;8388607;8388607;8388607;8388607;8388607;8388607;8388607;8388607;8388607;8388607;8388607;8388607;8388607;8388607;8388607;8388607;8388607;
1816;8388607;8388607;8388607;8388607;8388607;8388607;8388607;8388607;8388607;8388607;8388607;8388607;8388607;8388607;8388607;8388607;8388607;8388607;8388607;8388607;8388607;8388607;8388607;8388607;8388607;8388607;8388607;8388607;8388607;8388607;8388607;8388607;
1837;8388607;8388607;8388607;8388607;8388607;8388607;8388607;8388607;8388607;8388607;8388607;8388607;8388607;8388607;8388607;8388607;8388607;8388607;8388607;8388607;8388607;8388607;8388607;8388607;8388607;8388607;8388607;8388607;8388607;8388607;8388607;8388607;
2899;8388607;8388607;8388607;8388607;8388607;8388607;8388607;8388607;8388607;8388607;8388607;8388607;8388607;8388607;8388607;8388607;8388607;8388607;8388607;8388607;8388607;8388607;8388607;8388607;8388607;8388607;8388607;8388607;8388607;8388607;8388607;8388607;
2920;8388607;8388607;8388607;8388607;8388607;8388607;8388607;8388607;8388607;8388607;8388607;8388607;8388607;8388607;8388607;8388607;8388607;8388607;8388607;8388607;8388607;8388607;8388607;8388607;8388607;8388607;8388607;8388607;8388607;8388607;8388607;8388607;
2940;8388607;8388607;8388607;8388607;8388607;8388607;8388607;8388607;8388607;8388607;8388607;8388607;8388607;8388607;8388607;8388607;8388607;8388607;8388607;8388607;8388607;8388607;8388607;8388607;8388607;8388607;8388607;8388607;8388607;8388607;8388607;8388607;
2962;8388607;8388607;8388607;8388607;8388607;8388607;8388607;8388607;8388607;8388607;8388607;8388607;8388607;8388607;8388607;8388607;8388607;8388607;8388607;8388607;8388607;8388607;8388607;8388607;8388607;8388607;8388607;8388607;8388607;8388607;8388607;8388607;
2982;8388607;8388607;8388607;8388607;8388607;8388607;8388607;8388607;8388607;8388607;8388607;8388607;8388607;8388607;8388607;8388607;8388607;8388607;8388607;8388607;8388607;8388607;8388607;8388607;8388607;8388607;8388607;8388607;8388607;8388607;8388607;8388607;
3005;8388607;8388607;8388607;8388607;8388607;8388607;8388607;8388607;8388607;8388607;8388607;8388607;8388607;8388607;8388607;8388607;8388607;8388607;8388607;8388607;8388607;8388607;8388607;8388607;8388607;8388607;8388607;8388607;8388607;8388607;8388607;8388607;
4019;8388607;8388607;8388607;8388607;8388607;8388607;8388607;8388607;8388607;8388607;8388607;8388607;8388607;8388607;8388607;8388607;8388607;8388607;8388607;8388607;8388607;8388607;8388607;8388607;8388607;8388607;8388607;8388607;8388607;8388607;8388607;8388607;
4040;8388607;8388607;8388607;8388607;8388607;8388607;8388607;8388607;8388607;8388607;8388607;8388607;8388607;8388607;8388607;8388607;8388607;8388607;8388607;8388607;8388607;8388607;8388607;8388607;8388607;8388607;8388607;8388607;8388607;8388607;8388607;8388607;
4060;8388607;8388607;8388607;8388607;8388607;8388607;8388607;8388607;8388607;8388607;8388607;8388607;8388607;8388607;8388607;8388607;8388607;8388607;8388607;8388607;8388607;8388607;8388607;8388607;8388607;8388607;8388607;8388607;8388607;8388607;8388607;8388607;
4082;8388607;8388607;8388607;8388607;8388607;8388607;8388607;8388607;8388607;8388607;8388607;8388607;8388607;8388607;8388607;8388607;8388607;8388607;8388607;8388607;8388607;8388607;8388607;8388607;8388607;8388607;8388607;8388607;8388607;8388607;8388607;8388607;
4102;8388607;8388607;8388607;8388607;8388607;8388607;8388607;8388607;8388607;8388607;8388607;8388607;8388607;8388607;8388607;8388607;8388607;8388607;8388607;8388607;8388607;8388607;8388607;8388607;8388607;8388607;8388607;8388607;8388607;8388607;8388607;8388607;
5262;8388607;8388607;8388607;8388607;8388607;8388607;8388607;8388607;8388607;8388607;8388607;8388607;8388607;8388607;8388607;8388607;8388607;8388607;8388607;8388607;8388607;8388607;8388607;8388607;8388607;8388607;8388607;8388607;8388607;8388607;8388607;8388607;
5300;8388607;8388607;8388607;8388607;8388607;8388607;8388607;8388607;8388607;8388607;8388607;8388607;8388607;8388607;8388607;8388607;8388607;8388607;8388607;8388607;8388607;8388607;8388607;8388607;8388607;8388607;8388607;8388607;8388607;8388607;8388485;8388607;
5353;8388607;8388607;8388607;8388607;8388607;8388607;8388607;8388607;8388607;8388607;8388607;8388607;8388607;8388607;8388607;8388607;8388607;8388607;8388607;8388607;8388607;8388607;8388607;8388607;8388607;8388607;8388607;8388607;8388607;8388607;8388607;8388607;
5403;8388607;8388607;8388607;8388607;8388607;8388607;8388607;8388607;8388607;8388607;8388607;8388607;8388607;8388607;8388607;8388607;8388607;8388607;8388607;8388607;8388607;8388607;8388607;8388607;8388607;8388607;8388607;8388607;8388607;8388607;8388607;8388607;
5661;8388607;8388607;8388607;8388607;8388607;8388607;8388607;8388607;8388607;8388607;8388607;8388607;8388607;8388607;8388607;8388607;8388607;8388607;8388607;8388607;8388607;8388607;8388607;8388607;8388607;8388607;8388607;8388607;8388607;8388607;8388607;8388607;
5834;8388607;8388607;8388607;8388607;8388607;8388607;8388607;8388607;8388607;8388607;8388607;8388607;8388607;8388607;8388607;8388607;8388607;8388607;8388607;8388607;8388607;8388607;8388607;8388607;8388607;8388607;8388607;8388607;8388607;8388607;8388607;8388607;
6999;8388607;8388607;8388607;8388607;8388607;8388607;8388607;8388607;8388607;8388607;8388607;8388607;8388607;8388607;8388607;8388607;8388607;8388607;8388607;8388607;8388607;8388607;8388607;8388607;8388607;8388607;8388607;8388607;8388607;8388607;8388607;8388607;
7020;8388607;8388607;8388607;8388607;8388607;8388607;8388607;8388607;8388607;8388607;8388607;8388607;8388607;8388607;8388607;8388607;8388607;8388607;8388607;8388607;8388607;8388607;8388607;8388607;8388607;8388607;8388607;8388607;8388607;8388607;8388607;8388607;
7050;8388607;8388607;8388607;8388607;8388607;8388607;8388607;8388607;8388607;8388607;8388607;8388607;8388607;8388607;8388607;8388607;8388607;8388607;8388607;8388607;8388607;8388607;8388607;8388607;8388607;8388607;8388607;8388607;8388607;8388607;8388607;8388607;
7086;8388607;8388607;8388607;8388607;8388607;8388607;8388607;8388607;8388607;8388607;8388607;8388607;8388607;8388607;8388607;8388607;8388607;8388607;8388607;8388607;8388607;8388607;8388607;8388607;8388607;8388607;8388607;8388607;8388607;8388607;8388607;8388607;
7119;8388607;8388607;8388607;8388607;8388607;8388607;8388607;8388607;8388607;8388607;8388607;8388607;8388607;8388607;8388607;8388607;8388607;8388607;8388607;8388607;8388607;8388607;8388607;8388607;8388607;8388607;8388607;8388607;8388607;8388607;8388607;8388607;
7140;8388607;8388607;8388607;8388607;8388607;8388607;8388607;8388607;8388607;8388607;8388607;8388607;8388607;8388607;8388607;8388607;8388607;8388607;8388607;8388607;8388607;8388607;8388607;8388607;8388607;8388607;8388607;8388607;8388607;8388607;8388607;8388607;
7172;8388607;8388607;8388607;8388607;8388607;8388607;8388607;8388607;8388607;8388607;8388607;8388607;8388607;8388607;8388607;8388607;8388607;8388607;8388607;8388607;8388607;8388607;8388607;8388607;8388607;8388607;8388607;8388607;8388607;8388607;8388607;8388607;
7191;8388607;8388607;8388607;8388607;8388607;8388607;8388607;8388607;8388607;8388607;8388607;8388607;8388607;8388607;8388607;8388607;8388607;8388607;8388607;8388607;8388607;8388607;8388607;8388607;8388607;8388607;8388607;8388607;8388607;8388607;8388607;8388607;
8209;8388607;8388607;8388607;8388607;8388607;8388607;8388607;8388607;8388607;8388607;8388607;8388607;8388607;8388607;8388607;8388607;8388607;8388607;8388607;8388607;8388607;8388607;8388607;8388607;8388607;8388607;8388607;8388607;8388607;8388607;8388607;8388607;
8780;8388607;8388607;8388607;8388607;8388607;8388607;8388607;8388607;8388607;8388607;8388607;8388607;8388607;8388607;8388607;8388607;8388607;8388607;8388607;8388607;8388607;8388607;8388607;8388607;8388607;8388607;8388607;8388607;8388607;8388607;8388607;8388607;
8809;8388607;8388607;8388607;8388607;8388607;8388607;8388607;8388607;8388607;8388607;8388607;8388607;8388607;8388607;8388607;8388607;8388607;8388607;8388607;8388607;8388607;8388607;8388607;8388607;8388607;8388607;8388607;8388607;8388607;8388607;8388607;8388607;
8830;8388607;8388607;8388607;8388607;8388607;8388607;8388607;8388607;8388607;8388607;8388607;8388607;8388607;8388607;8388607;8388607;8388607;8388607;8388607;8388607;8388607;8388607;8388607;8388607;8388607;8388607;8388607;8388607;8388607;8388607;8388607;8388607;
8852;8388607;8388607;8388607;8388607;8388607;8388607;8388607;8388607;8388607;8388607;8388607;8388607;8388607;8388607;8388607;8388607;8388607;8388607;8388607;8388607;8388607;8388607;8388607;8388607;8388607;8388607;8388607;8388607;8388607;8388607;8388607;8388607;
9989;8388607;8388607;8388607;8388607;8388607;8388607;8388607;8388607;8388607;8388607;8388607;8388607;8388607;8388607;8388607;8388607;8388607;8388607;8388607;8388607;8388607;8388607;8388607;8388607;8388607;8388607;8388607;8388607;8388607;8388607;8388607;8388607;
10130;8388607;8388607;8388607;8388607;8388607;8388607;8388607;8388607;8388607;8388607;8388607;8388607;8388607;8388607;8388607;8388607;8388607;8388607;8388607;8388607;8388607;8388607;8388607;8388607;8388607;8388607;8388607;8388607;8388607;8388607;8388607;8388607;
10150;8388607;8388607;8388607;8388607;8388607;8388607;8388607;8388607;8388607;8388607;8388607;8388607;8388607;8388607;8388607;8388607;8388607;8388607;8388607;8388607;8388607;8388607;8388607;8388607;8388607;8388607;8388607;8388607;8388607;8388607;8388607;8388607;
10182;8388607;8388607;8388607;8388607;8388607;8388607;8388607;8388607;8388607;8388607;8388607;8388607;8388607;8388607;8388607;8388607;8388607;8388607;8388607;8388607;8388607;8388607;8388607;8388607;8388607;8388607;8388607;8388607;8388607;8388607;8388607;8388607;
10202;8388607;8388607;8388607;8388607;8388607;8388607;8388607;8388607;8388607;8388607;8388607;8388607;8388607;8388607;8388607;8388607;8388607;8388607;8388607;8388607;8388607;8388607;8388607;8388607;8388607;8388607;8388607;8388607;8388607;8388607;8388607;8388607;
10342;8388607;8388607;8388607;8388607;8388607;8388607;8388607;8388607;8388607;8388607;8388607;8388607;8388607;8388607;8388607;8388607;8388607;8388607;8388607;8388607;8388607;8388607;8388607;8388607;8388607;8388607;8388607;8388607;8388607;8388607;8388607;8388607;
10362;8388607;8388607;8388607;8388607;8388607;8388607;8388607;8388607;8388607;8388607;8388607;8388607;8388607;8388607;8388607;8388607;8388607;8388607;8388607;8388607;8388607;8388607;8388607;8388607;8388607;8388607;8388607;8388607;8388607;8388607;8388607;8388607;
10384;8388607;8388607;8388607;8388607;8388607;8388607;8388607;8388607;8388607;8388607;8388607;8388607;8388607;8388607;8388607;8388607;8388607;8388607;8388607;8388607;8388607;8388607;8388607;8388607;8388607;8388607;8388607;8388607;8388607;8388607;8388607;8388607;