1991;8388607;8388607;8388607;8388607;8388607;8388607;8388607;8388607;8388607;8388607;8388607;8388607;8388607;8388607;8388607;8388607;8388607;8388607;8388607;8388607;8388607;8388607;8388607;8388607;8388607;8388607;8388607;8388607;8388607;8388607;8388607;8388607;
2105;8388607;8388607;8388607;8388607;8388607;8388607;8388607;8388607;8388607;8388607;8388607;8388607;8388607;8388607;8388607;8388607;8388607;8388607;8388607;8388607;8388607;8388607;8388607;8388607;8388607;8388607;8388607;8388607;8388607;8388607;8388607;8388607;
2129;8388607;8388607;8388607;8388607;8388607;8388607;8388607;8388607;8388607;8388607;8388607;8388607;8388607;8388607;8388607;8388607;8388607;8388607;8388607;8388607;8388607;8388607;8388607;8388607;8388607;8388607;8388607;8388607;8388607;8388607;8388607;8388607;
2152;8388607;8388607;8388607;8388607;8388607;8388607;8388607;8388607;8388607;8388607;8388607;8388607;8388607;8388607;8388607;8388607;8388607;8388607;8388607;8388607;8388607;8388607;8388607;8388607;8388607;8388607;8388607;8388607;8388607;8388607;8388607;8388607;
3209;8388607;8388607;8388607;8388607;8388607;8388607;8388607;8388607;8388607;8388607;8388607;8388607;8388607;8388607;8388607;8388607;8388607;8388607;8388607;8388607;8388607;8388607;8388607;8388607;8388607;8388607;8388607;8388607;8388607;8388607;8388607;8388607;
3232;8388607;8388607;8388607;8388607;8388607;8388607;8388607;8388607;8388607;8388607;8388607;8388607;8388607;8388607;8388607;8388607;8388607;8388607;8388607;8388607;8388607;8388607;8388607;8388607;8388607;8388607;8388607;8388607;8388607;8388607;8388607;8388607;
3256;8388607;8388607;8388607;8388607;8388607;8388607;8388607;8388607;8388607;8388607;8388607;8388607;8388607;8388607;8388607;8388607;8388607;8388607;8388607;8388607;8388607;8388607;8388607;8388607;8388607;8388607;8388607;8388607;8388607;8388607;8388607;8388607;
3280;8388607;8388607;8388607;8388607;8388607;8388607;8388607;8388607;8388607;8388607;8388607;8388607;8388607;8388607;8388607;8388607;8388607;8388607;8388607;8388607;8388607;8388607;8388607;8388607;8388607;8388607;8388607;8388607;8388607;8388607;8388607;8388607;
3304;8388607;8388607;8388607;8388607;8388607;8388607;8388607;8388607;8388607;8388607;8388607;8388607;8388607;8388607;8388607;8388607;8388607;8388607;8388607;8388607;8388607;8388607;8388607;8388607;8388607;8388607;8388607;8388607;8388607;8388607;8388607;8388607;
3329;8388607;8388607;8388607;8388607;8388607;8388607;8388607;8388607;8388607;8388607;8388607;8388607;8388607;8388607;8388607;8388607;8388607;8388607;8388607;8388607;8388607;8388607;8388607;8388607;8388607;8388607;8388607;8388607;8388607;8388607;8388607;8388607;
4349;8388607;8388607;8388607;8388607;8388607;8388607;8388607;8388607;8388607;8388607;8388607;8388607;8388607;8388607;8388607;8388607;8388607;8388607;8388607;8388607;8388607;8388607;8388607;8388607;8388607;8388607;8388607;8388607;8388607;8388607;8388607;8388607;
4372;8388607;8388607;8388607;8388607;8388607;8388607;8388607;8388607;8388607;8388607;8388607;8388607;8388607;8388607;8388607;8388607;8388607;8388607;8388607;8388607;8388607;8388607;8388607;8388607;8388607;8388607;8388607;8388607;8388607;8388607;8388607;8388607;
4397;8388607;8388607;8388607;8388607;8388607;8388607;8388607;8388607;8388607;8388607;8388607;8388607;8388607;8388607;8388607;8388607;8388607;8388607;8388607;8388607;8388607;8388607;8388607;8388607;8388607;8388607;8388607;8388607;8388607;8388607;8388607;8388607;
4420;8388607;8388607;8388607;8388607;8388607;8388607;8388607;8388607;8388607;8388607;8388607;8388607;8388607;8388607;8388607;8388607;8388607;8388607;8388607;8388607;8388607;8388607;8388607;8388607;8388607;8388607;8388607;8388607;8388607;8388607;8388607;8388607;
4445;8388607;8388607;8388607;8388607;8388607;8388607;8388607;8388607;8388607;8388607;8388607;8388607;8388607;8388607;8388607;8388607;8388607;8388607;8388607;8388607;8388607;8388607;8388607;8388607;8388607;8388607;8388607;8388607;8388607;8388607;8388607;8388607;
5469;8388607;8388607;8388607;8388607;8388607;8388607;8388607;8388607;8388607;8388607;8388607;8388607;8388607;8388607;8388607;8388607;8388607;8388607;8388607;8388607;8388607;8388607;8388607;8388607;8388607;8388607;8388607;8388607;8388607;8388607;8388607;8388607;
5516;8388607;8388607;8388607;8388607;8388607;8388607;8388607;8388607;8388607;8388607;8388607;8388607;8388607;8388607;8388607;8388607;8388607;8388607;8388607;8388607;8388607;8388607;8388607;8388607;8388607;8388607;8388607;8388607;8388607;8388607;8388607;8388607;
5680;8388607;8388607;8388607;8388607;8388607;8388607;8388607;8388607;8388607;8388607;8388607;8388607;8388607;8388607;8388607;8388607;8388607;8388607;8388607;8388607;8388607;8388607;8388607;8388607;8388607;8388607;8388607;8388607;8388607;8388607;8388607;8388607;
5734;8388607;8388607;8388607;8388607;8388607;8388607;8388607;8388607;8388607;8388607;8388607;8388607;8388607;8388607;8388607;8388607;8388607;8388607;8388607;8388607;8388607;8388607;8388607;8388607;8388607;8388607;8388607;8388607;8388607;8388607;8388607;8388607;
5786;8388607;8388607;8388607;8388607;8388607;8388607;8388607;8388607;8388607;8388607;8388607;8388607;8388607;8388607;8388607;8388607;8388607;8388607;8388607;8388607;8388607;8388607;8388607;8388607;8388607;8388607;8388607;8388607;8388607;8388607;8388607;8388607;
5843;8388607;8388607;8388607;8388607;8388607;8388607;8388607;8388607;8388607;8388607;8388607;8388607;8388607;8388607;8388607;8388607;8388607;8388607;8388607;8388607;8388607;8388607;8388607;8388607;8388607;8388607;8388607;8388607;8388607;8388607;8388607;8388607;
6899;8388607;8388607;8388607;8388607;8388607;8388607;8388607;8388607;8388607;8388607;8388607;8388607;8388607;8388607;8388607;8388607;8388607;8388607;8388607;8388607;8388607;8388607;8388607;8388607;8388607;8388607;8388607;8388607;8388607;8388607;8388607;8388607;
6933;8388607;8388607;8388607;8388607;8388607;8388607;8388607;8388607;8388607;8388607;8388607;8388607;8388607;8388607;8388607;8388607;8388607;8388607;8388607;8388607;8388607;8388607;8388607;8388607;8388607;8388607;8388607;8388607;8388607;8388607;8388607;8388607;
6956;8388607;8388607;8388607;8388607;8388607;8388607;8388607;8388607;8388607;8388607;8388607;8388607;8388607;8388607;8388607;8388607;8388607;8388607;8388607;8388607;8388607;8388607;8388607;8388607;8388607;8388607;8388607;8388607;8388607;8388607;8388607;8388607;
7095;8388607;8388607;8388607;8388607;8388607;8388607;8388607;8388607;8388607;8388607;8388607;8388607;8388607;8388607;8388607;8388607;8388607;8388607;8388607;8388607;8388607;8388607;8388607;8388607;8388607;8388607;8388607;8388607;8388607;8388607;8388607;8388607;
7121;8388607;8388607;8388607;8388607;8388607;8388607;8388607;8388607;8388607;8388607;8388607;8388607;8388607;8388607;8388607;8388607;8388607;8388607;8388607;8388607;8388607;8388607;8388607;8388607;8388607;8388607;8388607;8388607;8388607;8388607;8388607;8388607;
7179;8388607;8388607;8388607;8388607;8388607;8388607;8388607;8388607;8388607;8388607;8388607;8388607;8388607;8388607;8388607;8388607;8388607;8388607;8388607;8388607;8388607;8388607;8388607;8388607;8388607;8388607;8388607;8388607;8388607;8388607;8388607;8388607;
8339;8388607;8388607;8388607;8388607;8388607;8388607;8388607;8388607;8388607;8388607;8388607;8388607;8388607;8388607;8388607;8388607;8388607;8388607;8388607;8388607;8388607;8388607;8388607;8388607;8388607;8388607;8388607;8388607;8388607;8388607;8388607;8388607;
8422;8388607;8388607;8388607;8388607;8388607;8388607;8388607;8388607;8388607;8388607;8388607;8388607;8388607;8388607;8388607;8388607;8388607;8388607;8388607;8388607;8388607;8388607;8388607;8388607;8388607;8388607;8388607;8388607;8388607;8388607;8388607;8388607;
8480;8388607;8388607;8388607;8388607;8388607;8388607;8388607;8388607;8388607;8388607;8388607;8388607;8388607;8388607;8388607;8388607;8388607;8388607;8388607;8388607;8388607;8388607;8388607;8388607;8388607;8388607;8388607;8388607;8388607;8388607;8388607;8388607;
8841;8388607;8388607;8388607;8388607;8388607;8388607;8388607;8388607;8388607;8388607;8388607;8388607;8388607;8388607;8388607;8388607;8388607;8388607;8388607;8388607;8388607;8388607;8388607;8388607;8388607;8388607;8388607;8388607;8388607;8388607;8388607;8388607;
8897;8388607;8388607;8388607;8388607;8388607;8388607;8388607;8388607;8388607;8388607;8388607;8388607;8388607;8388607;8388607;8388607;8388607;8388607;8388607;8388607;8388607;8388607;8388607;8388607;8388607;8388607;8388607;8388607;8388607;8388607;8388607;8388607;
8953;8388607;8388607;8388607;8388607;8388607;8388607;8388607;8388607;8388607;8388607;8388607;8388607;8388607;8388607;8388607;8388607;8388607;8388607;8388607;8388607;8388607;8388607;8388607;8388607;8388607;8388607;8388607;8388607;8388607;8388607;8388607;8388607;
8998;8388607;8388607;8388607;8388607;8388607;8388607;8388607;8388607;8388607;8388607;8388607;8388607;8388607;8388607;8388607;8388607;8388607;8388607;8388607;8388607;8388607;8388607;8388607;8388607;8388607;8388607;8388607;8388607;8388607;8388607;8388607;8388607;
10264;8388607;8388607;8388607;8388607;8388607;8388607;8388607;8388607;8388607;8388607;8388607;8388607;8388607;8388607;8388607;8388607;8388607;8388607;8388607;8388607;8388607;8388607;8388607;8388607;8388607;8388607;8388607;8388607;8388607;8388607;8388607;8388607;
10291;8388607;8388607;8388607;8388607;8388607;8388607;8388607;8388607;8388607;8388607;8388607;8388607;8388607;8388607;8388607;8388607;8388607;8388607;8388607;8388607;8388607;8388607;8388607;8388607;8388607;8388607;8388607;8388607;8388607;8388607;8388607;8388607;
10316;8388607;8388607;8388607;8388607;8388607;8388607;8388607;8388607;8388607;8388607;8388607;8388607;8388607;8388607;8388607;8388607;8388607;8388607;8388607;8388607;8388607;8388607;8388607;8388607;8388607;8388607;8388607;8388607;8388607;8388607;8388607;8388607;
10350;8388607;8388607;8388607;8388607;8388607;8388607;8388607;8388607;8388607;8388607;8388607;8388607;8388607;8388607;8388607;8388607;8388607;8388607;8388607;8388607;8388607;8388607;8388607;8388607;8388607;8388607;8388607;8388607;8388607;8388607;8388607;8388607;
10375;8388607;8388607;8388607;8388607;8388607;8388607;8388607;8388607;8388607;8388607;8388607;8388607;8388607;8388607;8388607;8388607;8388607;8388607;8388607;8388607;8388607;8388607;8388607;8388607;8388607;8388607;8388607;8388607;8388607;8388607;8388607;8388607;
10407;8388607;8388607;8388607;8388607;8388607;8388607;8388607;8388607;8388607;8388607;8388607;8388607;8388607;8388607;8388607;8388607;8388607;8388607;8388607;8388607;8388607;8388607;8388607;8388607;8388607;8388607;8388607;8388607;8388607;8388607;8388607;8388607;
10432;8388607;8388607;8388607;8388607;8388607;8388607;8388607;8388607;8388607;8388607;8388607;8388607;8388607;8388607;8388607;8388607;8388607;8388607;8388607;8388607;8388607;8388607;8388607;8388607;8388607;8388607;8388607;8388607;8388607;8388607;8388607;8388607;
10464;8388607;8388607;8388607;8388607;8388607;8388607;8388607;8388607;8388607;8388607;8388607;8388607;8388607;8388607;8388607;8388607;8388607;8388607;8388607;8388607;8388607;8388607;8388607;8388607;8388607;8388607;8388607;8388607;8388607;8388607;8388607;8388607;
10490;8388607;8388607;8388607;8388607;8388607;8388607;8388607;8388607;8388607;8388607;8388607;8388607;8388607;8388607;8388607;8388607;8388607;8388607;8388607;8388607;8388607;8388607;8388607;8388607;8388607;8388607;8388607;8388607;8388607;8388607;8388607;8388607;
11519;8388607;8388607;8388607;8388607;8388607;8388607;8388607;8388607;8388607;8388607;8388607;8388607;8388607;8388607;8388607;8388607;8388607;8388607;8388607;8388607;8388607;8388607;8388607;8388607;8388607;8388607;8388607;8388607;8388607;8388607;8388607;8388607;
11542;8388607;8388607;8388607;8388607;8388607;8388607;8388607;8388607;8388607;8388607;8388607;8388607;8388607;8388607;8388607;8388607;8388607;8388607;8388607;8388607;8388607;8388607;8388607;8388607;8388607;8388607;8388607;8388607;8388607;8388607;8388607;8388607;
11576;8388607;8388607;8388607;8388607;8388607;8388607;8388607;8388607;8388607;8388607;8388607;8388607;8388607;8388607;8388607;8388607;8388607;8388607;8388607;8388607;8388607;8388607;8388607;8388607;8388607;8388607;8388607;8388607;8388607;8388607;8388607;8388607;
11599;8388607;8388607;8388607;8388607;8388607;8388607;8388607;8388607;8388607;8388607;8388607;8388607;8388607;8388607;8388607;8388607;8388607;8388607;8388607;8388607;8388607;8388607;8388607;8388607;8388607;8388607;8388607;8388607;8388607;8388607;8388607;8388607;
11635;8388607;8388607;8388607;8388607;8388607;8388607;8388607;8388607;8388607;8388607;8388607;8388607;8388607;8388607;8388607;8388607;8388607;8388607;8388607;8388607;8388607;8388607;8388607;8388607;8388607;8388607;8388607;8388607;8388607;8388607;8388607;8388607;
11658;8388607;8388607;8388607;8388607;8388607;8388607;8388607;8388607;8388607;8388607;8388607;8388607;8388607;8388607;8388607;8388607;8388607;8388607;8388607;8388607;8388607;8388607;8388607;8388607;8388607;8388607;8388607;8388607;8388607;8388607;8388607;8388607;
