Time;Load cell reading [N];Temperature [C];Pressure sensor 1 [bar];Pressure sensor 2 [bar];Distance [mm];

2231;-2000.000000;24.875000;0.021667;3.513333;98;

2375;-2000.000000;24.875000;0.021667;3.513333;98;

2512;-2000.000000;24.875000;0.021667;3.513333;101;

2655;-2000.000000;24.875000;0.021667;3.513750;98;

2792;-2000.000000;24.875000;0.021667;3.513333;98;

2935;-2000.000000;24.875000;0.021667;3.505834;98;

3072;-2000.000000;24.875000;0.021667;3.513333;101;

3215;-2000.000000;24.875000;0.021667;3.513333;99;

3355;-2000.000000;24.875000;0.021667;3.513333;100;

3492;-2000.000000;24.875000;0.021667;3.513333;99;

3635;-2000.000000;24.875000;0.021667;3.513333;99;

3772;-2000.000000;24.937500;0.021667;3.513333;98;

3915;-2000.000000;24.875000;0.021667;3.513333;99;

4052;-2000.000000;24.875000;0.021667;3.513333;97;

4195;-2000.000000;24.875000;0.021667;3.513750;98;

4332;-2000.000000;24.875000;0.021667;3.513333;100;

4475;-2000.000000;24.875000;0.021667;3.513333;97;

4612;-2000.000000;24.875000;0.021667;3.513333;98;

4759;-2000.000000;24.875000;0.021667;3.513750;97;

4903;-2000.000000;24.875000;0.021667;3.513333;97;

5045;-2000.000000;24.937500;3.513333;3.513333;99;

5173;-2000.000000;24.937500;0.021667;3.513333;99;

5318;-2000.000000;24.937500;0.021667;3.513333;97;

5452;-2000.000000;24.937500;0.021667;3.513333;96;

5601;-2000.000000;24.937500;0.021667;3.512917;100;

5745;-2000.000000;24.937500;0.021667;3.509167;100;

5873;-2000.000000;24.937500;0.021667;3.509583;100;

6016;-2000.000000;24.937500;3.509167;3.509167;98;

6147;-2000.000000;24.937500;0.021667;3.508333;100;

6292;-2000.000000;24.937500;0.021667;3.507917;101;

6435;-2000.000000;24.937500;0.021667;3.507917;100;

6573;-2000.000000;24.937500;0.021667;3.507917;98;

6715;-2000.000000;24.937500;0.021667;3.508333;99;

6857;-2000.000000;24.937500;0.021667;3.508333;99;

7002;-2000.000000;24.937500;0.021667;3.507917;99;

7145;-2000.000000;24.937500;0.021667;3.507917;97;

7282;-2000.000000;24.937500;0.021667;3.507917;96;

7425;-2000.000000;24.937500;0.021667;3.507917;98;

7564;-2000.000000;24.937500;0.021667;3.507917;98;

7705;-2000.000000;24.937500;0.021667;3.507917;98;

7842;-2000.000000;24.937500;0.021667;3.507917;98;

7985;-2000.000000;24.937500;0.021667;3.508333;99;

8123;-2000.000000;24.937500;0.021667;3.507917;97;

8255;-2000.000000;24.937500;0.021667;3.507917;98;

8395;-2000.000000;24.937500;0.021667;3.507917;96;

8535;-2000.000000;24.937500;0.021667;3.507917;98;

8672;-2000.000000;24.937500;0.021667;3.507917;98;

8815;-2000.000000;24.937500;0.021667;3.507917;98;

8946;-2000.000000;24.937500;3.508333;3.507917;98;

9072;-2000.000000;24.937500;0.021667;3.507917;98;

9218;-2000.000000;24.937500;0.021667;3.507917;100;

9368;-2000.000000;24.937500;0.021667;3.508333;98;

9503;-2000.000000;24.937500;0.021667;3.507917;99;

9645;-2000.000000;24.937500;0.021667;3.507917;101;

9794;-2000.000000;24.937500;0.021667;3.507917;100;

9948;-2000.000000;24.937500;0.021667;3.507917;98;

10095;-2000.000000;24.937500;0.021667;3.507917;98;

10236;-2000.000000;24.937500;0.021667;3.507917;96;

10382;-2000.000000;24.937500;0.021667;3.507917;100;

10526;-2000.000000;24.937500;0.021667;3.507917;97;

10662;-2000.000000;24.937500;0.021667;3.507917;99;

10805;-2000.000000;24.937500;0.021667;3.507917;98;

10942;-2000.000000;24.937500;0.021667;3.507917;101;

11085;-2000.000000;24.937500;0.021667;3.507917;100;

11224;-2000.000000;24.937500;0.021667;3.507917;97;

11365;-2000.000000;24.937500;0.021667;3.507917;97;

11504;-2000.000000;24.937500;0.021667;3.507917;98;

11645;-2000.000000;24.937500;0.021667;3.507917;97;

11783;-2000.000000;24.937500;0.021667;3.507917;98;

11927;-2000.000000;24.937500;0.021667;3.507917;100;

12077;-2000.000000;24.937500;0.021667;3.507917;100;

12224;-2000.000000;24.937500;0.021667;3.507917;100;

12380;-2000.000000;25.000000;0.021667;3.507917;97;

12527;-2000.000000;24.937500;0.021667;3.508333;100;

12771;-2000.000000;24.937500;0.021667;3.507917;96;

12919;-2000.000000;25.000000;0.021667;3.507917;99;

13055;-2000.000000;24.937500;3.507917;3.507917;97;

13185;-2000.000000;24.937500;0.021667;3.507917;98;

13322;-2000.000000;24.937500;0.021667;3.507917;98;

13465;-2000.000000;24.937500;0.021667;3.507917;97;

13602;-2000.000000;25.000000;0.021667;3.507917;100;

13746;-2000.000000;25.000000;0.021667;3.507917;96;

13895;-2000.000000;24.937500;0.021667;3.507917;100;

14032;-2000.000000;25.000000;0.021667;3.507917;98;

14176;-2000.000000;25.000000;0.021667;3.507917;97;

14312;-2000.000000;25.000000;0.021667;3.507917;96;

14457;-2000.000000;25.000000;0.021667;3.507917;98;

14604;-2000.000000;24.937500;0.021667;3.507917;99;

14745;-2000.000000;25.000000;0.021667;3.507917;97;

14884;-2000.000000;25.000000;0.021667;3.507917;97;

15025;-2000.000000;25.000000;0.021667;3.507917;99;

15163;-2000.000000;25.000000;0.021667;3.507917;97;

15313;-2000.000000;25.000000;3.507917;3.507917;100;

15442;-2000.000000;25.000000;0.021667;3.508333;100;

15591;-2000.000000;25.000000;0.021667;3.507500;100;

15735;-2000.000000;25.000000;0.021667;3.507084;97;

15877;-2000.000000;25.000000;0.021667;3.507084;101;

16024;-2000.000000;25.000000;0.021667;3.504167;99;

16148;-2000.000000;25.000000;0.021667;3.505834;99;

16295;-2000.000000;25.000000;0.021667;3.503750;100;

16445;-2000.000000;25.000000;0.021667;3.502917;101;

16582;-2000.000000;25.000000;0.021667;3.502917;98;

16725;-2000.000000;25.000000;0.021667;3.502500;98;

16862;-2000.000000;25.000000;0.021667;3.502500;96;

17006;-2000.000000;25.000000;0.021667;3.502500;98;

17155;-2000.000000;25.000000;0.021667;3.502917;98;

17292;-2000.000000;25.000000;0.021667;3.502917;99;

17436;-2000.000000;25.000000;0.021667;3.502500;97;

17582;-2000.000000;25.000000;0.021667;3.502500;96;

17726;-2000.000000;25.000000;0.021667;3.502917;99;

17862;-2000.000000;25.000000;0.021667;3.502917;96;

18005;-2000.000000;25.000000;0.021667;3.502500;100;

18142;-2000.000000;25.000000;0.021667;3.502500;97;

18289;-2000.000000;25.000000;0.021667;3.502500;99;

18439;-2000.000000;25.000000;0.021667;3.502500;99;

18572;-2000.000000;25.000000;0.021667;3.502500;100;

18722;-2000.000000;25.000000;0.021667;3.502500;96;

18864;-2000.000000;25.000000;3.502917;3.502500;97;

18999;-2000.000000;25.000000;0.021667;3.502917;100;

19132;-2000.000000;25.000000;0.021667;3.502917;100;

19275;-2000.000000;25.000000;0.021667;3.502917;99;

19412;-2000.000000;25.000000;0.021667;3.502917;98;

19554;-2000.000000;25.000000;0.021667;3.502917;97;

19682;-2000.000000;25.000000;3.502500;3.502917;99;

19826;-2000.000000;25.000000;0.021667;3.502500;97;

19962;-2000.000000;25.000000;0.021667;3.502500;97;

20106;-2000.000000;25.000000;0.021667;3.502500;100;

20254;-2000.000000;25.000000;0.021667;3.502917;99;

20395;-2000.000000;25.000000;0.021667;3.502917;100;

20537;-2000.000000;25.000000;0.021667;3.502917;98;

20682;-2000.000000;25.000000;0.021667;3.502917;99;

20825;-2000.000000;25.000000;0.021667;3.502500;99;

20962;-2000.000000;25.000000;0.021667;3.502917;99;

21106;-2000.000000;25.000000;0.021667;3.502917;100;

21242;-2000.000000;25.000000;0.021667;3.502917;100;

21386;-2000.000000;25.000000;0.021667;3.502917;100;

21535;-2000.000000;25.000000;0.021667;3.502500;98;

21673;-2000.000000;25.000000;0.021667;0.021667;98;

21819;-2000.000000;25.000000;0.021667;3.502917;100;

21965;-2000.000000;25.000000;0.021667;3.502500;99;

22097;-2000.000000;25.062500;0.021667;3.502917;99;

22243;-2000.000000;25.062500;0.021667;3.499583;100;

22388;-2000.000000;25.000000;0.021667;3.500417;98;

22538;-2000.000000;25.000000;0.021667;3.498750;96;

22669;-2000.000000;25.000000;0.021667;3.499583;97;

22806;-2000.000000;25.000000;0.021667;3.499167;98;

22946;-2000.000000;25.000000;0.021667;3.497500;95;

23097;-2000.000000;25.000000;0.021667;3.497084;98;

23245;-2000.000000;25.000000;0.021667;3.497500;99;

23382;-2000.000000;25.000000;0.021667;3.497500;99;

23526;-2000.000000;25.000000;0.021667;3.497500;98;

23672;-2000.000000;25.000000;0.021667;3.497500;98;

23815;-2000.000000;25.000000;0.021667;3.497084;99;

23955;-2000.000000;25.000000;0.021667;3.497500;97;

24093;-2000.000000;25.000000;0.021667;3.497084;98;

24236;-2000.000000;25.000000;0.021667;3.497500;97;

24374;-2000.000000;25.000000;0.021667;3.497084;99;

24515;-2000.000000;25.000000;0.021667;3.497500;98;

24654;-2000.000000;25.062500;0.021667;3.497500;99;

24795;-2000.000000;25.062500;0.021667;3.497500;100;

24932;-2000.000000;25.000000;0.021667;3.497500;97;

25078;-2000.000000;25.000000;0.021667;3.497084;101;

25216;-2000.000000;25.062500;0.021667;3.497500;100;

25359;-2000.000000;25.062500;0.021667;0.021667;99;

25494;-2000.000000;25.000000;0.021667;3.497084;99;

25637;-2000.000000;25.062500;0.021667;3.497500;101;

25785;-2000.000000;25.000000;0.021667;3.497500;97;

25926;-2000.000000;25.062500;0.021667;3.497500;102;

26063;-2000.000000;25.062500;0.021667;3.497500;99;

26211;-2000.000000;25.000000;0.021667;3.497084;97;

26346;-2000.000000;25.062500;0.021667;3.497500;100;

26482;-2000.000000;25.062500;0.021667;3.497500;100;

26628;-2000.000000;25.062500;0.021667;3.497500;97;

26772;-2000.000000;25.062500;0.021667;3.497500;99;

26917;-2000.000000;25.062500;0.021667;3.497500;97;

27066;-2000.000000;25.062500;0.021667;3.497084;99;

27203;-2000.000000;25.000000;0.021667;3.497500;94;

27347;-2000.000000;25.000000;0.021667;3.497500;98;

27495;-2000.000000;25.062500;0.021667;3.497500;97;

27632;-2000.000000;25.062500;0.021667;3.497500;99;

27775;-2000.000000;25.062500;0.021667;3.497500;98;

27912;-2000.000000;25.062500;0.021667;3.497500;100;

28055;-2000.000000;25.062500;0.021667;3.497500;98;

28194;-2000.000000;25.062500;0.021667;3.492084;97;

28335;-2000.000000;25.062500;0.021667;3.492084;98;

28475;-2000.000000;25.062500;0.021667;3.497500;98;

28615;-2000.000000;25.062500;0.021667;3.497084;100;

28742;-2000.000000;25.062500;0.021667;3.497500;98;

28886;-2000.000000;25.000000;3.496250;3.497084;97;

29028;-2000.000000;25.062500;0.021667;3.495417;96;

29162;-2000.000000;25.000000;0.021667;3.496250;99;

29307;-2000.000000;25.062500;0.021667;3.494167;96;

29443;-2000.000000;25.062500;0.021667;3.493334;100;

29589;-2000.000000;25.062500;0.021667;3.492084;100;

29735;-2000.000000;25.062500;0.021667;3.491667;100;

29872;-2000.000000;25.062500;0.021667;3.492084;100;

30016;-2000.000000;25.062500;0.021667;3.492084;100;

30165;-2000.000000;25.062500;0.021667;3.492084;98;

30302;-2000.000000;25.062500;0.021667;3.492084;98;

30445;-2000.000000;25.062500;0.021667;3.492084;101;

30582;-2000.000000;25.062500;0.021667;3.492084;99;

30726;-2000.000000;25.062500;0.021667;3.492084;97;

30875;-2000.000000;25.062500;0.021667;3.492084;99;

31013;-2000.000000;25.062500;0.021667;3.492084;98;

31156;-2000.000000;25.062500;0.021667;3.492084;98;

31302;-2000.000000;25.062500;0.021667;3.492084;97;

31445;-2000.000000;25.062500;0.021667;3.491667;100;

31583;-2000.000000;25.062500;0.021667;0.021667;99;

31720;-2000.000000;25.062500;0.021667;3.491667;98;

31864;-2000.000000;25.062500;3.492084;3.491667;99;

31996;-2000.000000;25.062500;0.021667;3.492084;97;

32134;-2000.000000;25.062500;0.021667;3.492084;95;

32278;-2000.000000;25.062500;0.021667;3.492084;97;

32411;-2000.000000;25.062500;0.021667;3.492084;98;

32545;-2000.000000;25.062500;0.021667;3.492084;99;

32685;-2000.000000;25.062500;0.021667;3.492084;98;

32815;-2000.000000;25.062500;0.021667;3.491667;99;

32942;-2000.000000;25.062500;0.021667;3.492084;98;

33075;-2000.000000;25.062500;0.022083;3.491667;98;

33212;-2000.000000;25.062500;0.021667;3.492084;97;

33357;-2000.000000;25.062500;0.021667;3.492084;98;

33505;-2000.000000;25.062500;0.021667;3.492084;99;

33642;-2000.000000;25.062500;0.021667;3.492084;99;

33786;-2000.000000;25.062500;0.021667;3.492084;99;

33933;-2000.000000;25.062500;0.021667;3.492084;98;

34075;-2000.000000;25.062500;0.021667;3.492084;100;

34214;-2000.000000;25.062500;0.021667;3.492084;102;

34355;-2000.000000;25.062500;0.021667;3.492084;101;

34495;-2000.000000;25.062500;0.021667;3.492084;99;

34632;-2000.000000;25.062500;0.021667;3.492084;98;

34775;-2000.000000;25.062500;0.021667;3.492084;99;

34914;-2000.000000;25.062500;0.021667;3.492084;98;

35052;-2000.000000;25.062500;0.021667;3.492084;99;

35198;-2000.000000;25.062500;0.021667;3.492084;97;

35331;-2000.000000;25.062500;0.021250;3.490000;98;

35462;-2000.000000;25.062500;3.491250;3.488750;100;

35602;-2000.000000;25.062500;0.021667;3.491667;97;

35733;-2000.000000;25.062500;0.021667;3.487500;97;

35869;-2000.000000;25.062500;0.021667;3.487917;99;

36003;-2000.000000;25.062500;3.490833;3.488750;100;

36148;-2000.000000;25.062500;0.021667;3.486667;101;

36297;-2000.000000;25.062500;0.021667;3.486667;98;

36445;-2000.000000;25.062500;0.021667;3.486667;99;

36582;-2000.000000;25.062500;0.021667;3.486667;100;

36725;-2000.000000;25.062500;0.021667;3.486667;98;

36863;-2000.000000;25.062500;0.021667;3.486250;98;

37006;-2000.000000;25.062500;0.021667;3.486667;99;

37144;-2000.000000;25.062500;0.021667;3.486667;101;

37285;-2000.000000;25.062500;0.021667;3.486667;96;

37424;-2000.000000;25.062500;0.021667;3.486667;97;

37565;-2000.000000;25.062500;0.021667;3.486667;99;

37703;-2000.000000;25.062500;0.021667;3.486667;97;

37845;-2000.000000;25.062500;0.021667;3.486667;99;

37982;-2000.000000;25.062500;0.021667;3.486667;98;

38125;-2000.000000;25.062500;0.021667;3.486667;102;

38260;-2000.000000;25.062500;0.021667;3.486667;98;

38410;-2000.000000;25.062500;0.021667;3.486667;96;

38542;-2000.000000;25.062500;0.021667;3.486667;101;

38689;-2000.000000;25.062500;0.021667;3.486667;97;

38823;-2000.000000;25.062500;0.021667;3.486667;100;

38970;-2000.000000;25.062500;0.021667;3.486667;99;

39119;-2000.000000;25.062500;0.021667;3.486667;98;

39256;-2000.000000;25.062500;0.021667;3.486667;100;

39406;-2000.000000;25.062500;0.021667;3.486667;98;

39555;-2000.000000;25.062500;0.021667;3.485417;98;

39694;-2000.000000;25.125000;0.021667;3.486667;98;

39835;-2000.000000;25.062500;0.021667;3.486667;99;

39974;-2000.000000;25.062500;0.021667;3.485000;99;

40115;-2000.000000;25.062500;0.021667;3.484584;101;

40252;-2000.000000;25.062500;0.021667;3.482500;98;

40395;-2000.000000;25.062500;0.021667;3.481250;98;

40532;-2000.000000;25.062500;0.021667;3.481667;100;

40675;-2000.000000;25.062500;0.021667;3.481250;99;

40814;-2000.000000;25.062500;0.021667;3.481250;97;

40955;-2000.000000;25.062500;0.021667;3.481250;94;

41092;-2000.000000;25.062500;0.021667;3.481250;97;

41236;-2000.000000;25.062500;0.021667;3.481250;97;

41385;-2000.000000;25.062500;0.021667;3.480833;101;

41512;-2000.000000;25.062500;0.021667;3.481250;97;

41655;-2000.000000;25.062500;0.021667;3.481250;99;

41796;-2000.000000;25.062500;0.021667;3.481250;99;

41946;-2000.000000;25.062500;0.021667;3.481250;99;

42099;-2000.000000;25.062500;0.021667;3.481250;100;

42233;-2000.000000;25.062500;0.021667;3.481250;99;

42361;-2000.000000;25.062500;0.021667;3.481250;97;

42505;-2000.000000;25.062500;0.021667;3.481250;100;

42642;-2000.000000;25.062500;0.021667;3.481250;99;

42786;-2000.000000;25.062500;0.021667;3.481250;98;

42925;-2000.000000;25.062500;0.021667;3.481250;99;

43062;-2000.000000;25.062500;0.021667;3.480833;99;

43206;-2000.000000;25.062500;0.021667;3.481250;97;

43352;-2000.000000;25.062500;0.021667;3.481250;99;

43495;-2000.000000;25.062500;0.021667;3.481250;98;

43633;-2000.000000;25.062500;0.021667;3.481250;101;

43775;-2000.000000;25.062500;0.021667;3.481250;99;

43913;-2000.000000;25.062500;0.021667;3.481250;97;

44055;-2000.000000;25.062500;0.021667;3.481250;100;

44192;-2000.000000;25.062500;0.021667;3.481250;98;

44335;-2000.000000;25.062500;0.021667;0.021667;98;

44474;-2000.000000;25.062500;0.021667;3.481250;101;

44619;-2000.000000;25.062500;0.021667;3.481250;96;

44749;-2000.000000;25.062500;0.021667;3.481250;97;

44901;-2000.000000;25.062500;0.021667;3.481250;100;

45046;-2000.000000;25.125000;0.021667;3.481250;99;

45181;-2000.000000;25.062500;0.021667;3.481250;98;

45328;-2000.000000;25.062500;0.021667;3.481250;96;

45477;-2000.000000;25.062500;0.021667;3.481250;96;

45608;-2000.000000;25.062500;0.021667;3.481250;99;

45762;-2000.000000;25.062500;0.021667;3.481250;100;

45904;-2000.000000;25.062500;0.021667;3.481250;98;

46045;-2000.000000;25.062500;0.021667;3.481250;98;

46182;-2000.000000;25.125000;0.021667;3.481250;98;

46327;-2000.000000;25.062500;0.021667;3.481250;98;

46476;-2000.000000;25.062500;0.021667;3.481250;100;

46612;-2000.000000;25.062500;0.021667;3.481250;100;

46756;-2000.000000;25.125000;0.021667;3.481250;101;

46905;-2000.000000;25.062500;0.021667;3.481250;99;

47044;-2000.000000;25.062500;0.021667;3.480417;98;

47185;-2000.000000;25.125000;0.021667;3.481250;97;

47322;-2000.000000;25.062500;0.021667;3.481250;101;

47467;-2000.000000;25.062500;0.021667;3.479584;100;

47613;-2000.000000;25.125000;0.021667;3.480833;100;

47756;-2000.000000;25.062500;0.021667;3.480417;99;

47885;-2000.000000;25.062500;0.021667;3.477917;97;

48038;-2000.000000;25.062500;0.021667;3.476250;98;

48179;-2000.000000;25.062500;0.021667;3.475833;96;

48325;-2000.000000;25.062500;3.475833;3.475833;98;

48453;-2000.000000;25.062500;0.021667;3.475833;97;

48586;-2000.000000;25.062500;0.021667;3.475833;98;

48741;-2000.000000;25.062500;0.021667;3.475833;98;

48872;-2000.000000;25.062500;0.021667;3.475833;98;

49015;-2000.000000;25.062500;0.021667;3.475833;100;

49152;-2000.000000;25.062500;0.021667;3.475833;98;

49297;-2000.000000;25.062500;0.021667;3.475833;101;

49442;-2000.000000;25.062500;0.021667;3.475833;100;

49585;-2000.000000;25.125000;0.021667;3.475833;98;

49723;-2000.000000;25.062500;0.021667;3.475833;100;

49865;-2000.000000;25.062500;0.021667;3.475833;99;

50005;-2000.000000;25.062500;0.021667;3.475833;98;

50144;-2000.000000;25.062500;0.021667;3.475833;100;

50286;-2000.000000;25.062500;0.021667;3.475833;100;

50422;-2000.000000;25.062500;0.021667;3.475833;98;

50565;-2000.000000;25.062500;0.021667;3.475833;98;

50702;-2000.000000;25.062500;0.021667;3.475833;98;

50846;-2000.000000;25.062500;0.021667;3.475833;99;

50984;-2000.000000;25.062500;3.475833;3.475833;99;

51114;-2000.000000;25.062500;0.021667;3.475833;98;

51248;-2000.000000;25.062500;0.021667;3.475833;99;

51395;-2000.000000;25.062500;0.021667;3.475833;99;

51536;-2000.000000;25.125000;0.021667;3.475833;96;

51691;-2000.000000;25.125000;0.021667;3.475833;100;

51832;-2000.000000;25.062500;0.021667;3.475833;99;

51976;-2000.000000;25.062500;3.475833;3.475833;99;

52113;-2000.000000;25.062500;0.021667;3.475833;99;

52257;-2000.000000;25.062500;0.021667;3.475833;99;

52405;-2000.000000;25.062500;0.021667;3.475833;99;

52542;-2000.000000;25.062500;0.021667;3.475833;99;

52687;-2000.000000;25.062500;0.021667;3.475833;99;

52835;-2000.000000;25.125000;0.021667;3.475833;100;

52972;-2000.000000;25.062500;0.021667;3.475833;98;

53116;-2000.000000;25.062500;0.021667;3.475833;99;

53262;-2000.000000;25.062500;0.021667;3.475833;98;

53405;-2000.000000;25.062500;0.021667;3.475833;100;

53545;-2000.000000;25.062500;0.021667;3.475833;99;

53682;-2000.000000;25.062500;0.021667;3.475833;98;

53826;-2000.000000;25.062500;0.021667;3.475833;102;

53972;-2000.000000;25.062500;0.021667;3.475833;102;

54115;-2000.000000;25.062500;0.021667;0.021667;97;

54244;-2000.000000;25.062500;3.475833;3.475833;100;

54377;-2000.000000;25.062500;0.021667;3.475833;99;

54529;-2000.000000;25.062500;0.021667;3.475833;100;

54674;-2000.000000;25.062500;0.021667;3.475417;98;

54814;-2000.000000;25.062500;0.021667;3.475833;99;

54961;-2000.000000;25.062500;0.021667;3.475833;99;

55093;-2000.000000;25.062500;0.021667;3.475833;97;

55237;-2000.000000;25.062500;0.021667;3.475833;98;

55375;-2000.000000;25.062500;3.475833;3.475833;96;

55506;-2000.000000;25.125000;0.021667;3.475833;96;

55655;-2000.000000;25.062500;0.021667;3.475833;98;

55792;-2000.000000;25.062500;0.021667;3.475000;98;

55935;-2000.000000;25.062500;0.021667;3.475833;100;

56072;-2000.000000;25.062500;0.021667;3.472917;98;

56216;-2000.000000;25.062500;0.021667;3.472083;97;

56362;-2000.000000;25.062500;0.021667;3.472083;100;

56507;-2000.000000;25.062500;0.021667;3.471667;98;

56655;-2000.000000;25.125000;0.021667;3.471250;100;

56792;-2000.000000;25.062500;0.021667;3.470417;98;

56937;-2000.000000;25.062500;0.021667;3.470417;100;

57085;-2000.000000;25.125000;0.021667;3.470417;100;

57222;-2000.000000;25.125000;0.021667;3.470417;99;

57367;-2000.000000;25.062500;0.021667;3.470417;98;

57508;-2000.000000;25.125000;0.021667;3.470417;99;

57647;-2000.000000;25.062500;0.021667;3.470417;98;

57788;-2000.000000;25.062500;0.021667;3.470417;100;

57935;-2000.000000;25.062500;0.021667;3.470417;101;

58062;-2000.000000;25.062500;0.021667;3.470417;100;

58205;-2000.000000;25.125000;0.021667;3.470417;96;

58346;-2000.000000;25.062500;0.021667;3.470417;99;

58473;-2000.000000;25.062500;0.021667;3.470417;98;

58606;-2000.000000;25.125000;0.021667;3.470417;100;

58744;-2000.000000;25.062500;0.021667;3.470417;98;

58874;-2000.000000;25.062500;0.021667;3.470417;98;

59009;-2000.000000;25.062500;0.021667;3.470417;98;

59142;-2000.000000;25.062500;0.021667;3.470417;98;

59285;-2000.000000;25.125000;0.021667;3.470417;102;

59424;-2000.000000;25.062500;0.021667;3.470417;96;

59565;-2000.000000;25.062500;0.021667;3.470417;99;

59702;-2000.000000;25.125000;0.021667;3.470417;99;

59845;-2000.000000;25.062500;0.021667;3.470417;99;

59982;-2000.000000;25.062500;0.021667;3.470417;99;

60127;-2000.000000;25.062500;0.021667;3.470417;98;

60275;-2000.000000;25.062500;0.021667;3.470417;97;

60412;-2000.000000;25.062500;0.021667;3.470417;100;

60557;-2000.000000;25.062500;0.021667;3.470417;99;

60705;-2000.000000;25.062500;0.021667;3.470417;99;

60842;-2000.000000;25.125000;0.021667;3.470417;99;

60985;-2000.000000;25.125000;0.021667;3.470417;101;

61122;-2000.000000;25.062500;0.021667;3.470417;99;

61266;-2000.000000;25.062500;0.021667;3.470417;100;

61413;-2000.000000;25.125000;0.021667;3.470417;100;

61550;-2000.000000;25.062500;0.021667;3.470417;95;

61692;-2000.000000;25.062500;0.021667;3.470417;101;

61835;-2000.000000;25.062500;0.021667;3.470417;102;

61986;-2000.000000;25.062500;0.021667;3.470417;99;

62123;-2000.000000;25.125000;0.021667;3.470417;101;

62266;-2000.000000;25.062500;0.021667;3.470417;100;

62402;-2000.000000;25.062500;0.021667;3.470417;99;

62545;-2000.000000;25.062500;0.021667;3.470417;97;

62682;-2000.000000;25.062500;0.021667;3.470417;99;

62827;-2000.000000;25.062500;0.021667;3.465000;99;

62975;-2000.000000;25.062500;0.021667;3.465000;98;

63112;-2000.000000;25.062500;0.021667;3.470417;99;

63257;-2000.000000;25.062500;0.021667;3.466667;98;

63402;-2000.000000;25.062500;0.021667;3.465000;97;

63545;-2000.000000;25.062500;0.021667;3.465000;98;

63682;-2000.000000;25.062500;0.021667;3.465000;99;

63825;-2000.000000;25.062500;0.021667;3.465000;99;

63965;-2000.000000;25.062500;0.021667;3.465000;98;

64103;-2000.000000;25.062500;0.021667;0.021667;97;

64242;-2000.000000;25.062500;0.021667;3.465000;99;

64385;-2000.000000;25.062500;0.021667;0.021667;98;

64522;-2000.000000;25.062500;0.021667;3.465000;99;

64668;-2000.000000;25.062500;0.021667;3.465000;98;

64807;-2000.000000;25.062500;0.021667;3.465000;99;

64945;-2000.000000;25.062500;3.465000;3.465000;99;

65075;-2000.000000;25.062500;0.021667;3.465000;100;

65220;-2000.000000;25.062500;0.021667;3.465000;98;

65365;-2000.000000;25.062500;0.021667;3.465000;101;

65504;-2000.000000;25.125000;0.021667;3.465000;99;

65645;-2000.000000;25.062500;0.021667;3.465000;101;

65782;-2000.000000;25.062500;0.021667;3.465000;99;

65925;-2000.000000;25.062500;0.021667;3.465000;97;

66063;-2000.000000;25.062500;0.021667;3.465000;97;

66207;-2000.000000;25.062500;0.021667;3.465000;96;

66355;-2000.000000;25.062500;0.021667;3.465000;100;

66492;-2000.000000;25.125000;0.021667;3.465000;98;

66636;-2000.000000;25.062500;0.021667;3.465000;99;

66782;-2000.000000;25.062500;0.021667;3.465000;99;

66927;-2000.000000;25.062500;0.021667;3.465000;98;

67075;-2000.000000;25.062500;0.021667;3.465417;99;

67212;-2000.000000;25.062500;0.021667;0.021667;96;

67344;-2000.000000;25.062500;3.465000;3.465000;100;

67476;-2000.000000;25.062500;0.021250;3.465000;100;

67627;-2000.000000;25.062500;0.021667;3.465000;98;

67775;-2000.000000;25.062500;0.021667;3.465000;100;

67921;-2000.000000;25.062500;0.021667;3.465000;100;

68052;-2000.000000;25.062500;0.021667;3.465000;102;

68199;-2000.000000;25.062500;0.021667;3.465000;96;

68349;-2000.000000;25.062500;0.021667;3.465000;98;

68484;-2000.000000;25.062500;0.021667;3.465000;97;

68632;-2000.000000;25.062500;0.021667;3.465000;97;

68773;-2000.000000;25.062500;0.021667;3.465000;99;

68915;-2000.000000;25.062500;0.021667;3.465000;97;

69057;-2000.000000;25.125000;0.021667;3.465000;99;

69202;-2000.000000;25.062500;0.021667;3.465000;98;

69345;-2000.000000;25.062500;0.021667;3.465000;100;

69482;-2000.000000;25.062500;0.021667;3.465000;95;

69625;-2000.000000;25.062500;0.021667;3.465000;98;

69764;-2000.000000;25.062500;0.021667;3.465000;98;

69905;-2000.000000;25.062500;0.021667;3.465000;97;

70042;-2000.000000;25.125000;0.021667;3.465000;98;

70185;-2000.000000;25.062500;0.021667;3.465000;98;

70322;-2000.000000;25.062500;0.021667;3.465000;99;

70467;-2000.000000;25.062500;0.021667;3.465000;98;

70615;-2000.000000;25.062500;0.021667;3.465000;98;

70752;-2000.000000;25.062500;0.021667;3.465000;98;

70899;-2000.000000;25.062500;0.021667;0.021667;96;

71033;-2000.000000;25.062500;3.465000;3.465000;98;

71172;-2000.000000;25.062500;0.021667;3.465417;98;

71304;-2000.000000;25.062500;0.021667;3.462917;100;

71442;-2000.000000;25.062500;0.021667;3.460834;99;

71589;-2000.000000;25.125000;0.021667;3.461667;99;

71736;-2000.000000;25.062500;0.021667;3.462083;99;

71886;-2000.000000;25.062500;3.459584;3.459584;98;

72015;-2000.000000;25.062500;0.021667;3.459584;101;

72165;-2000.000000;25.062500;0.021667;3.459584;97;

72302;-2000.000000;25.062500;0.021667;3.459584;98;

72447;-2000.000000;25.062500;0.021667;3.460417;98;

72595;-2000.000000;25.062500;0.021667;3.459584;101;

72732;-2000.000000;25.062500;0.021667;3.459584;97;

72877;-2000.000000;25.062500;0.021667;3.459584;97;

73023;-2000.000000;25.062500;0.021667;3.459584;98;

73165;-2000.000000;25.062500;0.021667;3.459584;96;

73304;-2000.000000;25.062500;0.021667;3.459584;97;

73445;-2000.000000;25.062500;0.021667;3.459584;99;

73582;-2000.000000;25.062500;0.021667;3.459584;97;

73726;-2000.000000;25.062500;0.021667;3.459584;100;

73875;-2000.000000;25.062500;0.021667;3.459584;100;

74013;-2000.000000;25.062500;0.021667;3.459584;98;

74158;-2000.000000;25.062500;0.021667;3.459584;98;

74305;-2000.000000;25.062500;0.021667;3.459584;99;

74452;-2000.000000;25.062500;0.021667;3.459584;99;

74596;-2000.000000;25.062500;0.021667;3.459584;102;

74742;-2000.000000;25.062500;0.021667;3.459584;100;

74883;-2000.000000;25.062500;0.021667;3.459584;96;

75025;-2000.000000;25.062500;0.021667;3.459584;97;

75158;-2000.000000;25.062500;0.021667;3.459584;100;

75305;-2000.000000;25.062500;0.021667;3.459584;99;

75442;-2000.000000;25.062500;0.021667;3.459584;100;

75584;-2000.000000;25.062500;0.021667;3.459584;96;

75712;-2000.000000;25.062500;0.021667;3.459584;98;

75853;-2000.000000;25.062500;0.021667;3.459584;100;

75988;-2000.000000;25.062500;0.021667;3.459584;97;

76128;-2000.000000;25.062500;0.021667;3.459584;98;

76266;-2000.000000;25.062500;0.021667;3.459584;99;

76402;-2000.000000;25.062500;0.021667;3.459584;98;

76545;-2000.000000;25.062500;0.021667;3.459584;99;

76683;-2000.000000;25.062500;0.021667;3.459584;98;

76825;-2000.000000;25.062500;0.021667;3.460000;98;

76964;-2000.000000;25.062500;0.021667;3.459584;96;

77105;-2000.000000;25.062500;0.021667;3.459584;97;

77244;-2000.000000;25.062500;0.021667;3.459584;97;

77385;-2000.000000;25.062500;0.021667;3.459584;96;

77522;-2000.000000;25.062500;0.021667;3.459584;103;

77666;-2000.000000;25.062500;0.021667;3.459584;99;

77805;-2000.000000;25.062500;0.021667;3.458333;97;

77944;-2000.000000;25.062500;0.021667;3.457500;97;

78085;-2000.000000;25.062500;0.021667;3.456250;98;

78222;-2000.000000;25.062500;0.021667;3.458750;98;

78363;-2000.000000;25.062500;0.021667;3.458333;98;

78492;-2000.000000;25.062500;0.021667;3.455000;100;

78625;-2000.000000;25.062500;3.455417;3.454167;96;

78766;-2000.000000;25.062500;0.021667;3.454167;98;

78914;-2000.000000;25.062500;3.454167;3.454583;100;

79051;-2000.000000;25.062500;0.021667;3.454583;97;

79185;-2000.000000;25.062500;0.021667;3.454583;99;

79327;-2000.000000;25.062500;0.021667;3.454583;96;

79468;-2000.000000;25.062500;0.021667;3.454167;99;

79617;-2000.000000;25.062500;0.021667;3.454167;99;

79766;-2000.000000;25.062500;0.021667;3.454167;100;

79902;-2000.000000;25.062500;0.021667;3.454167;98;

80045;-2000.000000;25.062500;0.021667;3.454583;98;

80182;-2000.000000;25.062500;0.021667;3.454167;100;

80325;-2000.000000;25.062500;0.021667;3.454167;97;

80464;-2000.000000;25.062500;0.021667;3.454167;100;

80605;-2000.000000;25.062500;0.021667;3.454167;99;

80743;-2000.000000;25.062500;0.021667;3.454583;97;

80885;-2000.000000;25.062500;0.021667;3.454167;100;

81025;-2000.000000;25.062500;0.021667;3.454167;98;

81162;-2000.000000;25.062500;0.021667;3.454167;98;

81306;-2000.000000;25.062500;0.021667;3.454167;99;

81442;-2000.000000;25.062500;0.021667;3.454167;101;

81586;-2000.000000;25.062500;0.021667;3.454583;97;

81732;-2000.000000;25.062500;0.021667;3.454167;101;

81880;-2000.000000;25.062500;0.021667;3.454167;100;

82028;-2000.000000;25.062500;0.021667;3.454167;98;

82174;-2000.000000;25.062500;0.021667;3.454167;99;

82317;-2000.000000;25.062500;0.021667;3.454167;96;

82465;-2000.000000;25.062500;0.021667;3.454583;97;

82609;-2000.000000;25.062500;0.021667;3.454583;98;

82755;-2000.000000;25.062500;0.021667;3.454167;100;

82878;-2000.000000;25.062500;0.021667;3.454167;100;

83024;-2000.000000;25.062500;0.021667;3.454167;99;

83158;-2000.000000;25.062500;0.021667;3.454167;99;

83293;-2000.000000;25.062500;0.021667;3.454167;99;

83436;-2000.000000;25.062500;0.021667;3.454167;99;

83562;-2000.000000;25.062500;0.021667;3.454583;99;

83705;-2000.000000;25.062500;0.021667;3.454167;100;

83844;-2000.000000;25.062500;0.021667;3.454167;100;

83985;-2000.000000;25.062500;0.021667;3.454167;97;

84122;-2000.000000;25.062500;0.021667;3.454167;98;

84265;-2000.000000;25.062500;0.021667;3.454167;101;

84402;-2000.000000;25.062500;0.021667;3.454167;101;

84545;-2000.000000;25.062500;0.021667;3.454583;98;

84685;-2000.000000;25.062500;0.021667;3.452917;101;

84822;-2000.000000;25.062500;0.021667;3.451250;98;

84966;-2000.000000;25.062500;0.021667;3.450834;99;

85112;-2000.000000;25.062500;0.021667;3.451250;100;

85257;-2000.000000;25.062500;0.021667;3.449167;97;

85405;-2000.000000;25.062500;0.021667;3.448750;100;

85543;-2000.000000;25.062500;0.021667;3.449167;98;

85691;-2000.000000;25.062500;0.021667;3.449167;102;

85822;-2000.000000;25.062500;0.021667;3.448750;99;

85967;-2000.000000;25.062500;0.021667;3.448750;98;

86112;-2000.000000;25.062500;0.021667;3.448750;100;

86257;-2000.000000;25.062500;0.021667;3.448750;100;

86406;-2000.000000;25.062500;0.021667;3.449167;99;

86543;-2000.000000;25.062500;0.021667;3.449167;101;

86672;-2000.000000;25.062500;0.021667;3.448750;96;

86810;-2000.000000;25.062500;0.021667;3.448750;101;

86955;-2000.000000;25.062500;0.021667;3.449167;98;

87092;-2000.000000;25.062500;0.021667;3.448750;98;

87236;-2000.000000;25.062500;0.021667;3.449167;99;

87372;-2000.000000;25.062500;0.021667;3.449167;101;

87516;-2000.000000;25.062500;0.021667;3.449167;100;

87662;-2000.000000;25.062500;0.021667;3.449167;98;

87805;-2000.000000;25.062500;0.021667;3.448750;98;

87946;-2000.000000;25.062500;0.021667;3.449167;100;

88092;-2000.000000;25.062500;0.021667;3.449167;97;

88237;-2000.000000;25.062500;0.021667;3.448750;101;

88385;-2000.000000;25.062500;0.021667;3.448750;96;

88522;-2000.000000;25.062500;0.021667;3.449167;99;

88667;-2000.000000;25.062500;0.021667;3.449167;99;

88812;-2000.000000;25.062500;0.021667;3.449167;101;

88955;-2000.000000;25.062500;0.021667;3.448750;98;

89096;-2000.000000;25.062500;0.021667;3.449167;98;

89221;-2000.000000;25.062500;0.021667;3.449167;100;

89354;-2000.000000;25.062500;0.021667;3.448750;97;

89485;-2000.000000;25.062500;0.021667;3.448750;100;

89628;-2000.000000;25.062500;0.021667;3.449167;98;

89773;-2000.000000;25.062500;0.021667;3.448750;99;

89915;-2000.000000;25.062500;0.021667;3.449167;101;

90053;-2000.000000;25.062500;0.021667;3.448750;98;

90196;-2000.000000;25.062500;0.021667;3.448750;99;

90335;-2000.000000;25.062500;3.448750;3.449167;98;

90475;-2000.000000;25.062500;0.021667;3.448750;99;

90617;-2000.000000;25.062500;0.021667;3.449167;96;

90762;-2000.000000;25.062500;0.021667;3.448750;98;

90905;-2000.000000;25.062500;0.021667;3.443333;98;

91044;-2000.000000;25.062500;0.021667;3.443333;100;

91185;-2000.000000;25.062500;0.021667;3.447917;99;

91327;-2000.000000;25.062500;0.021667;3.448750;97;

91472;-2000.000000;25.062500;0.021667;3.448750;99;

91615;-2000.000000;25.062500;0.021667;3.444167;96;

91754;-2000.000000;25.062500;0.021667;3.446250;99;

91895;-2000.000000;25.062500;0.021667;3.446667;97;

92032;-2000.000000;25.062500;0.021667;3.445833;97;

92175;-2000.000000;25.062500;0.021667;3.444167;100;

92312;-2000.000000;25.062500;0.021667;3.443333;100;

92459;-2000.000000;25.062500;0.021667;0.021667;99;

92590;-2000.000000;25.062500;0.021667;3.443750;100;

92739;-2000.000000;25.062500;0.021667;3.443750;101;

92886;-2000.000000;25.062500;0.021667;0.021667;100;

93013;-2000.000000;25.062500;0.021667;3.443750;97;

93146;-2000.000000;25.062500;0.021667;3.443333;99;

93285;-2000.000000;25.062500;0.021667;3.443333;97;

93424;-2000.000000;25.062500;0.021667;3.443333;98;

93564;-2000.000000;25.062500;0.021667;3.443750;96;

93700;-2000.000000;25.062500;0.021667;3.443333;100;

93845;-2000.000000;25.062500;0.021667;3.443750;96;

93982;-2000.000000;25.062500;0.021667;3.443333;97;

94127;-2000.000000;25.062500;0.021667;3.443333;99;

94275;-2000.000000;25.062500;0.021667;3.443750;99;

94412;-2000.000000;25.062500;0.021667;3.443333;100;

94556;-2000.000000;25.062500;0.021667;3.443750;99;

94705;-2000.000000;25.062500;0.021667;3.443750;100;

94842;-2000.000000;25.062500;0.021667;3.443333;99;

94987;-2000.000000;25.062500;0.021667;3.443750;97;

95132;-2000.000000;25.062500;0.021667;3.443333;98;

95275;-2000.000000;25.062500;0.021667;3.443750;97;

95412;-2000.000000;25.062500;0.021667;3.443333;99;

95555;-2000.000000;25.062500;0.021667;3.443750;97;

95692;-2000.000000;25.062500;0.021667;3.443750;98;

95838;-2000.000000;25.062500;0.021667;3.443333;95;

95982;-2000.000000;25.062500;0.021667;3.443333;98;

96114;-2000.000000;25.062500;0.021667;3.443750;94;

96256;-2000.000000;25.062500;0.021667;3.443750;101;

96395;-2000.000000;25.062500;0.021667;3.443333;96;

96546;-2000.000000;25.062500;0.021667;3.443750;98;

96686;-2000.000000;25.062500;0.021667;3.443333;100;

96825;-2000.000000;25.062500;0.021667;3.443750;100;

96964;-2000.000000;25.062500;0.021667;3.443750;96;

97107;-2000.000000;25.062500;0.021667;3.443333;98;

97256;-2000.000000;25.062500;0.021667;3.443333;98;

97403;-2000.000000;25.062500;0.021667;3.443333;96;

97536;-2000.000000;25.062500;0.021667;3.443333;96;

97682;-2000.000000;25.062500;0.021667;3.443750;98;

97826;-2000.000000;25.062500;0.021667;3.443333;99;

97963;-2000.000000;25.062500;0.021667;3.443750;99;

98105;-2000.000000;25.062500;0.021667;3.443750;99;

98247;-2000.000000;25.062500;0.021667;3.440833;98;

98393;-2000.000000;25.062500;0.021667;3.439584;100;

98535;-2000.000000;25.062500;0.021667;3.440417;98;

98672;-2000.000000;25.062500;0.021667;3.442500;98;

98815;-2000.000000;25.062500;0.021667;3.438334;98;

98952;-2000.000000;25.062500;0.021667;3.438334;100;

99096;-2000.000000;25.062500;0.021667;3.438750;97;

99245;-2000.000000;25.062500;0.021667;3.438334;98;

99382;-2000.000000;25.062500;0.021667;3.438334;99;

99530;-2000.000000;25.062500;0.021667;3.438334;100;

99672;-2000.000000;25.062500;0.021667;3.438334;98;

99809;-2000.000000;25.062500;0.021667;3.438334;98;

99944;-2000.000000;25.062500;0.021667;3.437917;97;

100088;-2000.000000;25.062500;0.021667;3.438334;99;

100234;-2000.000000;25.062500;0.021667;3.438334;100;

100378;-2000.000000;25.062500;0.021667;3.438334;96;

100531;-2000.000000;25.062500;0.021667;3.438334;98;

100664;-2000.000000;25.062500;0.021667;3.438334;97;

100797;-2000.000000;25.062500;0.021667;3.438334;101;

100942;-2000.000000;25.062500;0.021667;3.438334;99;

101085;-2000.000000;25.062500;0.021667;3.437917;99;

101224;-2000.000000;25.062500;0.021667;3.438334;99;

101365;-2000.000000;25.062500;0.021667;3.437917;99;

101502;-2000.000000;25.062500;0.021667;3.438334;97;

101646;-2000.000000;25.062500;0.021667;3.437917;100;

101795;-2000.000000;25.062500;0.021667;3.438334;98;

101935;-2000.000000;25.062500;0.021667;3.438334;98;

102075;-2000.000000;25.062500;0.021667;3.437917;98;

102212;-2000.000000;25.062500;0.021667;3.438334;100;

102356;-2000.000000;25.062500;0.021667;3.438334;99;

102505;-2000.000000;25.062500;0.021667;3.437917;99;

102642;-2000.000000;25.062500;0.021667;3.438334;98;

102786;-2000.000000;25.062500;0.021667;3.438334;100;

102932;-2000.000000;25.062500;0.021667;3.438334;98;

103067;-2000.000000;25.062500;0.021667;3.438334;98;

103209;-2000.000000;25.062500;0.021667;3.438334;99;

103348;-2000.000000;25.062500;0.021667;3.438334;98;

103490;-2000.000000;25.062500;0.021667;3.438334;98;

103631;-2000.000000;25.062500;0.021667;0.021667;96;

103765;-2000.000000;25.062500;3.438334;3.438334;99;

103906;-2000.000000;25.062500;0.021667;3.438334;98;

104047;-2000.000000;25.062500;0.021667;3.438334;98;

104195;-2000.000000;25.062500;0.021667;3.438334;101;

104335;-2000.000000;25.062500;0.021667;3.437917;98;

104474;-2000.000000;25.062500;0.021667;3.437917;99;

104615;-2000.000000;25.062500;0.021667;3.437917;98;

104753;-2000.000000;25.062500;0.021667;3.437500;100;

104896;-2000.000000;25.062500;0.021667;3.435000;97;

105032;-2000.000000;25.062500;0.021667;3.435834;98;

105176;-2000.000000;25.062500;0.021667;3.433750;100;

105325;-2000.000000;25.062500;0.021667;3.432917;98;

105462;-2000.000000;25.062500;0.021667;3.432917;99;

105605;-2000.000000;25.062500;0.021667;3.432500;99;

105742;-2000.000000;25.062500;0.021667;3.432917;97;

105887;-2000.000000;25.062500;0.021667;3.432917;97;

106032;-2000.000000;25.062500;0.021667;3.432500;100;

106175;-2000.000000;25.062500;0.021667;3.432500;100;

106309;-2000.000000;25.062500;0.021667;3.432917;98;

106452;-2000.000000;25.062500;0.021667;3.432500;98;

106583;-2000.000000;25.062500;0.021667;3.432917;98;

106713;-2000.000000;25.062500;0.021667;3.432500;99;

106851;-2000.000000;25.062500;0.021667;3.432917;98;

106994;-2000.000000;25.062500;0.021667;3.432917;97;

107137;-2000.000000;25.062500;0.021667;3.432500;98;

107290;-2000.000000;25.062500;0.021667;3.432500;99;

107439;-2000.000000;25.062500;0.021667;3.432917;97;

107585;-2000.000000;25.062500;3.432500;3.432917;96;

107715;-2000.000000;25.062500;0.021667;3.432500;96;

107852;-2000.000000;25.000000;0.021667;3.432917;98;

107996;-2000.000000;25.062500;0.021667;3.432917;96;

108142;-2000.000000;25.062500;0.021667;3.432500;98;

108287;-2000.000000;25.062500;0.021667;3.432917;98;

108435;-2000.000000;25.062500;0.021667;3.432500;96;

108572;-2000.000000;25.062500;0.021667;3.432917;99;

108716;-2000.000000;25.062500;0.021667;3.432917;97;

108865;-2000.000000;25.062500;0.021667;3.432917;96;

109002;-2000.000000;25.062500;0.021667;3.432917;97;

109145;-2000.000000;25.062500;0.021667;3.432917;99;

109283;-2000.000000;25.062500;0.021667;3.432917;98;

109425;-2000.000000;25.062500;0.021667;3.432917;99;

109564;-2000.000000;25.062500;0.021667;3.432917;99;

109706;-2000.000000;25.062500;0.021667;3.432917;100;

109853;-2000.000000;25.062500;0.021667;3.432917;98;

109988;-2000.000000;25.062500;0.021667;3.432500;99;

110134;-2000.000000;25.062500;3.432917;3.432917;100;

110278;-2000.000000;25.062500;0.021667;3.432917;98;

110413;-2000.000000;25.062500;0.021667;3.432500;96;

110554;-2000.000000;25.062500;0.021667;3.432917;97;

110683;-2000.000000;25.062500;0.021667;3.432917;99;

110821;-2000.000000;25.062500;0.021667;3.432500;98;

110967;-2000.000000;25.062500;0.021667;3.432917;100;

111115;-2000.000000;25.062500;0.021667;3.432500;99;

111255;-2000.000000;25.062500;0.021667;3.432500;98;

111392;-2000.000000;25.062500;0.021667;3.430834;99;

111535;-2000.000000;25.062500;0.021667;3.432083;99;

111674;-2000.000000;25.062500;0.021667;3.432083;99;

111815;-2000.000000;25.062500;0.021667;3.432083;101;

111954;-2000.000000;25.062500;0.021667;3.427917;99;

112095;-2000.000000;25.062500;0.021667;3.427917;95;

112232;-2000.000000;25.062500;0.021667;3.427500;98;

112376;-2000.000000;25.062500;0.021667;3.427083;98;

112525;-2000.000000;25.062500;0.021667;3.427500;98;

112664;-2000.000000;25.062500;0.021667;3.427500;97;

112805;-2000.000000;25.062500;0.021667;3.427083;98;

112942;-2000.000000;25.062500;0.021667;3.427500;98;

113092;-2000.000000;25.062500;0.021667;3.427500;97;

113222;-2000.000000;25.062500;0.021667;3.427083;101;

113350;-2000.000000;25.062500;0.021667;3.427500;98;

113496;-2000.000000;25.062500;0.021667;3.427083;94;

113647;-2000.000000;25.062500;0.021667;3.427500;100;

113783;-2000.000000;25.062500;3.427083;3.427500;96;

113928;-2000.000000;25.062500;0.021667;3.427083;99;

114072;-2000.000000;25.062500;0.021667;3.427500;98;

114231;-2000.000000;25.062500;0.021667;3.427083;97;

114377;-2000.000000;25.000000;0.021667;3.427500;98;

114526;-2000.000000;25.062500;3.427500;3.427500;98;

114652;-2000.000000;25.062500;0.021667;3.427500;98;

114797;-2000.000000;25.062500;0.021667;3.427500;98;

114932;-2000.000000;25.062500;0.021667;3.427083;98;

