Time;Load cell reading [N];Temperature [C];Pressure sensor 1 [bar];Pressure sensor 2 [bar];Distance [mm];

2351;-2000.000000;26.812500;0.021667;3.135417;95;

2492;-2000.000000;26.750000;0.021667;3.133750;96;

2635;-2000.000000;26.812500;0.021667;3.135417;97;

2772;-2000.000000;26.812500;0.021667;3.132917;100;

2915;-2000.000000;26.812500;0.021667;3.132083;97;

3052;-2000.000000;26.750000;0.013750;3.130000;97;

3195;-2000.000000;26.750000;0.021667;3.135417;97;

3333;-2000.000000;26.812500;0.021667;3.135417;98;

3475;-2000.000000;26.812500;0.021667;3.135417;96;

3615;-2000.000000;26.750000;0.021667;3.135417;95;

3752;-2000.000000;26.750000;0.021667;3.135000;102;

3895;-2000.000000;26.812500;0.021667;3.135417;97;

4032;-2000.000000;26.812500;0.021667;3.135417;96;

4175;-2000.000000;26.750000;0.021667;3.131250;99;

4312;-2000.000000;26.812500;0.021667;3.132917;98;

4455;-2000.000000;26.812500;0.021667;3.134583;98;

4592;-2000.000000;26.750000;0.021667;3.130000;97;

4735;-2000.000000;26.750000;0.021667;3.130000;98;

4872;-2000.000000;26.812500;0.021667;0.021667;97;

5015;-2000.000000;26.812500;0.021667;3.130000;99;

5163;-2000.000000;26.750000;0.021667;3.130000;97;

5306;-2000.000000;26.812500;0.021667;3.130000;98;

5445;-2000.000000;26.750000;0.021667;3.130000;96;

5580;-2000.000000;26.750000;0.021667;3.130000;98;

5725;-2000.000000;26.750000;0.021667;3.130000;95;

5863;-2000.000000;26.812500;0.021667;3.130000;96;

6002;-2000.000000;26.812500;3.130000;3.130000;96;

6140;-2000.000000;26.750000;0.021667;3.130000;98;

6286;-2000.000000;26.750000;0.021667;3.130000;98;

6433;-2000.000000;26.750000;3.130000;3.130000;96;

6568;-2000.000000;26.750000;0.021667;3.130000;99;

6713;-2000.000000;26.750000;3.130000;3.130000;98;

6855;-2000.000000;26.750000;3.130000;3.130000;98;

6993;-2000.000000;26.750000;0.021667;3.130000;97;

7135;-2000.000000;26.750000;0.021667;3.130000;98;

7275;-2000.000000;26.750000;0.021667;3.130000;97;

7415;-2000.000000;26.750000;0.021667;3.130000;95;

7553;-2000.000000;26.750000;0.021667;3.130000;95;

7685;-2000.000000;26.750000;0.021667;3.130000;95;

7825;-2000.000000;26.750000;0.021667;3.130000;95;

7965;-2000.000000;26.750000;0.021667;3.130000;98;

8103;-2000.000000;26.750000;0.021667;3.130000;97;

8246;-2000.000000;26.750000;3.130000;3.130000;98;

8376;-2000.000000;26.750000;0.021667;3.130000;96;

8502;-2000.000000;26.750000;0.021667;3.130000;97;

8648;-2000.000000;26.750000;0.021667;3.130000;99;

8802;-2000.000000;26.750000;0.021667;3.129167;97;

8943;-2000.000000;26.750000;0.021667;3.130000;98;

9078;-2000.000000;26.750000;0.021667;3.127917;96;

9213;-2000.000000;26.750000;0.021667;3.127917;95;

9357;-2000.000000;26.750000;0.021667;3.127917;97;

9495;-2000.000000;26.750000;0.021667;3.125417;98;

9635;-2000.000000;26.750000;0.021667;3.125417;98;

9772;-2000.000000;26.750000;0.021667;3.124583;96;

9913;-2000.000000;26.750000;0.021667;3.124583;97;

10045;-2000.000000;26.750000;3.124583;3.124583;97;

10191;-2000.000000;26.750000;0.021667;3.124583;97;

10335;-2000.000000;26.750000;3.124583;3.124583;97;

10469;-2000.000000;26.750000;0.021667;3.129167;99;

10615;-2000.000000;26.750000;3.130000;3.130000;98;

10743;-2000.000000;26.750000;0.021667;3.129583;97;

10875;-2000.000000;26.750000;3.126667;3.127500;97;

11006;-2000.000000;26.750000;3.127917;3.127500;97;

11146;-2000.000000;26.750000;0.021667;3.128750;97;

11284;-2000.000000;26.750000;0.021667;3.125417;96;

11417;-2000.000000;26.750000;0.021667;3.124583;97;

11563;-2000.000000;26.750000;0.021667;3.125417;99;

11705;-2000.000000;26.750000;0.021667;3.124583;95;

11844;-2000.000000;26.750000;0.021667;3.124583;97;

11987;-2000.000000;26.750000;0.021667;3.124583;96;

12119;-2000.000000;26.750000;0.021667;3.125000;96;

12267;-2000.000000;26.750000;0.021667;3.124583;98;

12415;-2000.000000;26.750000;0.021667;3.124583;97;

12552;-2000.000000;26.750000;0.021667;3.124583;96;

12695;-2000.000000;26.750000;0.021667;3.124583;100;

12836;-2000.000000;26.750000;3.124583;3.124583;98;

12960;-2000.000000;26.750000;0.021667;3.125000;94;

13105;-2000.000000;26.750000;0.021667;3.125000;97;

13246;-2000.000000;26.750000;0.021667;3.125000;99;

13395;-2000.000000;26.750000;0.021667;3.125000;100;

13538;-2000.000000;26.750000;0.021667;3.124583;97;

13685;-2000.000000;26.750000;0.021667;3.125000;98;

13825;-2000.000000;26.750000;0.021667;3.124583;96;

13954;-2000.000000;26.750000;3.125000;3.125000;97;

14100;-2000.000000;26.750000;0.021667;3.125000;98;

14241;-2000.000000;26.750000;0.021667;3.125000;97;

14372;-2000.000000;26.750000;0.021667;3.124583;97;

14511;-2000.000000;26.750000;0.021667;3.124583;98;

14655;-2000.000000;26.750000;0.021667;3.125000;97;

14794;-2000.000000;26.750000;0.021667;3.124583;98;

14929;-2000.000000;26.750000;0.021667;3.124583;98;

15072;-2000.000000;26.750000;0.021667;3.125000;97;

15202;-2000.000000;26.750000;3.124583;3.124583;97;

15342;-2000.000000;26.750000;0.021667;3.124583;96;

15476;-2000.000000;26.750000;0.021667;3.124583;96;

15612;-2000.000000;26.750000;0.021667;3.124583;98;

15755;-2000.000000;26.687500;0.021667;3.125000;98;

15893;-2000.000000;26.750000;0.021667;3.124583;97;

16035;-2000.000000;26.750000;0.021667;3.124583;95;

16171;-2000.000000;26.750000;0.021667;3.124583;97;

16304;-2000.000000;26.750000;0.021667;3.124583;94;

16434;-2000.000000;26.750000;0.021667;3.124583;98;

16572;-2000.000000;26.750000;0.021667;3.124583;97;

16718;-2000.000000;26.750000;0.021667;3.125000;98;

16865;-2000.000000;26.750000;0.021667;3.124583;96;

17006;-2000.000000;26.750000;0.021667;3.124583;98;

17155;-2000.000000;26.750000;0.021667;3.124583;98;

17305;-2000.000000;26.750000;0.021667;3.124583;96;

17442;-2000.000000;26.750000;0.021667;3.124583;98;

17568;-2000.000000;26.687500;0.021667;3.124583;102;

17709;-2000.000000;26.750000;0.021667;3.124583;96;

17854;-2000.000000;26.750000;3.124583;3.124583;99;

17999;-2000.000000;26.750000;0.021667;3.121250;99;

18149;-2000.000000;26.750000;0.021667;3.120417;95;

18298;-2000.000000;26.687500;0.021667;3.119583;99;

18443;-2000.000000;26.750000;0.021667;3.119583;100;

18585;-2000.000000;26.687500;0.021667;3.119583;97;

18721;-2000.000000;26.687500;0.021667;3.119167;95;

18857;-2000.000000;26.750000;0.021667;3.119167;97;

19003;-2000.000000;26.687500;0.021250;3.119583;97;

19146;-2000.000000;26.687500;0.021667;3.119583;95;

19281;-2000.000000;26.687500;0.021667;3.119583;99;

19425;-2000.000000;26.687500;3.119583;3.119583;97;

19564;-2000.000000;26.750000;0.021667;3.119583;99;

19718;-2000.000000;26.687500;0.021667;3.119583;99;

19868;-2000.000000;26.687500;0.021667;3.119583;99;

20017;-2000.000000;26.687500;0.021667;3.124167;98;

20169;-2000.000000;26.687500;0.021667;3.121667;100;

20312;-2000.000000;26.687500;0.021667;3.120417;96;

20454;-2000.000000;26.687500;0.021667;3.119583;97;

20592;-2000.000000;26.687500;0.021667;3.119167;95;

20735;-2000.000000;26.687500;0.021667;3.119583;99;

20873;-2000.000000;26.687500;0.021667;3.119583;95;

21023;-2000.000000;26.687500;0.021667;3.119583;99;

21166;-2000.000000;26.687500;0.021667;3.119583;97;

21305;-2000.000000;26.687500;0.021667;3.119167;98;

21445;-2000.000000;26.687500;0.021667;3.119583;96;

21583;-2000.000000;26.687500;0.021667;3.119583;97;

21729;-2000.000000;26.687500;0.021667;3.119583;98;

21862;-2000.000000;26.687500;0.021667;3.119583;99;

22006;-2000.000000;26.687500;0.021667;3.119583;96;

22144;-2000.000000;26.687500;0.021667;3.119583;98;

22289;-2000.000000;26.687500;0.021667;3.119167;99;

22423;-2000.000000;26.687500;0.021667;3.119583;98;

22557;-2000.000000;26.687500;0.021667;3.119583;97;

22703;-2000.000000;26.687500;0.021667;3.119167;97;

22845;-2000.000000;26.687500;0.021667;0.021667;96;

22986;-2000.000000;26.687500;0.021667;3.119583;97;

23118;-2000.000000;26.687500;0.021667;3.119167;98;

23251;-2000.000000;26.687500;0.021667;3.119583;97;

23385;-2000.000000;26.687500;0.021667;3.119583;98;

23529;-2000.000000;26.687500;0.021667;3.119583;96;

23676;-2000.000000;26.687500;0.021667;3.119583;98;

23816;-2000.000000;26.687500;0.021667;3.119583;100;

23963;-2000.000000;26.687500;0.021667;3.119583;97;

24094;-2000.000000;26.687500;0.021667;3.119167;100;

24225;-2000.000000;26.687500;0.021667;3.119167;96;

24350;-2000.000000;26.687500;0.021667;0.021667;97;

24482;-2000.000000;26.687500;0.021667;3.119583;96;

24617;-2000.000000;26.687500;0.021667;3.119583;96;

24765;-2000.000000;26.687500;0.021667;3.119583;95;

24908;-2000.000000;26.687500;0.021667;3.118750;98;

25055;-2000.000000;26.625000;0.021667;3.119583;97;

25192;-2000.000000;26.625000;0.021667;3.119583;98;

25332;-2000.000000;26.687500;0.021667;3.119583;99;

25467;-2000.000000;26.687500;0.021667;3.118334;97;

25615;-2000.000000;26.687500;0.021667;3.119583;100;

25752;-2000.000000;26.687500;0.021667;3.115833;99;

25899;-2000.000000;26.625000;0.021667;3.114167;98;

26032;-2000.000000;26.687500;0.021667;3.114167;98;

26164;-2000.000000;26.687500;0.021667;3.114167;96;

26319;-2000.000000;26.687500;0.021667;0.021667;97;

26461;-2000.000000;26.687500;0.021667;3.114167;96;

26595;-2000.000000;26.687500;3.114167;3.114167;95;

26723;-2000.000000;26.687500;0.021667;3.114167;98;

26864;-2000.000000;26.625000;0.021667;3.114167;97;

27002;-2000.000000;26.687500;0.021667;3.114167;98;

27147;-2000.000000;26.687500;0.021667;3.114167;96;

27283;-2000.000000;26.625000;0.021667;3.114167;96;

27439;-2000.000000;26.625000;0.021667;3.114167;96;

27585;-2000.000000;26.625000;3.114167;3.114167;98;

27726;-2000.000000;26.687500;0.021667;3.114167;98;

27866;-2000.000000;26.625000;0.021667;3.114167;97;

28009;-2000.000000;26.687500;0.021667;3.114167;100;

28154;-2000.000000;26.625000;0.021667;3.114167;98;

28290;-2000.000000;26.625000;0.021667;3.114167;97;

28423;-2000.000000;26.625000;0.021667;3.114167;98;

28565;-2000.000000;26.625000;0.021667;3.114167;97;

28703;-2000.000000;26.625000;0.021667;3.114167;97;

28845;-2000.000000;26.625000;0.021667;3.114167;97;

28988;-2000.000000;26.625000;0.021667;3.114167;98;

29136;-2000.000000;26.625000;0.021667;3.114167;97;

29278;-2000.000000;26.625000;0.021667;3.114167;97;

29423;-2000.000000;26.625000;0.021667;3.114167;97;

29566;-2000.000000;26.625000;0.021667;3.114167;99;

29695;-2000.000000;26.625000;0.021667;3.114167;96;

29835;-2000.000000;26.625000;0.021667;3.114167;97;

29975;-2000.000000;26.625000;0.021667;3.114167;97;

30115;-2000.000000;26.625000;0.021667;3.114167;99;

30253;-2000.000000;26.625000;0.021667;3.114167;99;

30384;-2000.000000;26.687500;3.114167;3.114167;97;

30519;-2000.000000;26.625000;0.021667;3.114167;97;

30661;-2000.000000;26.625000;0.021667;3.114167;97;

30799;-2000.000000;26.625000;0.021667;3.114167;98;

30946;-2000.000000;26.625000;0.021667;3.114167;99;

31087;-2000.000000;26.625000;0.021667;3.114167;94;

31238;-2000.000000;26.625000;0.021667;3.114167;96;

31375;-2000.000000;26.625000;0.021667;3.114167;97;

31513;-2000.000000;26.625000;0.021667;0.021667;96;

31639;-2000.000000;26.625000;0.021667;3.114167;99;

31775;-2000.000000;26.625000;0.021667;3.114167;99;

31926;-2000.000000;26.625000;0.021667;3.114167;95;

32084;-2000.000000;26.625000;0.021667;3.114167;97;

32226;-2000.000000;26.625000;0.021667;3.114167;97;

32366;-2000.000000;26.625000;0.021667;3.114167;96;

32492;-2000.000000;26.625000;0.021667;3.114167;97;

32639;-2000.000000;26.625000;0.021667;3.114167;99;

32786;-2000.000000;26.625000;0.021667;3.114167;97;

32939;-2000.000000;26.625000;0.021667;3.114167;99;

33082;-2000.000000;26.625000;0.021667;3.111250;96;

33227;-2000.000000;26.625000;0.021667;3.112500;98;

33375;-2000.000000;26.625000;0.021667;3.110417;96;

33512;-2000.000000;26.625000;0.021667;3.111250;101;

33655;-2000.000000;26.625000;0.021667;3.108750;98;

33791;-2000.000000;26.625000;0.021667;3.108750;98;

33935;-2000.000000;26.625000;0.021667;3.108750;98;

34076;-2000.000000;26.625000;0.021667;3.108750;95;

34215;-2000.000000;26.625000;0.021667;3.108750;98;

34354;-2000.000000;26.625000;0.021667;3.108750;97;

34499;-2000.000000;26.625000;0.021667;3.108750;98;

34644;-2000.000000;26.625000;0.021667;3.108750;96;

34782;-2000.000000;26.625000;0.021667;3.108750;98;

34933;-2000.000000;26.625000;3.108750;3.108750;96;

35074;-2000.000000;26.625000;3.108750;3.108750;98;

35215;-2000.000000;26.625000;0.021667;3.108750;97;

35366;-2000.000000;26.625000;0.021667;3.108750;99;

35505;-2000.000000;26.625000;3.108750;3.108750;97;

35634;-2000.000000;26.625000;0.021667;3.108750;99;

35778;-2000.000000;26.562500;0.021667;3.108750;97;

35931;-2000.000000;26.625000;0.021667;3.108750;98;

36077;-2000.000000;26.625000;0.021667;3.108750;99;

36224;-2000.000000;26.625000;0.021667;3.108750;94;

36375;-2000.000000;26.625000;0.021667;3.108750;99;

36513;-2000.000000;26.562500;0.021667;3.108750;96;

36651;-2000.000000;26.625000;0.021667;3.108750;100;

36799;-2000.000000;26.562500;0.021667;3.108750;96;

36959;-2000.000000;26.625000;0.021667;3.108750;97;

37104;-2000.000000;26.562500;0.021667;3.108750;96;

37259;-2000.000000;26.562500;0.021667;3.108750;98;

37405;-2000.000000;26.625000;0.021667;3.108750;97;

37545;-2000.000000;26.625000;0.021667;3.108750;97;

37680;-2000.000000;26.562500;0.021667;3.108750;98;

37825;-2000.000000;26.562500;3.108750;3.108750;98;

37952;-2000.000000;26.562500;0.021667;3.109167;95;

38088;-2000.000000;26.562500;0.021667;3.108750;99;

38235;-2000.000000;26.562500;0.021667;3.108750;98;

38372;-2000.000000;26.562500;0.021667;3.108750;99;

38516;-2000.000000;26.625000;0.021667;3.108750;97;

38665;-2000.000000;26.562500;0.021667;0.021667;96;

38803;-2000.000000;26.562500;3.108750;3.108750;97;

38945;-2000.000000;26.562500;0.021667;3.108750;98;

39082;-2000.000000;26.562500;0.021667;3.108750;98;

39225;-2000.000000;26.562500;0.021667;3.108750;98;

39363;-2000.000000;26.562500;0.021667;3.108750;98;

39492;-2000.000000;26.562500;0.021667;3.108750;96;

39640;-2000.000000;26.562500;0.021667;3.108750;99;

39779;-2000.000000;26.562500;0.021667;0.021667;98;

39916;-2000.000000;26.562500;0.021667;3.108750;95;

40071;-2000.000000;26.562500;0.021667;0.021667;98;

40198;-2000.000000;26.562500;0.021667;3.108750;99;

40341;-2000.000000;26.562500;0.021667;3.108750;98;

40480;-2000.000000;26.562500;0.021667;3.108750;97;

40617;-2000.000000;26.562500;0.021667;3.108750;96;

40762;-2000.000000;26.562500;0.021667;3.108750;99;

40906;-2000.000000;26.562500;0.021667;3.108750;97;

41058;-2000.000000;26.562500;0.021667;3.108750;97;

41204;-2000.000000;26.562500;0.021667;3.108750;97;

41348;-2000.000000;26.562500;0.021667;3.108750;98;

41495;-2000.000000;26.562500;0.021667;3.108750;98;

41626;-2000.000000;26.562500;3.108750;3.108750;96;

41756;-2000.000000;26.562500;0.021667;3.108750;98;

41896;-2000.000000;26.562500;0.021667;3.108750;98;

42034;-2000.000000;26.562500;0.021667;3.108750;98;

42168;-2000.000000;26.562500;0.021667;3.108750;96;

42314;-2000.000000;26.562500;3.108750;3.108750;98;

42455;-2000.000000;26.562500;0.021667;3.108750;98;

42595;-2000.000000;26.562500;0.021667;3.108750;96;

42736;-2000.000000;26.562500;0.021667;3.108750;97;

42876;-2000.000000;26.562500;0.021667;3.108750;99;

43012;-2000.000000;26.562500;0.021667;3.108750;97;

43155;-2000.000000;26.562500;0.021667;3.108334;97;

43288;-2000.000000;26.562500;0.021667;3.108750;99;

43423;-2000.000000;26.562500;0.021667;3.105417;96;

43565;-2000.000000;26.562500;0.021667;3.105000;96;

43702;-2000.000000;26.562500;0.021667;3.103333;96;

43845;-2000.000000;26.562500;0.021667;3.103333;99;

43972;-2000.000000;26.562500;0.021667;0.021667;97;

44102;-2000.000000;26.562500;0.021667;3.103750;98;

44237;-2000.000000;26.562500;0.021667;3.103333;98;

44384;-2000.000000;26.562500;0.021667;3.103333;97;

44539;-2000.000000;26.562500;0.021667;3.103333;97;

44689;-2000.000000;26.562500;0.021667;3.103333;97;

44837;-2000.000000;26.562500;0.021667;3.103333;96;

44984;-2000.000000;26.562500;0.021667;3.103333;95;

45130;-2000.000000;26.562500;0.021667;3.103750;101;

45278;-2000.000000;26.562500;0.021667;3.103333;96;

45421;-2000.000000;26.562500;0.021667;3.103750;99;

45562;-2000.000000;26.562500;0.021667;3.103750;98;

45698;-2000.000000;26.562500;0.021667;3.103333;94;

45838;-2000.000000;26.562500;0.021667;3.103333;95;

45974;-2000.000000;26.562500;0.021667;3.103750;96;

46117;-2000.000000;26.500000;0.021667;3.103333;94;

46266;-2000.000000;26.562500;0.021667;3.103750;100;

46404;-2000.000000;26.562500;0.021667;3.103750;96;

46547;-2000.000000;26.562500;0.021667;3.103333;97;

46695;-2000.000000;26.562500;0.021667;3.103333;97;

46832;-2000.000000;26.562500;0.021667;3.103333;96;

46978;-2000.000000;26.562500;0.021667;3.103333;101;

47122;-2000.000000;26.562500;0.021667;3.103333;100;

47268;-2000.000000;26.562500;0.021667;3.102917;96;

47415;-2000.000000;26.562500;0.021667;3.103333;98;

47552;-2000.000000;26.562500;0.021667;3.103750;96;

47698;-2000.000000;26.562500;0.021667;3.099583;98;

47850;-2000.000000;26.562500;0.021667;3.099583;98;

47988;-2000.000000;26.562500;0.021667;3.100834;98;

48121;-2000.000000;26.500000;0.021667;3.099167;97;

48266;-2000.000000;26.562500;0.021667;3.098750;97;

48405;-2000.000000;26.562500;0.021667;3.098750;96;

48543;-2000.000000;26.500000;0.021667;3.098333;98;

48675;-2000.000000;26.562500;0.021667;3.097917;97;

48819;-2000.000000;26.562500;0.021667;3.097917;96;

48955;-2000.000000;26.500000;0.021667;3.098333;97;

49099;-2000.000000;26.500000;0.021667;3.098333;97;

49247;-2000.000000;26.500000;0.021667;3.097917;99;

49393;-2000.000000;26.500000;0.021667;3.098333;98;

49539;-2000.000000;26.500000;0.021667;3.098333;98;

49685;-2000.000000;26.562500;3.098333;3.098333;99;

49830;-2000.000000;26.500000;0.021667;3.098333;96;

49968;-2000.000000;26.500000;0.021667;3.098333;99;

50103;-2000.000000;26.562500;3.098333;3.097917;95;

50247;-2000.000000;26.500000;0.021667;3.098333;96;

50382;-2000.000000;26.500000;0.021667;3.098333;100;

50521;-2000.000000;26.500000;0.021667;3.098333;98;

50652;-2000.000000;26.500000;0.021667;3.098333;98;

50780;-2000.000000;26.500000;0.021667;3.098333;98;

50916;-2000.000000;26.500000;0.021667;3.098333;99;

51044;-2000.000000;26.500000;3.098333;3.097917;96;

51182;-2000.000000;26.500000;0.021667;3.098333;99;

51315;-2000.000000;26.500000;0.021667;3.097917;97;

51450;-2000.000000;26.500000;0.021667;3.098333;97;

51595;-2000.000000;26.500000;0.021667;3.098333;99;

51733;-2000.000000;26.500000;0.021667;0.021667;99;

51866;-2000.000000;26.500000;0.021667;3.098333;99;

52015;-2000.000000;26.500000;0.021667;3.098333;97;

52155;-2000.000000;26.500000;0.021667;3.098333;96;

52292;-2000.000000;26.500000;0.021667;3.097917;98;

52440;-2000.000000;26.500000;3.098333;3.098333;97;

52587;-2000.000000;26.500000;0.021667;3.097917;96;

52735;-2000.000000;26.500000;0.021667;3.098333;96;

52875;-2000.000000;26.500000;0.021667;3.097917;99;

53013;-2000.000000;26.500000;0.021667;3.098333;95;

53162;-2000.000000;26.500000;0.021667;3.098333;97;

53305;-2000.000000;26.500000;0.021667;3.098333;97;

53455;-2000.000000;26.500000;0.021667;3.097917;98;

53585;-2000.000000;26.500000;3.097917;3.098333;99;

53727;-2000.000000;26.500000;0.021667;3.098333;99;

53875;-2000.000000;26.500000;3.097917;3.097917;96;

54013;-2000.000000;26.500000;3.097917;3.098333;98;

54225;-2000.000000;26.500000;3.098333;3.097917;98;

54372;-2000.000000;26.500000;0.021667;3.098333;98;

54505;-2000.000000;26.500000;0.021667;3.098333;94;

54656;-2000.000000;26.500000;3.098333;3.098333;100;

54782;-2000.000000;26.500000;0.021667;3.098333;97;

54912;-2000.000000;26.500000;3.097917;3.098333;101;

55053;-2000.000000;26.500000;0.021667;3.097917;96;

55193;-2000.000000;26.500000;0.021667;3.098333;97;

55321;-2000.000000;26.500000;0.021667;3.097917;96;

55455;-2000.000000;26.500000;3.098333;3.098333;95;

55583;-2000.000000;26.500000;3.097917;3.098333;100;

55729;-2000.000000;26.500000;0.021667;3.098333;97;

55873;-2000.000000;26.500000;0.021667;3.098333;97;

56017;-2000.000000;26.500000;0.021667;3.098333;97;

56165;-2000.000000;26.500000;0.021667;3.098333;97;

56302;-2000.000000;26.500000;0.021667;3.096250;97;

56445;-2000.000000;26.500000;0.021667;3.093333;94;

56584;-2000.000000;26.500000;0.021667;3.092917;96;

56725;-2000.000000;26.500000;0.021667;3.092917;97;

56858;-2000.000000;26.500000;0.021667;3.092917;99;

56996;-2000.000000;26.500000;0.021667;3.092917;98;

57145;-2000.000000;26.500000;0.021667;3.092917;98;

57272;-2000.000000;26.500000;0.021667;3.092917;97;

57415;-2000.000000;26.437500;0.021667;3.092917;97;

57555;-2000.000000;26.500000;0.021667;3.092917;96;

57692;-2000.000000;26.500000;0.021667;3.092917;94;

57839;-2000.000000;26.500000;0.021667;3.092917;98;

57974;-2000.000000;26.500000;0.021667;3.092917;98;

58115;-2000.000000;26.500000;0.021667;3.092917;97;

58254;-2000.000000;26.500000;0.021667;3.092917;99;

58396;-2000.000000;26.500000;0.021667;3.092917;95;

58534;-2000.000000;26.500000;3.092917;3.092917;98;

58682;-2000.000000;26.500000;0.021667;3.098333;101;

58823;-2000.000000;26.500000;0.021667;3.094584;96;

58967;-2000.000000;26.500000;0.021667;3.092917;100;

59117;-2000.000000;26.500000;0.021667;3.092917;98;

59258;-2000.000000;26.437500;0.021667;3.092917;97;

59407;-2000.000000;26.437500;0.021667;3.092917;98;

59554;-2000.000000;26.437500;0.021667;3.092917;97;

59692;-2000.000000;26.437500;0.021667;3.092917;97;

59822;-2000.000000;26.500000;0.021667;3.092917;99;

59962;-2000.000000;26.500000;0.021667;3.092917;100;

60109;-2000.000000;26.437500;0.021667;3.092917;96;

60253;-2000.000000;26.437500;0.021667;3.092917;98;

60397;-2000.000000;26.437500;0.021667;3.092917;98;

60548;-2000.000000;26.437500;0.021667;3.092917;96;

60694;-2000.000000;26.437500;0.021667;3.092917;97;

60828;-2000.000000;26.437500;0.021667;3.092917;97;

60973;-2000.000000;26.437500;0.021667;3.092917;98;

61119;-2000.000000;26.437500;0.021667;3.092917;99;

61266;-2000.000000;26.437500;0.021667;3.092917;98;

61402;-2000.000000;26.437500;0.021667;3.092917;99;

61545;-2000.000000;26.437500;0.021667;3.092917;97;

61685;-2000.000000;26.437500;0.021667;3.092917;95;

61825;-2000.000000;26.437500;0.021667;3.092917;100;

61967;-2000.000000;26.437500;0.021667;3.092917;95;

62105;-2000.000000;26.437500;0.021667;3.092917;97;

62240;-2000.000000;26.437500;0.021667;3.092917;98;

62388;-2000.000000;26.437500;0.021667;3.092917;96;

62535;-2000.000000;26.437500;0.021667;3.092917;97;

62676;-2000.000000;26.437500;0.021667;3.092917;101;

62815;-2000.000000;26.437500;0.021667;3.092917;98;

62951;-2000.000000;26.437500;0.021667;0.021667;98;

63085;-2000.000000;26.437500;0.021667;3.092917;95;

63222;-2000.000000;26.437500;0.021667;3.092917;97;

63352;-2000.000000;26.437500;0.021667;3.092917;99;

63499;-2000.000000;26.437500;0.021667;3.092500;98;

63645;-2000.000000;26.437500;3.092917;3.092917;98;

63772;-2000.000000;26.437500;0.021667;3.092917;97;

63916;-2000.000000;26.437500;0.021667;3.092917;97;

64058;-2000.000000;26.437500;0.021667;0.021667;98;

64195;-2000.000000;26.437500;0.021667;3.092917;94;

64339;-2000.000000;26.437500;0.021667;3.092917;99;

64472;-2000.000000;26.437500;0.021667;3.092917;96;

64614;-2000.000000;26.437500;3.092917;3.092917;96;

64742;-2000.000000;26.437500;0.021667;3.092500;98;

64885;-2000.000000;26.437500;0.021667;0.021667;99;

65012;-2000.000000;26.437500;0.021667;3.092084;97;

65144;-2000.000000;26.437500;0.021667;3.089583;97;

65295;-2000.000000;26.437500;3.090417;3.090000;97;

65438;-2000.000000;26.437500;0.021667;3.089167;98;

65582;-2000.000000;26.437500;0.021667;3.088333;101;

65728;-2000.000000;26.437500;0.022500;3.088333;94;

65876;-2000.000000;26.437500;0.022917;3.088333;96;

66012;-2000.000000;26.437500;0.021667;3.087500;96;

66145;-2000.000000;26.437500;0.021667;3.087500;99;

66282;-2000.000000;26.437500;0.021667;3.087500;98;

66425;-2000.000000;26.437500;0.021667;3.087500;97;

66562;-2000.000000;26.437500;0.021667;3.087500;99;

66723;-2000.000000;26.437500;0.024167;3.087500;96;

66865;-2000.000000;26.437500;0.025000;3.087500;98;

67002;-2000.000000;26.437500;0.024167;3.087084;96;

67145;-2000.000000;26.437500;0.025000;3.087500;96;

67282;-2000.000000;26.437500;0.024167;3.087500;95;

67425;-2000.000000;26.437500;0.023333;3.087500;95;

67566;-2000.000000;26.437500;0.021667;3.087500;99;

67706;-2000.000000;26.437500;0.022083;3.087500;97;

67854;-2000.000000;26.437500;0.025000;3.087500;95;

68000;-2000.000000;26.437500;0.021667;3.087500;99;

68128;-2000.000000;26.437500;0.021667;3.087500;98;

68265;-2000.000000;26.437500;0.024167;3.087500;101;

68400;-2000.000000;26.437500;0.025000;3.087500;99;

68535;-2000.000000;26.437500;0.022500;3.087500;97;

68683;-2000.000000;26.437500;0.024167;3.087500;100;

68828;-2000.000000;26.437500;0.025000;3.087500;97;

68979;-2000.000000;26.437500;0.024167;3.087500;96;

69122;-2000.000000;26.437500;0.022083;3.087500;96;

69264;-2000.000000;26.437500;0.024583;3.087500;96;

69403;-2000.000000;26.437500;0.022917;3.087500;95;

69537;-2000.000000;26.437500;0.024583;3.087500;97;

69682;-2000.000000;26.437500;0.024583;3.087500;96;

69820;-2000.000000;26.437500;0.024167;3.087084;97;

69962;-2000.000000;26.375000;0.024167;3.087500;97;

70099;-2000.000000;26.437500;0.021667;3.087500;97;

70232;-2000.000000;26.437500;0.021667;3.087084;98;

70361;-2000.000000;26.437500;0.021667;0.021667;98;

70492;-2000.000000;26.437500;3.087500;3.087500;98;

70622;-2000.000000;26.437500;0.021667;3.087500;99;

70752;-2000.000000;26.375000;0.021667;3.087500;95;

70888;-2000.000000;26.437500;0.025000;3.087084;99;

71022;-2000.000000;26.375000;0.021667;3.087500;98;

71152;-2000.000000;26.375000;0.021667;3.087500;95;

71287;-2000.000000;26.437500;0.021667;3.087500;97;

71435;-2000.000000;26.437500;0.021667;3.087500;94;

71572;-2000.000000;26.437500;0.021667;3.085417;99;

71720;-2000.000000;26.375000;0.021667;3.086667;99;

71864;-2000.000000;26.375000;0.021667;3.087084;98;

71997;-2000.000000;26.375000;0.021667;3.084584;96;

72142;-2000.000000;26.375000;0.021667;3.084167;98;

72285;-2000.000000;26.375000;0.021667;3.082083;98;

72425;-2000.000000;26.375000;0.021667;3.082083;96;

72565;-2000.000000;26.375000;0.021667;3.082083;98;

72689;-2000.000000;26.375000;0.021667;3.082083;98;

72843;-2000.000000;26.437500;0.021667;3.082083;100;

72972;-2000.000000;26.375000;0.021667;3.082083;94;

73116;-2000.000000;26.375000;0.021667;3.082083;97;

73265;-2000.000000;26.375000;0.021667;0.021667;97;

73402;-2000.000000;26.375000;0.021667;3.082083;101;

73534;-2000.000000;26.375000;0.021667;3.082083;98;

73672;-2000.000000;26.375000;0.021667;3.082083;97;

73812;-2000.000000;26.375000;0.021667;3.082083;96;

73958;-2000.000000;26.375000;0.021667;3.082083;98;

74092;-2000.000000;26.375000;0.021667;3.082083;95;

74229;-2000.000000;26.375000;0.021667;3.082083;99;

74365;-2000.000000;26.375000;0.021667;3.082083;99;

74507;-2000.000000;26.375000;0.021667;3.082083;100;

74655;-2000.000000;26.375000;0.021667;3.082083;97;

74793;-2000.000000;26.437500;0.021667;3.083334;98;

74931;-2000.000000;26.375000;0.021667;3.082083;98;

75065;-2000.000000;26.375000;0.021667;3.082083;99;

75202;-2000.000000;26.375000;0.021667;3.082083;100;

75349;-2000.000000;26.375000;0.021667;3.082083;97;

75496;-2000.000000;26.375000;0.021667;3.082083;100;

75644;-2000.000000;26.375000;3.082083;3.082083;96;

75773;-2000.000000;26.375000;0.021667;3.082083;98;

75911;-2000.000000;26.375000;0.021667;3.082083;99;

76042;-2000.000000;26.375000;3.082083;3.082083;97;

76176;-2000.000000;26.375000;3.082083;3.082083;96;

76312;-2000.000000;26.375000;0.021667;3.082083;98;

76443;-2000.000000;26.375000;0.021667;3.082083;94;

76575;-2000.000000;26.375000;3.082083;3.082083;99;

76702;-2000.000000;26.375000;0.021667;3.082083;99;

76842;-2000.000000;26.375000;0.021667;3.082083;98;

76988;-2000.000000;26.375000;0.021667;3.082083;98;

77135;-2000.000000;26.375000;0.021667;3.082083;99;

77275;-2000.000000;26.375000;0.021667;3.082083;98;

77411;-2000.000000;26.375000;0.021667;3.082083;96;

77543;-2000.000000;26.375000;3.082083;3.082083;97;

77691;-2000.000000;26.375000;0.021667;3.082083;97;

77823;-2000.000000;26.375000;0.021667;3.082083;95;

77966;-2000.000000;26.375000;0.021667;3.082083;98;

78105;-2000.000000;26.375000;0.021667;3.082083;97;

78245;-2000.000000;26.375000;0.021667;3.082083;98;

78382;-2000.000000;26.375000;0.021667;3.082083;95;

78518;-2000.000000;26.375000;0.021667;3.082083;99;

78667;-2000.000000;26.375000;0.021667;3.082083;95;

78816;-2000.000000;26.375000;0.021667;3.082083;98;

78957;-2000.000000;26.375000;0.021667;3.082083;96;

79092;-2000.000000;26.375000;0.021667;3.082083;96;

79222;-2000.000000;26.375000;3.082083;3.082083;95;

79369;-2000.000000;26.375000;0.021667;3.082083;97;

79515;-2000.000000;26.375000;3.082083;3.082083;98;

79641;-2000.000000;26.375000;0.021667;3.082083;96;

79782;-2000.000000;26.375000;0.021667;3.082083;97;

79925;-2000.000000;26.375000;0.021667;3.082083;95;

80059;-2000.000000;26.375000;0.021667;3.082083;97;

80200;-2000.000000;26.375000;0.021667;3.082083;97;

80344;-2000.000000;26.375000;0.021667;3.082083;98;

80493;-2000.000000;26.375000;0.021667;3.082083;98;

80636;-2000.000000;26.375000;0.021667;3.082083;96;

80787;-2000.000000;26.375000;0.021667;3.080417;97;

80932;-2000.000000;26.375000;0.021667;3.081250;95;

81071;-2000.000000;26.375000;0.021667;3.082083;95;

81203;-2000.000000;26.375000;0.021667;3.077500;99;

81349;-2000.000000;26.375000;0.021667;3.079167;96;

81495;-2000.000000;26.375000;0.021667;3.078750;95;

81636;-2000.000000;26.375000;0.021667;3.078750;98;

81775;-2000.000000;26.375000;0.021667;3.076667;97;

81915;-2000.000000;26.375000;0.021667;3.077084;98;

82058;-2000.000000;26.375000;0.021667;0.021667;97;

82203;-2000.000000;26.375000;0.021667;3.076667;97;

82345;-2000.000000;26.375000;0.021667;3.076667;98;

82482;-2000.000000;26.375000;0.021667;3.076667;95;

82626;-2000.000000;26.312500;0.021667;3.076667;99;

82763;-2000.000000;26.375000;0.021667;3.076667;97;

82905;-2000.000000;26.312500;3.076667;3.076667;97;

83035;-2000.000000;26.375000;0.021667;3.076667;99;

83176;-2000.000000;26.312500;0.021667;3.077084;97;

83314;-2000.000000;26.312500;0.021667;3.076667;98;

83456;-2000.000000;26.375000;0.021667;3.076667;97;

83593;-2000.000000;26.375000;0.021667;3.076667;97;

83739;-2000.000000;26.375000;0.021667;3.076667;97;

83884;-2000.000000;26.375000;3.076667;3.076667;98;

84031;-2000.000000;26.312500;0.021667;3.076667;99;

84177;-2000.000000;26.312500;0.021667;3.077084;98;

84330;-2000.000000;26.375000;0.021667;3.076667;98;

84463;-2000.000000;26.375000;0.021667;3.076667;97;

84607;-2000.000000;26.375000;0.021667;3.077084;98;

84742;-2000.000000;26.375000;3.076667;3.076667;97;

84890;-2000.000000;26.312500;0.021667;3.076667;97;

85027;-2000.000000;26.375000;0.021667;3.076667;99;

85178;-2000.000000;26.375000;0.021667;0.021667;96;

85313;-2000.000000;26.312500;3.076667;3.077084;94;

85448;-2000.000000;26.375000;0.021667;3.076667;98;

85593;-2000.000000;26.375000;3.076667;3.076667;98;

85739;-2000.000000;26.312500;0.021667;3.076667;96;

85889;-2000.000000;26.375000;0.021667;3.076667;96;

86021;-2000.000000;26.375000;0.021667;3.076667;98;

86168;-2000.000000;26.312500;0.021667;3.076667;97;

86315;-2000.000000;26.312500;0.021667;3.076667;95;

86453;-2000.000000;26.312500;0.021667;3.076667;98;

86598;-2000.000000;26.312500;0.021667;3.076667;98;

86742;-2000.000000;26.312500;0.021667;3.076667;99;

86886;-2000.000000;26.375000;0.021667;3.076667;98;

87035;-2000.000000;26.375000;0.021667;3.077084;95;

87166;-2000.000000;26.312500;3.076667;3.076667;99;

87303;-2000.000000;26.312500;0.021667;3.076667;96;

87445;-2000.000000;26.312500;0.021667;3.076667;97;

87586;-2000.000000;26.312500;0.021667;3.076667;96;

87733;-2000.000000;26.375000;0.021667;3.076667;96;

87874;-2000.000000;26.312500;0.021667;3.075000;97;

88003;-2000.000000;26.312500;3.076667;3.072917;96;

88147;-2000.000000;26.312500;0.021667;3.075000;96;

88293;-2000.000000;26.375000;0.021667;3.071667;96;

88429;-2000.000000;26.375000;0.021667;3.072500;98;

88562;-2000.000000;26.312500;0.021667;3.071250;99;

88692;-2000.000000;26.312500;0.021667;3.071250;98;

88824;-2000.000000;26.312500;3.071250;3.071667;98;

88962;-2000.000000;26.312500;0.021667;3.071250;98;

89107;-2000.000000;26.312500;0.021667;3.071250;97;

89261;-2000.000000;26.312500;0.021667;3.071667;96;

89401;-2000.000000;26.312500;0.021667;3.071250;97;

89549;-2000.000000;26.312500;0.021667;3.071667;96;

89682;-2000.000000;26.312500;0.021667;3.071250;97;

89828;-2000.000000;26.312500;0.021667;3.071250;97;

89962;-2000.000000;26.312500;0.021667;3.071250;97;

90106;-2000.000000;26.312500;3.071250;3.071250;98;

90232;-2000.000000;26.312500;0.021667;3.071250;100;

90382;-2000.000000;26.312500;0.021667;3.071667;98;

90523;-2000.000000;26.312500;0.021667;3.071250;100;

90669;-2000.000000;26.312500;0.021667;3.071667;95;

90805;-2000.000000;26.312500;0.021667;3.071250;99;

90936;-2000.000000;26.312500;0.021667;3.071250;97;

91083;-2000.000000;26.312500;0.021667;3.071667;97;

91215;-2000.000000;26.312500;0.021667;3.071250;97;

91352;-2000.000000;26.312500;0.021667;3.071250;100;

91496;-2000.000000;26.312500;0.021667;3.071667;96;

91633;-2000.000000;26.312500;0.021667;3.071250;98;

91778;-2000.000000;26.312500;0.021667;3.071250;97;

91925;-2000.000000;26.312500;0.021667;3.071250;96;

92065;-2000.000000;26.312500;0.021667;3.071250;98;

92193;-2000.000000;26.312500;0.021667;3.071667;98;

92335;-2000.000000;26.312500;0.021667;3.071250;97;

92475;-2000.000000;26.312500;0.021667;3.071250;98;

92612;-2000.000000;26.312500;0.021667;3.071250;98;

92757;-2000.000000;26.312500;0.021667;3.071250;99;

92892;-2000.000000;26.312500;0.021667;3.071250;99;

93022;-2000.000000;26.312500;0.021667;3.071250;97;

93151;-2000.000000;26.312500;0.021667;3.071250;96;

93296;-2000.000000;26.312500;3.071250;3.071250;98;

93438;-2000.000000;26.312500;0.021667;3.071250;100;

93585;-2000.000000;26.312500;3.071667;3.071250;95;

93727;-2000.000000;26.312500;0.021667;3.071250;96;

93864;-2000.000000;26.312500;3.071250;3.071250;99;

94005;-2000.000000;26.312500;0.021667;3.071667;99;

94142;-2000.000000;26.312500;0.021667;3.071250;98;

94291;-2000.000000;26.312500;0.021667;3.071250;98;

94439;-2000.000000;26.312500;0.021667;3.071250;96;

94582;-2000.000000;26.312500;0.021667;3.071250;97;

94721;-2000.000000;26.312500;0.021667;3.071667;97;

94867;-2000.000000;26.312500;0.021667;3.071250;96;

95012;-2000.000000;26.312500;0.021667;3.071667;98;

95158;-2000.000000;26.312500;0.021667;3.071667;96;

95309;-2000.000000;26.312500;0.021667;3.071667;97;

95453;-2000.000000;26.312500;0.021667;3.071667;97;

95593;-2000.000000;26.312500;0.021667;3.071667;97;

95732;-2000.000000;26.312500;0.021667;3.071250;100;

95873;-2000.000000;26.312500;0.021667;3.071250;95;

96016;-2000.000000;26.312500;3.071667;3.071250;96;

96159;-2000.000000;26.312500;0.021667;3.071250;98;

96292;-2000.000000;26.312500;0.021667;3.071250;98;

96435;-2000.000000;26.312500;0.021667;3.071250;98;

96575;-2000.000000;26.312500;0.021667;3.071667;96;

96715;-2000.000000;26.312500;0.021667;3.071250;96;

96858;-2000.000000;26.312500;0.021667;0.021667;100;

96990;-2000.000000;26.312500;0.021667;3.071667;97;

97135;-2000.000000;26.312500;0.021667;3.070833;98;

97272;-2000.000000;26.312500;0.021667;3.071250;97;

97415;-2000.000000;26.312500;0.021667;3.070417;97;

97553;-2000.000000;26.312500;3.070000;3.070000;96;

97683;-2000.000000;26.312500;0.021667;3.069584;96;

97830;-2000.000000;26.312500;0.021667;3.067917;97;

97975;-2000.000000;26.312500;0.021667;3.067084;99;

98114;-2000.000000;26.312500;0.021667;3.066250;97;

98255;-2000.000000;26.312500;0.021667;0.021667;98;

98381;-2000.000000;26.312500;0.021667;3.066250;98;

98513;-2000.000000;26.312500;0.021667;3.066250;96;

98647;-2000.000000;26.312500;0.021667;3.066250;99;

98779;-2000.000000;26.312500;0.021667;3.066250;99;

98930;-2000.000000;26.312500;0.021667;3.065833;96;

99062;-2000.000000;26.312500;0.021667;3.066250;98;

99192;-2000.000000;26.312500;0.021667;3.066250;97;

99325;-2000.000000;26.312500;0.021667;3.066250;93;

99462;-2000.000000;26.312500;0.021667;3.065833;98;

99606;-2000.000000;26.312500;3.066250;3.065833;99;

99745;-2000.000000;26.312500;3.065833;3.066250;97;

99888;-2000.000000;26.312500;0.021667;3.066250;95;

100022;-2000.000000;26.312500;0.021667;3.066250;97;

100167;-2000.000000;26.312500;0.021667;3.066250;97;

100318;-2000.000000;26.312500;0.021667;3.065833;96;

100463;-2000.000000;26.312500;0.021667;3.065833;96;

100595;-2000.000000;26.312500;3.065833;3.066250;99;

100725;-2000.000000;26.312500;0.021667;3.066250;98;

100862;-2000.000000;26.312500;0.021667;3.066250;97;

101006;-2000.000000;26.312500;0.021667;3.066250;95;

101153;-2000.000000;26.312500;0.021667;0.021667;97;

101292;-2000.000000;26.312500;0.021667;3.066250;97;

101439;-2000.000000;26.312500;0.021667;3.066250;98;

101585;-2000.000000;26.312500;0.021667;3.065833;98;

101725;-2000.000000;26.312500;0.021667;3.065833;98;

101865;-2000.000000;26.312500;0.021667;3.066250;98;

102005;-2000.000000;26.250000;0.021667;3.066250;99;

102143;-2000.000000;26.312500;0.021667;3.066250;97;

102281;-2000.000000;26.312500;0.021667;3.065833;98;

102429;-2000.000000;26.312500;0.021667;3.066250;97;

102576;-2000.000000;26.250000;0.021667;3.066250;99;

102729;-2000.000000;26.312500;0.021667;3.066250;97;

102879;-2000.000000;26.250000;0.021667;3.065833;95;

103012;-2000.000000;26.250000;0.021667;3.065833;98;

103155;-2000.000000;26.250000;0.021667;3.066250;100;

103295;-2000.000000;26.250000;0.021667;3.066250;96;

103446;-2000.000000;26.250000;0.021667;3.066250;97;

103599;-2000.000000;26.312500;0.021667;3.061667;99;

103748;-2000.000000;26.250000;0.021667;3.060833;98;

103881;-2000.000000;26.250000;0.021667;3.066250;98;

104025;-2000.000000;26.250000;0.021667;3.066250;98;

104152;-2000.000000;26.312500;0.021667;3.066250;96;

104298;-2000.000000;26.312500;0.021667;3.065833;98;

104442;-2000.000000;26.250000;0.021667;3.065833;97;

104578;-2000.000000;26.250000;0.021667;3.065000;97;

104714;-2000.000000;26.250000;0.021667;3.063750;99;

104843;-2000.000000;26.250000;0.021667;3.063750;97;

104989;-2000.000000;26.250000;0.021667;3.062083;98;

105120;-2000.000000;26.250000;0.021667;3.060833;99;

105265;-2000.000000;26.250000;0.021667;3.061667;98;

105399;-2000.000000;26.250000;0.021667;3.060833;96;

105545;-2000.000000;26.250000;0.021667;3.060833;97;

105672;-2000.000000;26.312500;0.021667;3.060833;97;

105813;-2000.000000;26.250000;0.021667;3.060833;98;

105952;-2000.000000;26.250000;0.021667;3.060833;99;

106098;-2000.000000;26.250000;0.021667;3.060833;98;

106245;-2000.000000;26.250000;0.021667;3.060833;97;

106384;-2000.000000;26.250000;0.021667;3.060833;94;

106525;-2000.000000;26.312500;0.021667;3.060833;97;

106662;-2000.000000;26.250000;0.021667;3.060833;97;

106805;-2000.000000;26.250000;0.021667;3.060833;97;

106942;-2000.000000;26.250000;0.021667;3.060833;95;

107085;-2000.000000;26.250000;3.060833;3.060833;97;

107213;-2000.000000;26.250000;0.021667;3.060833;99;

107343;-2000.000000;26.250000;0.021667;3.060833;97;

107485;-2000.000000;26.250000;0.021667;3.060833;99;

107626;-2000.000000;26.250000;0.021667;3.060833;97;

107765;-2000.000000;26.250000;0.021667;3.060833;99;

107902;-2000.000000;26.250000;0.021667;3.060833;96;

108047;-2000.000000;26.250000;0.021667;3.060833;99;

108195;-2000.000000;26.250000;0.021667;3.060833;97;

108345;-2000.000000;26.250000;0.021667;3.060833;97;

108487;-2000.000000;26.250000;0.021667;3.060833;98;

108643;-2000.000000;26.250000;0.021667;3.060833;94;

108779;-2000.000000;26.250000;0.021667;3.060833;98;

108926;-2000.000000;26.250000;0.021667;3.060833;97;

109077;-2000.000000;26.250000;0.021667;3.060833;96;

109222;-2000.000000;26.250000;0.021667;3.057917;98;

109365;-2000.000000;26.250000;0.021667;3.057917;99;

109493;-2000.000000;26.250000;0.021667;3.059167;97;

109638;-2000.000000;26.250000;0.021667;3.057500;98;

109772;-2000.000000;26.250000;0.021667;3.056667;99;

109909;-2000.000000;26.250000;0.021667;3.057083;97;

110042;-2000.000000;26.250000;0.021667;3.055417;96;

110183;-2000.000000;26.250000;0.021667;3.055417;97;

110322;-2000.000000;26.250000;0.021667;0.021667;98;

110466;-2000.000000;26.250000;0.021667;3.055417;96;

110601;-2000.000000;26.250000;0.021667;3.055417;98;

110730;-2000.000000;26.250000;0.021667;3.055417;95;

110877;-2000.000000;26.250000;0.021667;3.055417;95;

111025;-2000.000000;26.250000;0.021667;3.055417;99;

111162;-2000.000000;26.250000;0.021250;3.055417;101;

111308;-2000.000000;26.250000;0.021667;3.055417;98;

111460;-2000.000000;26.250000;0.021667;3.055417;98;

111593;-2000.000000;26.250000;3.055417;3.055417;96;

111722;-2000.000000;26.250000;0.021667;3.055417;97;

111865;-2000.000000;26.250000;0.021667;3.055417;99;

112008;-2000.000000;26.250000;0.021667;3.055417;96;

112153;-2000.000000;26.250000;0.021667;3.055417;96;

112282;-2000.000000;26.250000;0.021667;3.055417;96;

112418;-2000.000000;26.250000;0.021667;3.055417;97;

112565;-2000.000000;26.250000;0.021667;3.055417;95;

112700;-2000.000000;26.250000;0.021667;3.055417;98;

112835;-2000.000000;26.250000;0.021667;3.055417;95;

112979;-2000.000000;26.250000;0.021667;3.055417;97;

113127;-2000.000000;26.250000;0.021667;3.055417;96;

113272;-2000.000000;26.250000;0.021667;3.055417;94;

113417;-2000.000000;26.250000;0.021667;3.055417;99;

113569;-2000.000000;26.250000;0.021667;3.055417;98;

113709;-2000.000000;26.250000;0.021667;3.055417;97;

113856;-2000.000000;26.250000;0.021667;3.055417;96;

114007;-2000.000000;26.250000;0.021667;3.055417;97;

114154;-2000.000000;26.250000;0.021667;3.055417;97;

114298;-2000.000000;26.250000;0.021667;3.055417;97;

114449;-2000.000000;26.250000;0.021667;3.055417;97;

114594;-2000.000000;26.250000;0.021667;3.055417;95;

114726;-2000.000000;26.250000;0.021667;3.055417;99;

114861;-2000.000000;26.250000;0.021667;3.055417;96;

115003;-2000.000000;26.250000;0.021667;3.055417;94;

115147;-2000.000000;26.250000;0.021667;3.055417;96;

115298;-2000.000000;26.250000;0.021667;3.055417;97;

115448;-2000.000000;26.250000;0.021667;3.055417;97;

115583;-2000.000000;26.250000;0.021667;3.055000;98;

115725;-2000.000000;26.250000;0.021667;3.055417;97;

115865;-2000.000000;26.250000;0.021667;3.055417;98;

116003;-2000.000000;26.250000;0.021667;3.055417;99;

116154;-2000.000000;26.250000;0.021667;3.055417;100;

116293;-2000.000000;26.250000;0.021667;3.052500;97;

116435;-2000.000000;26.250000;0.021667;3.049167;96;

116572;-2000.000000;26.250000;0.021667;3.054167;95;

116715;-2000.000000;26.250000;0.021667;3.052083;98;

116853;-2000.000000;26.250000;3.052083;3.055417;97;

116998;-2000.000000;26.250000;0.021667;3.047084;95;

117145;-2000.000000;26.250000;0.021667;3.047917;99;

117284;-2000.000000;26.250000;0.021667;3.047084;97;

117425;-2000.000000;26.250000;0.021667;3.048333;100;

117562;-2000.000000;26.250000;0.021667;3.047084;98;

117711;-2000.000000;26.250000;0.021667;3.047084;97;

117842;-2000.000000;26.250000;0.021667;3.046667;98;

117986;-2000.000000;26.250000;0.021667;3.047084;97;

118125;-2000.000000;26.250000;0.021667;3.047084;97;

118262;-2000.000000;26.250000;0.021667;3.047084;98;

118402;-2000.000000;26.187500;0.021667;3.047084;100;

118545;-2000.000000;26.250000;0.021667;3.047084;98;

118685;-2000.000000;26.250000;0.021667;3.047084;96;

118836;-2000.000000;26.250000;0.021667;3.046667;98;

118963;-2000.000000;26.250000;0.021667;3.047084;99;

119107;-2000.000000;26.250000;0.021667;3.047084;96;

119243;-2000.000000;26.250000;0.021667;3.047084;95;

119388;-2000.000000;26.250000;0.021667;3.047084;97;

119524;-2000.000000;26.250000;0.021667;3.047084;98;

119659;-2000.000000;26.187500;0.021667;3.047084;97;

119803;-2000.000000;26.250000;0.021667;3.047084;99;

119949;-2000.000000;26.250000;0.021667;3.047084;97;

120097;-2000.000000;26.250000;0.021667;3.046667;100;

120234;-2000.000000;26.250000;0.021667;3.046667;98;

120365;-2000.000000;26.187500;0.021667;3.047084;99;

120502;-2000.000000;26.250000;0.021667;3.047084;97;

120630;-2000.000000;26.187500;0.021667;3.047084;98;

120765;-2000.000000;26.250000;0.021667;3.047084;97;

120898;-2000.000000;26.250000;0.021667;3.046667;99;

121053;-2000.000000;26.187500;0.021667;3.046667;98;

121195;-2000.000000;26.250000;0.021667;3.046667;97;

121332;-2000.000000;26.187500;0.021667;3.046667;99;

121475;-2000.000000;26.250000;0.021667;3.047084;99;

121615;-2000.000000;26.250000;3.046667;3.046667;98;

121753;-2000.000000;26.250000;0.021667;3.047084;99;

121895;-2000.000000;26.250000;0.021667;3.046667;98;

122035;-2000.000000;26.250000;0.021667;3.047084;97;

122173;-2000.000000;26.250000;0.021667;3.047084;99;

122324;-2000.000000;26.187500;0.021667;3.046667;95;

122464;-2000.000000;26.250000;0.021667;3.047084;98;

122611;-2000.000000;26.250000;0.021667;3.046667;99;

122755;-2000.000000;26.187500;0.021667;3.047084;97;

122893;-2000.000000;26.250000;0.021667;3.047084;96;

123021;-2000.000000;26.250000;0.021667;3.047084;98;

123166;-2000.000000;26.250000;0.021667;3.047084;97;

123294;-2000.000000;26.187500;0.021667;3.047084;98;

123439;-2000.000000;26.250000;0.021667;3.046667;96;

123572;-2000.000000;26.250000;0.021667;0.021667;99;

123724;-2000.000000;26.187500;0.021667;3.046667;97;

123867;-2000.000000;26.187500;0.021667;3.047084;97;

124016;-2000.000000;26.250000;0.021667;3.047084;99;

124168;-2000.000000;26.187500;0.021667;3.044583;96;

124308;-2000.000000;26.250000;0.021667;3.042917;98;

124452;-2000.000000;26.187500;3.046667;3.047084;96;

124600;-2000.000000;26.187500;0.021667;3.046667;98;

124732;-2000.000000;26.187500;0.021667;3.047084;98;

124867;-2000.000000;26.187500;0.021667;3.047084;98;

125014;-2000.000000;26.187500;0.021667;3.047084;99;

125158;-2000.000000;26.187500;0.021667;3.047084;98;

125301;-2000.000000;26.250000;0.021667;3.047084;97;

125435;-2000.000000;26.187500;0.021667;3.047084;96;

125560;-2000.000000;26.250000;0.021667;3.047084;96;

125705;-2000.000000;26.187500;3.047084;3.047084;95;

125836;-2000.000000;26.250000;3.046667;3.047084;98;

125962;-2000.000000;26.250000;0.021667;3.047084;97;

126106;-2000.000000;26.187500;0.021667;3.047084;97;

126255;-2000.000000;26.187500;0.021667;3.047084;98;

126393;-2000.000000;26.187500;0.021667;3.045834;96;

126522;-2000.000000;26.250000;0.021667;3.044167;95;

126665;-2000.000000;26.187500;0.021667;3.042500;97;

126806;-2000.000000;26.187500;0.021667;3.043333;98;

126943;-2000.000000;26.250000;0.021667;3.045417;96;

127085;-2000.000000;26.250000;0.021667;3.043750;98;

127222;-2000.000000;26.250000;0.021667;3.041250;95;

127352;-2000.000000;26.250000;3.041667;3.041667;97;

127486;-2000.000000;26.187500;0.021667;3.042917;96;

127622;-2000.000000;26.187500;0.021667;3.042084;98;

127765;-2000.000000;26.187500;0.021667;3.042917;97;

127898;-2000.000000;26.187500;0.021667;3.041667;97;

128046;-2000.000000;26.187500;0.021667;3.041667;98;

128192;-2000.000000;26.187500;0.021667;3.041250;97;

128335;-2000.000000;26.187500;0.021667;3.041667;96;

128474;-2000.000000;26.187500;0.021667;3.041667;95;

128604;-2000.000000;26.187500;3.041667;3.041667;99;

128742;-2000.000000;26.187500;0.021667;3.041667;97;

128878;-2000.000000;26.187500;0.021667;3.041667;97;

129023;-2000.000000;26.187500;0.021667;3.041667;96;

129170;-2000.000000;26.187500;0.021667;3.041667;98;

129318;-2000.000000;26.187500;0.021667;3.041667;97;

129464;-2000.000000;26.187500;3.041667;3.041667;98;

129595;-2000.000000;26.187500;3.041667;3.041667;97;

129733;-2000.000000;26.187500;0.021667;3.041667;97;

129878;-2000.000000;26.187500;0.021667;3.041250;98;

130023;-2000.000000;26.187500;0.021667;3.041667;96;

130165;-2000.000000;26.187500;0.021667;3.041667;98;

130298;-2000.000000;26.187500;0.021667;3.041667;98;

130445;-2000.000000;26.187500;0.021667;3.041667;96;

130578;-2000.000000;26.187500;0.021667;3.041667;96;

130716;-2000.000000;26.187500;3.041667;3.041667;96;

130852;-2000.000000;26.187500;3.041667;3.041667;97;

130998;-2000.000000;26.187500;0.021667;3.041250;94;

131148;-2000.000000;26.187500;0.021667;3.041250;96;

131293;-2000.000000;26.187500;0.021667;3.041667;99;

131422;-2000.000000;26.187500;0.021667;3.041667;98;

131558;-2000.000000;26.187500;0.021667;3.041667;99;

131707;-2000.000000;26.187500;0.021667;3.041667;100;

131854;-2000.000000;26.187500;0.021667;3.041667;98;

132005;-2000.000000;26.187500;3.041667;3.041667;97;

132148;-2000.000000;26.187500;0.021667;3.041667;99;

132282;-2000.000000;26.187500;0.021667;3.041667;98;

132425;-2000.000000;26.187500;0.021667;3.041667;97;

132554;-2000.000000;26.187500;0.021667;3.041667;98;

132695;-2000.000000;26.187500;0.021667;3.041667;96;

132835;-2000.000000;26.187500;0.021667;3.041667;101;

132975;-2000.000000;26.187500;0.021667;3.041667;96;

133116;-2000.000000;26.187500;3.041667;3.041667;97;

133255;-2000.000000;26.187500;0.021667;3.041667;99;

133392;-2000.000000;26.187500;0.021667;3.041667;97;

133535;-2000.000000;26.187500;0.021667;3.041667;96;

133673;-2000.000000;26.187500;0.021667;3.041667;93;

133813;-2000.000000;26.187500;0.021667;3.041667;100;

133952;-2000.000000;26.187500;0.021667;3.041667;97;

134080;-2000.000000;26.187500;0.021667;3.041667;98;

134215;-2000.000000;26.187500;0.021667;3.041667;97;

134339;-2000.000000;26.187500;0.021667;3.041667;97;

134473;-2000.000000;26.187500;0.021667;3.041667;99;

134616;-2000.000000;26.187500;0.021667;3.041667;98;

134753;-2000.000000;26.187500;0.021667;3.041667;97;

134895;-2000.000000;26.187500;3.041667;3.041250;97;

135032;-2000.000000;26.187500;0.021667;3.040833;98;

135182;-2000.000000;26.187500;0.021667;3.041250;96;

135325;-2000.000000;26.187500;3.040833;3.041250;97;

135454;-2000.000000;26.187500;0.021667;3.037500;97;

135592;-2000.000000;26.187500;0.021667;3.037084;96;

135732;-2000.000000;26.187500;0.021667;3.036250;99;

135874;-2000.000000;26.187500;0.021667;3.036250;100;

136016;-2000.000000;26.187500;0.021667;3.036250;100;

136165;-2000.000000;26.187500;0.021667;3.036250;98;

136319;-2000.000000;26.187500;0.021667;3.036250;98;

136454;-2000.000000;26.187500;0.021667;3.036250;100;

136595;-2000.000000;26.187500;0.021667;3.036250;98;

136737;-2000.000000;26.187500;0.021667;3.036250;99;

136871;-2000.000000;26.187500;3.036250;3.036250;95;

137013;-2000.000000;26.187500;0.021667;3.036250;98;

137158;-2000.000000;26.187500;0.021667;3.036250;92;

137305;-2000.000000;26.187500;0.021667;3.036250;97;

137443;-2000.000000;26.187500;0.021667;3.036250;96;

137579;-2000.000000;26.187500;0.021667;3.036250;97;

137726;-2000.000000;26.187500;3.036250;3.036250;100;

137859;-2000.000000;26.187500;0.021667;3.036250;99;

138005;-2000.000000;26.187500;0.021667;3.036250;98;

138145;-2000.000000;26.187500;0.021667;3.036250;97;

138282;-2000.000000;26.187500;0.021667;3.036250;100;

138425;-2000.000000;26.187500;0.021667;3.036250;98;

138562;-2000.000000;26.187500;0.021667;3.036250;98;

138705;-2000.000000;26.187500;0.021667;3.036250;96;

138845;-2000.000000;26.187500;3.036250;3.036250;98;

138989;-2000.000000;26.187500;0.021667;3.036250;97;

139132;-2000.000000;26.187500;0.021667;3.036250;96;

139277;-2000.000000;26.187500;0.021667;3.036250;99;

139428;-2000.000000;26.187500;0.021667;3.036250;96;

139579;-2000.000000;26.187500;0.021667;3.036250;95;

139727;-2000.000000;26.187500;0.021667;3.036250;98;

139868;-2000.000000;26.187500;0.021667;3.036250;97;

140005;-2000.000000;26.187500;0.021667;3.036250;97;

140146;-2000.000000;26.187500;0.021667;3.036250;98;

140298;-2000.000000;26.187500;0.021667;3.036250;98;

140449;-2000.000000;26.187500;0.021667;3.036250;99;

140596;-2000.000000;26.187500;3.036250;3.036250;99;

140736;-2000.000000;26.187500;0.021667;3.036250;97;

140882;-2000.000000;26.187500;0.021667;3.036250;97;

141025;-2000.000000;26.187500;0.021667;3.036250;97;

141177;-2000.000000;26.187500;0.021667;3.036250;97;

141324;-2000.000000;26.187500;0.021667;3.036250;97;

141467;-2000.000000;26.187500;0.021667;3.036250;97;

141604;-2000.000000;26.187500;0.021667;3.036250;97;

141733;-2000.000000;26.187500;0.021667;3.036250;94;

141866;-2000.000000;26.187500;0.021667;3.036250;99;

142005;-2000.000000;26.187500;0.021667;3.036250;98;

142155;-2000.000000;26.187500;0.021667;3.036250;99;

142285;-2000.000000;26.187500;0.021667;3.034583;96;

142426;-2000.000000;26.187500;3.036250;3.036250;99;

142563;-2000.000000;26.187500;0.021667;3.033334;98;

142695;-2000.000000;26.187500;0.021667;3.033334;96;

142835;-2000.000000;26.187500;0.021667;3.033750;95;

142972;-2000.000000;26.187500;0.021667;3.032084;96;

143115;-2000.000000;26.187500;0.021667;3.031250;96;

143252;-2000.000000;26.187500;0.021667;3.030833;97;

143398;-2000.000000;26.187500;0.021667;3.030833;98;

143543;-2000.000000;26.187500;0.021667;3.030833;98;

143686;-2000.000000;26.187500;0.021667;3.030833;96;

143823;-2000.000000;26.187500;0.021667;3.030833;97;

143965;-2000.000000;26.187500;0.021667;3.030833;98;

144119;-2000.000000;26.187500;0.021667;3.030833;99;

144262;-2000.000000;26.187500;0.021667;0.021667;96;

144413;-2000.000000;26.187500;0.021667;3.030833;100;

144558;-2000.000000;26.187500;0.021667;3.030833;97;

144705;-2000.000000;26.187500;0.021667;3.030833;96;

144845;-2000.000000;26.187500;0.021667;3.030833;95;

144974;-2000.000000;26.187500;0.021667;3.030833;95;

145117;-2000.000000;26.187500;0.021667;3.030833;98;

145253;-2000.000000;26.187500;3.030833;3.030833;98;

145397;-2000.000000;26.187500;0.021667;3.030833;99;

145550;-2000.000000;26.187500;0.021667;3.030833;96;

145689;-2000.000000;26.187500;0.021667;3.030833;101;

145825;-2000.000000;26.187500;0.021667;3.030833;99;

145959;-2000.000000;26.187500;0.021667;3.030833;98;

146109;-2000.000000;26.187500;0.021667;3.030833;98;

146252;-2000.000000;26.187500;0.021667;3.030833;99;

146398;-2000.000000;26.187500;0.021667;3.030833;95;

146551;-2000.000000;26.187500;0.021667;3.030833;98;

146681;-2000.000000;26.187500;0.021667;3.030833;98;

146827;-2000.000000;26.187500;0.021667;3.030833;96;

146978;-2000.000000;26.125000;0.021667;3.030833;98;

147125;-2000.000000;26.187500;0.021667;3.030833;98;

147265;-2000.000000;26.187500;3.030833;3.030833;99;

147398;-2000.000000;26.187500;0.021667;3.031250;97;

147545;-2000.000000;26.187500;0.021667;3.030833;99;

147682;-2000.000000;26.187500;0.021667;3.030833;96;

147817;-2000.000000;26.187500;0.021667;3.030833;95;

147953;-2000.000000;26.125000;0.021667;3.030833;97;

148096;-2000.000000;26.187500;0.021667;3.030833;98;

148232;-2000.000000;26.125000;0.021667;3.030833;96;

148375;-2000.000000;26.125000;0.021667;3.030833;100;

148505;-2000.000000;26.187500;0.021667;3.030833;98;

148650;-2000.000000;26.187500;0.021667;3.030833;99;

148792;-2000.000000;26.187500;0.021667;3.030833;97;

148935;-2000.000000;26.187500;0.021667;3.030833;100;

149071;-2000.000000;26.187500;0.021667;3.030833;95;

149209;-2000.000000;26.187500;0.021667;3.030833;95;

149342;-2000.000000;26.187500;0.021667;3.030833;97;

149487;-2000.000000;26.187500;0.021667;3.030833;96;

149632;-2000.000000;26.187500;0.021667;3.030833;98;

149764;-2000.000000;26.187500;3.030833;3.030833;99;

149900;-2000.000000;26.125000;0.021667;3.030833;98;

150046;-2000.000000;26.187500;0.021667;3.030833;97;

150184;-2000.000000;26.187500;0.021667;3.030833;98;

150319;-2000.000000;26.187500;0.021667;3.030833;98;

150463;-2000.000000;26.187500;0.021667;0.021667;100;

150596;-2000.000000;26.125000;0.021667;3.030833;97;

150733;-2000.000000;26.187500;3.030833;3.030833;96;

150862;-2000.000000;26.187500;0.021667;3.030833;97;

150999;-2000.000000;26.125000;0.021667;3.030833;97;

151134;-2000.000000;26.187500;0.021667;3.025417;100;

151278;-2000.000000;26.187500;0.021667;3.025417;97;

151416;-2000.000000;26.125000;0.021667;3.030833;99;

151565;-2000.000000;26.125000;0.021667;3.030833;98;

151704;-2000.000000;26.125000;0.021667;3.030833;98;

151834;-2000.000000;26.125000;0.021667;3.030833;97;

151972;-2000.000000;26.187500;0.021667;3.030833;97;

152116;-2000.000000;26.187500;0.021667;3.030417;97;

152268;-2000.000000;26.187500;0.021667;3.028333;99;

152402;-2000.000000;26.187500;0.021667;3.030000;96;

152548;-2000.000000;26.187500;0.021667;3.028333;96;

152680;-2000.000000;26.187500;0.021667;3.028333;97;

152825;-2000.000000;26.187500;0.021667;3.025417;96;

152966;-2000.000000;26.187500;0.021667;3.025417;98;

153109;-2000.000000;26.187500;0.021667;3.025417;95;

153256;-2000.000000;26.125000;0.021667;3.025417;96;

153402;-2000.000000;26.125000;0.021667;3.025417;98;

153545;-2000.000000;26.125000;0.021667;3.025417;98;

153682;-2000.000000;26.125000;0.021667;3.025417;95;

153822;-2000.000000;26.125000;0.021667;3.025417;97;

153962;-2000.000000;26.125000;0.021667;3.025417;96;

154105;-2000.000000;26.125000;0.021667;3.025417;98;

154245;-2000.000000;26.187500;0.021667;3.025417;96;

154385;-2000.000000;26.187500;0.021667;3.025417;97;

154512;-2000.000000;26.125000;0.021667;3.025417;96;

154655;-2000.000000;26.125000;0.021667;3.025417;99;

154792;-2000.000000;26.125000;0.021667;0.021667;99;

154922;-2000.000000;26.187500;0.021667;3.025833;98;

155063;-2000.000000;26.125000;3.025417;3.025417;93;

155203;-2000.000000;26.125000;0.021667;3.025417;95;

155350;-2000.000000;26.125000;0.021667;3.025417;96;

155495;-2000.000000;26.125000;0.021667;3.025417;96;

155634;-2000.000000;26.125000;0.021667;3.025417;96;

155775;-2000.000000;26.187500;3.025417;3.025417;96;

155914;-2000.000000;26.125000;0.021667;3.025417;99;

156058;-2000.000000;26.125000;0.021667;3.025417;99;

156192;-2000.000000;26.125000;0.021667;0.021667;103;

156330;-2000.000000;26.125000;0.021667;3.025417;98;

156462;-2000.000000;26.125000;0.021667;3.025417;96;

156607;-2000.000000;26.125000;0.021667;3.025000;97;

156752;-2000.000000;26.125000;0.021667;3.025417;95;

156899;-2000.000000;26.125000;0.021667;3.025417;96;

157045;-2000.000000;26.125000;0.021667;3.023334;97;

157168;-2000.000000;26.125000;0.021667;3.024167;96;

157319;-2000.000000;26.125000;0.021667;3.023750;96;

157462;-2000.000000;26.125000;0.021667;3.023334;94;

157606;-2000.000000;26.125000;0.021667;3.020834;97;

157742;-2000.000000;26.125000;0.021667;3.020417;98;

157885;-2000.000000;26.125000;0.021667;3.020834;99;

158026;-2000.000000;26.125000;3.020417;3.020834;99;

158169;-2000.000000;26.187500;0.021667;3.020000;97;

158318;-2000.000000;26.125000;0.021667;3.020834;97;

158465;-2000.000000;26.125000;0.021667;3.020000;100;

158603;-2000.000000;26.125000;0.021667;3.020000;99;

158749;-2000.000000;26.125000;0.021667;3.020000;100;

158883;-2000.000000;26.125000;0.021667;3.020000;97;

159012;-2000.000000;26.125000;0.021667;3.020000;97;

159157;-2000.000000;26.125000;0.021667;0.021667;97;

159306;-2000.000000;26.125000;0.021667;3.020000;96;

159453;-2000.000000;26.125000;0.021667;3.020417;97;

159605;-2000.000000;26.125000;3.020000;3.020417;98;

159747;-2000.000000;26.125000;0.021667;3.020417;99;

159890;-2000.000000;26.125000;0.021667;3.020417;98;

160026;-2000.000000;26.125000;0.021667;3.020417;96;

160176;-2000.000000;26.125000;0.021667;3.020000;98;

160326;-2000.000000;26.125000;0.021667;3.020417;98;

160479;-2000.000000;26.125000;0.021667;3.020000;96;

160628;-2000.000000;26.125000;0.021667;0.021667;96;

160778;-2000.000000;26.125000;0.021667;3.020000;96;

160919;-2000.000000;26.125000;0.021667;3.020000;95;

161056;-2000.000000;26.125000;0.021667;3.020417;97;

161189;-2000.000000;26.125000;0.021667;3.020000;97;

161319;-2000.000000;26.125000;0.021667;3.020000;98;

161455;-2000.000000;26.125000;0.021667;3.020000;95;

161592;-2000.000000;26.125000;0.021667;3.020000;98;

161735;-2000.000000;26.125000;0.021667;3.020000;99;

161875;-2000.000000;26.125000;0.021667;3.020000;97;

162015;-2000.000000;26.125000;3.020000;3.020000;96;

162153;-2000.000000;26.125000;0.021667;3.020417;99;

162295;-2000.000000;26.125000;0.021667;3.020000;97;

162432;-2000.000000;26.125000;0.021667;3.020000;96;

162576;-2000.000000;26.125000;0.021667;3.020000;98;

162712;-2000.000000;26.125000;0.021667;3.020000;99;

162856;-2000.000000;26.125000;0.021667;3.020417;96;

162997;-2000.000000;26.125000;0.021667;3.020417;97;

163145;-2000.000000;26.125000;0.021667;3.020000;98;

163275;-2000.000000;26.125000;0.021667;3.020000;98;

163419;-2000.000000;26.125000;0.021667;3.020000;97;

163552;-2000.000000;26.125000;0.021667;3.020000;97;

163689;-2000.000000;26.125000;0.021667;3.020417;96;

163834;-2000.000000;26.125000;3.020417;3.020417;95;

163981;-2000.000000;26.125000;0.021667;3.020417;100;

164111;-2000.000000;26.125000;0.021667;3.020000;99;

164259;-2000.000000;26.125000;0.021667;3.020000;98;

164392;-2000.000000;26.125000;0.021667;3.020417;99;

164525;-2000.000000;26.125000;0.021667;3.020000;95;

164676;-2000.000000;26.125000;0.021667;3.018750;96;

164822;-2000.000000;26.125000;0.021667;3.020417;97;

164968;-2000.000000;26.125000;0.021667;3.015417;97;

165113;-2000.000000;26.125000;0.021667;3.018750;95;

165253;-2000.000000;26.125000;0.021667;3.015834;98;

165379;-2000.000000;26.125000;0.021667;3.015000;94;

165528;-2000.000000;26.125000;0.021667;3.015000;96;

165676;-2000.000000;26.125000;0.021667;3.015000;98;

165812;-2000.000000;26.125000;0.021667;3.015000;95;

165958;-2000.000000;26.125000;0.021667;3.015000;98;

166102;-2000.000000;26.125000;0.021667;3.015000;99;

166233;-2000.000000;26.125000;0.021667;3.015000;98;

166372;-2000.000000;26.125000;0.021667;3.015000;96;

166515;-2000.000000;26.125000;0.021667;3.015000;96;

166652;-2000.000000;26.125000;0.021667;3.015000;97;

166791;-2000.000000;26.125000;0.021667;3.015000;100;

166919;-2000.000000;26.125000;0.021667;3.015000;98;

167065;-2000.000000;26.125000;0.021667;3.014583;96;

167199;-2000.000000;26.125000;0.021667;3.014583;96;

167338;-2000.000000;26.125000;0.021667;3.015000;96;

167482;-2000.000000;26.125000;0.021667;3.015000;99;

167625;-2000.000000;26.125000;0.021667;3.015000;99;

167762;-2000.000000;26.125000;0.021667;3.015000;97;

167897;-2000.000000;26.125000;0.021667;3.014583;97;

168049;-2000.000000;26.125000;0.021667;3.015000;96;

168185;-2000.000000;26.125000;0.021667;3.015000;96;

168337;-2000.000000;26.125000;0.021667;3.015000;95;

168483;-2000.000000;26.125000;0.021667;3.015000;97;

168627;-2000.000000;26.125000;0.021667;3.015000;96;

168775;-2000.000000;26.125000;0.021667;3.015000;95;

168915;-2000.000000;26.125000;3.015000;3.015000;99;

169057;-2000.000000;26.125000;0.021667;3.015000;98;

169210;-2000.000000;26.125000;0.021667;3.015000;96;

169356;-2000.000000;26.125000;3.015000;3.015000;98;

169500;-2000.000000;26.125000;0.021667;3.015000;97;

169641;-2000.000000;26.125000;0.021667;3.015000;95;

169785;-2000.000000;26.125000;0.021667;3.015000;97;

169913;-2000.000000;26.125000;0.021667;3.015000;96;

170058;-2000.000000;26.125000;0.021667;3.015000;96;

170206;-2000.000000;26.125000;3.015000;3.015000;96;

170337;-2000.000000;26.125000;0.021667;3.015000;97;

170485;-2000.000000;26.125000;0.021667;3.015000;96;

170619;-2000.000000;26.125000;0.021667;3.015000;97;

170768;-2000.000000;26.125000;0.021667;3.015000;95;

170904;-2000.000000;26.125000;0.021667;3.015000;99;

171057;-2000.000000;26.125000;0.021667;3.015000;95;

171192;-2000.000000;26.125000;0.021667;3.015000;98;

171338;-2000.000000;26.125000;0.021667;3.015000;98;

171487;-2000.000000;26.125000;0.021667;3.015000;101;

171625;-2000.000000;26.125000;0.021667;3.015000;97;

171765;-2000.000000;26.125000;0.021667;3.015000;98;

171902;-2000.000000;26.125000;0.021667;3.014583;97;

172048;-2000.000000;26.125000;0.021667;3.014583;99;

172185;-2000.000000;26.125000;0.021667;3.015000;98;

172325;-2000.000000;26.125000;0.021667;3.015000;96;

172466;-2000.000000;26.125000;0.021667;3.015000;97;

172612;-2000.000000;26.125000;0.021667;3.015000;97;

172758;-2000.000000;26.125000;0.021667;3.015000;98;

172892;-2000.000000;26.125000;0.021667;3.015000;98;

173035;-2000.000000;26.125000;0.021667;3.015000;98;

173174;-2000.000000;26.125000;0.021667;3.015000;96;

173315;-2000.000000;26.125000;0.021667;3.015000;97;

173456;-2000.000000;26.125000;0.021667;3.015000;97;

173596;-2000.000000;26.125000;0.021667;3.015000;98;

173734;-2000.000000;26.125000;0.021667;3.015000;95;

173878;-2000.000000;26.125000;0.021667;3.015000;97;

174028;-2000.000000;26.125000;0.021667;3.015000;96;

174162;-2000.000000;26.125000;0.021667;3.015000;96;

174293;-2000.000000;26.125000;0.021667;3.015000;97;

174438;-2000.000000;26.125000;0.021667;3.015000;99;

174586;-2000.000000;26.125000;0.021667;3.015000;101;

174722;-2000.000000;26.125000;0.021667;3.015000;97;

174858;-2000.000000;26.125000;0.021667;3.015000;97;

175002;-2000.000000;26.125000;0.021667;3.014583;96;

175150;-2000.000000;26.125000;0.021667;3.015000;99;

175295;-2000.000000;26.125000;3.014583;3.015000;98;

175433;-2000.000000;26.125000;0.021667;3.010000;97;

175586;-2000.000000;26.125000;3.011250;3.014583;95;

175722;-2000.000000;26.125000;0.021667;3.015000;97;

175859;-2000.000000;26.125000;0.021667;3.015000;98;

176002;-2000.000000;26.125000;0.021667;3.015000;99;

176148;-2000.000000;26.125000;0.021667;3.015000;99;

176298;-2000.000000;26.125000;0.021667;3.015000;98;

176442;-2000.000000;26.125000;0.021667;3.009583;96;

176586;-2000.000000;26.125000;3.009583;3.014583;97;

176723;-2000.000000;26.125000;3.015000;3.015000;99;

176867;-2000.000000;26.125000;0.021667;3.015000;98;

177017;-2000.000000;26.125000;0.021667;3.014167;98;

177159;-2000.000000;26.125000;0.021667;3.015000;97;

177307;-2000.000000;26.125000;0.021667;3.015000;97;

177459;-2000.000000;26.125000;0.021667;3.015000;100;

177602;-2000.000000;26.125000;0.021667;3.013334;99;

177732;-2000.000000;26.125000;0.021667;3.014583;98;

177875;-2000.000000;26.125000;0.021667;3.013750;99;

178016;-2000.000000;26.125000;0.021667;3.014167;99;

178145;-2000.000000;26.125000;0.021667;0.021667;98;

178272;-2000.000000;26.125000;0.021667;3.009583;99;

178411;-2000.000000;26.125000;0.021667;3.010417;97;

178560;-2000.000000;26.125000;0.021667;3.009583;97;

178702;-2000.000000;26.125000;0.021667;3.009583;99;

178835;-2000.000000;26.125000;0.021667;3.009583;94;

178972;-2000.000000;26.125000;0.021667;3.010000;98;

179115;-2000.000000;26.125000;0.021667;3.009167;97;

179258;-2000.000000;26.125000;0.021667;3.009583;100;

179395;-2000.000000;26.125000;0.021667;3.009583;99;

179545;-2000.000000;26.125000;0.021667;3.009583;96;

179685;-2000.000000;26.125000;0.021667;3.009583;97;

179820;-2000.000000;26.125000;0.021667;3.009583;97;

179969;-2000.000000;26.125000;0.021667;3.009583;97;

180115;-2000.000000;26.125000;0.021667;3.009583;100;

180243;-2000.000000;26.125000;0.021667;3.009583;96;

180389;-2000.000000;26.125000;0.021667;3.009583;98;

180522;-2000.000000;26.125000;0.021667;3.009167;96;

180653;-2000.000000;26.125000;3.009583;3.009583;100;

180790;-2000.000000;26.125000;0.021667;3.009583;95;

180934;-2000.000000;26.125000;0.021667;3.009583;97;

181077;-2000.000000;26.125000;0.021667;3.009583;95;

181212;-2000.000000;26.125000;0.021667;3.009583;99;

181341;-2000.000000;26.125000;0.021667;3.009583;96;

181472;-2000.000000;26.125000;0.021667;3.009583;99;

181613;-2000.000000;26.125000;0.021667;3.009583;98;

181760;-2000.000000;26.125000;0.021667;3.009583;97;

181894;-2000.000000;26.125000;0.021667;3.009583;97;

182035;-2000.000000;26.125000;0.021667;3.009583;97;

182188;-2000.000000;26.125000;0.021667;3.009583;97;

182319;-2000.000000;26.125000;0.021667;3.009583;96;

182451;-2000.000000;26.125000;0.021667;3.009583;96;

182582;-2000.000000;26.125000;0.021667;3.009583;98;

182713;-2000.000000;26.125000;0.021667;3.009583;97;

182856;-2000.000000;26.125000;0.021667;3.009583;96;

182993;-2000.000000;26.125000;3.009583;3.009583;98;

183137;-2000.000000;26.125000;0.021667;3.009583;97;

183282;-2000.000000;26.125000;0.021667;3.009583;97;

183425;-2000.000000;26.062500;0.021667;3.009583;98;

183566;-2000.000000;26.125000;0.021667;3.009583;98;

183712;-2000.000000;26.125000;0.021667;3.009583;97;

183858;-2000.000000;26.125000;0.021667;3.009583;97;

184008;-2000.000000;26.125000;0.021667;3.009583;95;

184143;-2000.000000;26.125000;0.021667;3.009583;95;

184285;-2000.000000;26.125000;0.021667;3.009583;98;

184424;-2000.000000;26.125000;0.021667;3.009583;96;

184568;-2000.000000;26.125000;0.021667;3.009583;100;

184715;-2000.000000;26.125000;0.021667;3.009167;98;

184855;-2000.000000;26.125000;0.021667;3.008750;96;

184995;-2000.000000;26.125000;3.007917;3.009167;99;

185134;-2000.000000;26.125000;0.021667;3.008750;97;

185273;-2000.000000;26.125000;0.021667;3.008333;97;

185409;-2000.000000;26.125000;0.021667;3.004167;97;

185542;-2000.000000;26.125000;0.021667;3.005000;97;

185672;-2000.000000;26.125000;0.021667;3.006667;95;

185818;-2000.000000;26.125000;0.021667;3.004167;99;

185955;-2000.000000;26.062500;0.021667;3.004167;98;

186096;-2000.000000;26.062500;0.021667;3.004167;98;

186223;-2000.000000;26.125000;0.021667;3.004167;97;

186364;-2000.000000;26.125000;0.021667;3.004167;98;

186492;-2000.000000;26.125000;0.021667;3.004167;96;

186619;-2000.000000;26.062500;0.021667;3.004167;95;

186759;-2000.000000;26.125000;0.021667;3.004167;95;

186903;-2000.000000;26.125000;0.021667;3.004167;98;

187048;-2000.000000;26.125000;0.021667;3.004167;96;

187197;-2000.000000;26.125000;0.021667;3.004167;96;

187339;-2000.000000;26.125000;0.021667;3.004167;98;

187486;-2000.000000;26.062500;0.021667;3.004167;98;

187637;-2000.000000;26.125000;0.021667;3.004167;97;

187784;-2000.000000;26.125000;0.021667;3.004167;98;

187923;-2000.000000;26.125000;0.021667;3.004167;98;

188065;-2000.000000;26.125000;0.021667;3.004167;97;

188203;-2000.000000;26.125000;0.021667;0.021667;97;

188348;-2000.000000;26.125000;0.021667;3.004167;96;

188481;-2000.000000;26.125000;0.021667;3.004167;99;

188625;-2000.000000;26.125000;0.021667;3.004167;97;

188762;-2000.000000;26.125000;0.021667;3.004167;98;

188905;-2000.000000;26.125000;0.021667;3.004167;99;

189040;-2000.000000;26.062500;0.021667;3.004583;98;

189188;-2000.000000;26.125000;0.021667;3.004167;100;

189335;-2000.000000;26.125000;0.021667;3.004167;96;

189476;-2000.000000;26.062500;0.021667;3.004167;95;

189615;-2000.000000;26.125000;0.021667;3.004167;98;

189752;-2000.000000;26.125000;0.021667;3.004167;96;

189882;-2000.000000;26.062500;0.021667;3.004167;97;

190028;-2000.000000;26.125000;0.021667;3.004583;98;

190178;-2000.000000;26.125000;0.021667;3.004167;98;

190322;-2000.000000;26.125000;0.021667;3.004167;94;

190455;-2000.000000;26.125000;0.021667;3.004167;100;

190593;-2000.000000;26.125000;0.021667;3.004167;98;

190737;-2000.000000;26.125000;0.021667;0.021667;98;

190874;-2000.000000;26.125000;0.021667;3.004167;97;

191015;-2000.000000;26.125000;3.004167;3.004167;96;

191144;-2000.000000;26.125000;0.021667;3.004167;98;

191288;-2000.000000;26.062500;0.021667;3.004167;98;

191434;-2000.000000;26.062500;0.021667;3.004167;98;

191581;-2000.000000;26.125000;0.021667;3.004167;100;

191712;-2000.000000;26.062500;0.021667;3.004167;100;

191863;-2000.000000;26.125000;0.021667;3.004167;97;

192007;-2000.000000;26.125000;0.021667;3.004167;98;

192152;-2000.000000;26.125000;0.021667;3.004167;98;

192293;-2000.000000;26.062500;0.022083;3.004583;98;

192435;-2000.000000;26.062500;0.021667;3.003750;100;

192565;-2000.000000;26.125000;0.021667;3.004167;97;

192692;-2000.000000;26.125000;0.021667;3.004167;96;

192838;-2000.000000;26.125000;0.021667;3.002500;96;

192973;-2000.000000;26.062500;0.021667;3.004167;98;

193115;-2000.000000;26.125000;0.021667;3.003333;98;

193242;-2000.000000;26.062500;0.021667;3.003333;98;

193389;-2000.000000;26.125000;0.021667;3.000417;97;

193538;-2000.000000;26.062500;0.021667;2.999167;99;

193687;-2000.000000;26.062500;0.021667;2.998750;97;

193836;-2000.000000;26.062500;0.021667;2.999167;96;

193976;-2000.000000;26.062500;2.998750;2.999167;97;

194115;-2000.000000;26.125000;0.021667;2.998750;99;

194252;-2000.000000;26.062500;0.021667;2.998750;96;

194395;-2000.000000;26.062500;0.021667;2.998750;95;

194541;-2000.000000;26.062500;0.021667;2.998750;95;

194689;-2000.000000;26.062500;0.021667;2.998750;98;

194825;-2000.000000;26.125000;0.021667;2.998750;96;

194962;-2000.000000;26.125000;0.021667;2.998750;97;

195105;-2000.000000;26.125000;0.021667;2.998750;97;

195245;-2000.000000;26.062500;0.021667;2.999167;98;

195387;-2000.000000;26.062500;0.021667;2.998750;100;

195538;-2000.000000;26.062500;0.021667;2.999167;97;

195683;-2000.000000;26.125000;0.021667;2.999167;97;

195826;-2000.000000;26.062500;0.021667;2.999167;98;

195963;-2000.000000;26.062500;0.021667;2.998750;96;

196105;-2000.000000;26.062500;0.021667;2.998750;98;

196244;-2000.000000;26.062500;2.999167;2.999167;96;

196387;-2000.000000;26.062500;0.021667;2.999167;99;

196537;-2000.000000;26.062500;0.021667;2.998750;99;

196683;-2000.000000;26.062500;0.021667;2.998750;97;

196816;-2000.000000;26.125000;2.998750;2.998750;97;

196942;-2000.000000;26.062500;0.021667;2.998750;96;

197080;-2000.000000;26.062500;0.021667;2.998750;97;

197217;-2000.000000;26.125000;0.021667;2.999167;99;

197352;-2000.000000;26.062500;0.021667;2.998750;99;

197497;-2000.000000;26.062500;0.021667;2.999167;98;

197642;-2000.000000;26.062500;0.021667;2.998750;100;

197785;-2000.000000;26.062500;0.021667;2.998750;95;

197937;-2000.000000;26.062500;0.021667;2.998750;98;

198072;-2000.000000;26.125000;0.021667;2.998750;98;

198204;-2000.000000;26.062500;0.021667;2.998750;96;

198333;-2000.000000;26.062500;0.021667;2.998750;97;

198464;-2000.000000;26.125000;0.021667;2.999167;97;

198592;-2000.000000;26.062500;0.021667;2.998750;94;

198723;-2000.000000;26.125000;0.021667;2.999167;99;

198865;-2000.000000;26.125000;0.021667;2.998750;97;

199002;-2000.000000;26.125000;0.021667;2.998750;98;

199132;-2000.000000;26.125000;0.021667;2.999167;98;

199275;-2000.000000;26.062500;0.021667;2.998750;97;

199412;-2000.000000;26.062500;0.021667;2.998750;99;

199555;-2000.000000;26.062500;0.021667;2.999167;99;

199693;-2000.000000;26.062500;0.021667;2.998750;97;

199827;-2000.000000;26.062500;0.021667;2.999167;98;

199975;-2000.000000;26.062500;0.021667;2.999167;97;

200125;-2000.000000;26.062500;0.021667;2.998750;98;

200251;-2000.000000;26.062500;0.021667;2.998750;100;

200383;-2000.000000;26.062500;0.021667;2.998750;94;

200531;-2000.000000;26.062500;0.021667;2.999167;99;

200676;-2000.000000;26.125000;2.997917;2.997083;99;

200813;-2000.000000;26.062500;0.021667;2.998750;97;

200957;-2000.000000;26.125000;0.021667;2.998750;99;

201103;-2000.000000;26.062500;0.021667;2.998750;98;

201246;-2000.000000;26.062500;0.021667;2.999167;98;

201379;-2000.000000;26.125000;0.021667;2.999167;98;

201530;-2000.000000;26.062500;0.021667;2.999167;99;

201663;-2000.000000;26.062500;0.021667;2.998750;98;

201791;-2000.000000;26.062500;0.021667;2.998750;98;

201935;-2000.000000;26.062500;0.021667;2.999167;97;

202086;-2000.000000;26.062500;2.998750;2.998750;99;

202229;-2000.000000;26.062500;0.021667;2.998750;95;

202363;-2000.000000;26.062500;0.021667;2.998750;97;

202503;-2000.000000;26.125000;0.021667;2.998750;95;

202632;-2000.000000;26.062500;0.021667;2.999167;97;

202772;-2000.000000;26.062500;0.021667;2.998750;99;

202915;-2000.000000;26.062500;0.021667;2.998750;100;

203059;-2000.000000;26.062500;0.021667;2.998334;98;

203203;-2000.000000;26.062500;0.021667;2.998750;96;

203351;-2000.000000;26.062500;0.021667;2.997500;98;

203495;-2000.000000;26.125000;0.021667;2.997083;97;

203632;-2000.000000;26.062500;0.021667;2.995834;97;

203775;-2000.000000;26.062500;0.021667;2.995000;96;

203912;-2000.000000;26.062500;0.021667;2.993750;96;

204052;-2000.000000;26.125000;0.021667;2.993750;96;

204200;-2000.000000;26.125000;0.021667;2.993750;98;

204335;-2000.000000;26.062500;0.021667;2.993750;98;

204472;-2000.000000;26.062500;0.021667;2.993750;96;

204615;-2000.000000;26.062500;0.021667;2.993750;98;

204752;-2000.000000;26.062500;0.021667;2.993750;99;

204897;-2000.000000;26.062500;0.021667;2.993750;97;

205032;-2000.000000;26.062500;0.021667;2.993750;98;

205171;-2000.000000;26.062500;0.021667;2.993750;98;

205304;-2000.000000;26.062500;2.993750;2.993750;99;

205444;-2000.000000;26.062500;0.021667;2.993750;96;

205583;-2000.000000;26.062500;0.021667;2.993750;98;

205724;-2000.000000;26.062500;0.021667;2.993750;95;

205867;-2000.000000;26.062500;0.021667;2.993750;97;

206016;-2000.000000;26.062500;2.993750;2.993750;96;

206152;-2000.000000;26.062500;0.021667;2.993750;99;

206285;-2000.000000;26.062500;0.021667;2.993334;100;

206413;-2000.000000;26.062500;2.993750;2.993750;97;

206556;-2000.000000;26.062500;0.021667;2.993750;97;

206693;-2000.000000;26.062500;2.993334;2.993334;96;

206822;-2000.000000;26.062500;0.021667;2.993750;96;

206965;-2000.000000;26.062500;0.021667;2.993750;98;

207102;-2000.000000;26.062500;0.021667;2.993334;97;

207245;-2000.000000;26.062500;0.021667;2.993750;99;

207396;-2000.000000;26.062500;0.021667;2.993750;98;

207543;-2000.000000;26.062500;0.021667;2.993750;98;

207675;-2000.000000;26.062500;0.021667;2.993334;98;

207806;-2000.000000;26.062500;0.021667;2.993750;97;

207942;-2000.000000;26.062500;0.021667;2.993750;98;

208088;-2000.000000;26.062500;0.021667;2.992917;99;

208236;-2000.000000;26.062500;0.021667;2.992917;96;

208375;-2000.000000;26.062500;2.990834;2.991250;96;

208515;-2000.000000;26.062500;0.021667;2.990834;97;

208654;-2000.000000;26.062500;0.021667;2.989167;98;

208795;-2000.000000;26.062500;0.021667;2.989167;96;

208933;-2000.000000;26.062500;0.021667;2.988333;98;

209065;-2000.000000;26.062500;2.988333;2.988333;97;

209196;-2000.000000;26.062500;0.021667;2.988333;96;

209332;-2000.000000;26.062500;0.021667;2.989583;96;

209475;-2000.000000;26.062500;0.021667;2.988333;100;

209613;-2000.000000;26.062500;0.021667;2.988333;98;

209758;-2000.000000;26.062500;0.021667;2.988333;97;

209896;-2000.000000;26.062500;0.021667;2.988333;97;

210033;-2000.000000;26.062500;0.021667;2.988333;95;

210176;-2000.000000;26.062500;0.021667;2.988333;99;

210322;-2000.000000;26.062500;0.021667;0.021667;99;

210468;-2000.000000;26.062500;0.021667;2.988333;98;

210618;-2000.000000;26.062500;0.021667;2.988333;99;

210752;-2000.000000;26.062500;0.021667;2.987917;100;

210885;-2000.000000;26.062500;2.988333;2.987917;97;

211029;-2000.000000;26.062500;0.021667;2.988333;100;

211176;-2000.000000;26.062500;0.021667;2.988333;94;

211322;-2000.000000;26.062500;0.021667;2.987917;97;

211468;-2000.000000;26.062500;0.021667;2.988333;98;

211605;-2000.000000;26.062500;0.021667;2.987917;97;

211744;-2000.000000;26.062500;2.988333;2.988333;97;

211873;-2000.000000;26.062500;0.021667;2.987917;99;

212008;-2000.000000;26.062500;0.021667;2.987917;97;

212153;-2000.000000;26.062500;0.021667;2.988333;95;

212301;-2000.000000;26.062500;0.021667;2.988333;98;

212433;-2000.000000;26.062500;0.021667;2.988333;98;

212574;-2000.000000;26.062500;0.021667;0.021667;97;

212714;-2000.000000;26.062500;2.988333;2.988333;98;

212855;-2000.000000;26.062500;2.988333;2.988333;95;

212995;-2000.000000;26.062500;2.988333;2.988333;100;

213138;-2000.000000;26.062500;0.021667;2.988333;97;

213289;-2000.000000;26.062500;0.021667;2.987917;99;

213423;-2000.000000;26.062500;0.021667;2.988333;96;

213572;-2000.000000;26.062500;0.021667;2.988333;98;

213717;-2000.000000;26.062500;0.021667;2.988333;98;

213860;-2000.000000;26.062500;0.021667;2.988333;97;

213995;-2000.000000;26.062500;0.021667;2.988333;97;

214133;-2000.000000;26.062500;0.021667;2.988333;101;

214276;-2000.000000;26.062500;0.021667;2.988333;100;

214414;-2000.000000;26.062500;0.021667;2.988333;97;

214562;-2000.000000;26.062500;0.021667;2.988333;98;

214703;-2000.000000;26.062500;0.021667;2.988333;97;

214845;-2000.000000;26.062500;0.021667;2.988333;99;

214985;-2000.000000;26.062500;0.021667;2.988333;96;

215122;-2000.000000;26.062500;0.021667;2.988333;97;

215270;-2000.000000;26.062500;0.021667;2.988333;100;

215415;-2000.000000;26.062500;0.021667;2.988333;99;

215559;-2000.000000;26.062500;0.021667;2.988333;97;

215702;-2000.000000;26.062500;0.021667;2.987500;98;

215853;-2000.000000;26.062500;0.021667;2.986250;97;

215985;-2000.000000;26.062500;0.021667;2.988333;99;

216109;-2000.000000;26.062500;0.021667;2.986250;98;

216255;-2000.000000;26.062500;2.983750;2.982917;97;

216397;-2000.000000;26.062500;0.021667;2.983334;99;

216554;-2000.000000;26.062500;0.021667;2.982917;95;

216694;-2000.000000;26.062500;0.021667;2.982917;97;

216844;-2000.000000;26.062500;0.021667;2.984167;97;

216974;-2000.000000;26.062500;2.982917;2.982917;98;

217117;-2000.000000;26.062500;0.021667;2.982917;99;

217252;-2000.000000;26.062500;0.021667;2.982917;97;

217387;-2000.000000;26.062500;0.021667;2.982917;98;

217532;-2000.000000;26.062500;0.021667;2.982917;95;

217681;-2000.000000;26.062500;0.021667;2.982917;95;

217827;-2000.000000;26.062500;0.021667;2.982917;98;

217978;-2000.000000;26.062500;0.021667;2.982917;98;

218123;-2000.000000;26.062500;2.982917;2.982917;97;

218268;-2000.000000;26.062500;0.021667;2.982917;97;

218416;-2000.000000;26.062500;0.021667;2.982917;95;

218554;-2000.000000;26.062500;0.021667;2.982917;96;

218695;-2000.000000;26.062500;0.021667;2.982917;97;

218823;-2000.000000;26.062500;0.021667;2.982917;101;

218952;-2000.000000;26.062500;0.021667;2.982917;98;

219083;-2000.000000;26.062500;0.021667;2.982917;99;

219209;-2000.000000;26.062500;0.021667;2.982917;97;

219342;-2000.000000;26.062500;0.021667;2.982917;97;

219488;-2000.000000;26.062500;0.021667;2.982917;99;

219632;-2000.000000;26.062500;0.021667;2.982917;98;

219776;-2000.000000;26.062500;0.021667;2.982917;97;

219928;-2000.000000;26.062500;0.021667;2.982917;100;

220063;-2000.000000;26.062500;0.021667;2.982917;97;

220198;-2000.000000;26.062500;0.021667;2.982917;97;

220342;-2000.000000;26.062500;0.022083;2.982917;97;

220485;-2000.000000;26.062500;0.021667;2.982917;96;

220623;-2000.000000;26.062500;0.021667;2.982917;100;

220765;-2000.000000;26.062500;2.982917;2.982917;99;

220904;-2000.000000;26.062500;2.982917;2.982917;98;

221036;-2000.000000;26.062500;0.021667;2.982917;99;

221182;-2000.000000;26.062500;0.022083;2.982917;98;

221326;-2000.000000;26.062500;0.021667;2.982917;98;

221472;-2000.000000;26.062500;0.021667;2.982917;97;

221615;-2000.000000;26.062500;0.021667;2.982917;96;

221743;-2000.000000;26.062500;0.021667;2.982917;96;

221887;-2000.000000;26.062500;0.021667;2.982917;97;

222039;-2000.000000;26.062500;0.021667;2.982917;98;

222173;-2000.000000;26.062500;0.021667;2.982917;97;

222302;-2000.000000;26.062500;2.982917;2.982917;99;

222443;-2000.000000;26.062500;0.021667;2.982917;99;

222582;-2000.000000;26.062500;0.021667;2.982917;98;

222729;-2000.000000;26.062500;0.021667;2.982917;99;

222868;-2000.000000;26.062500;0.021667;2.982917;97;

223006;-2000.000000;26.062500;0.021667;2.982917;99;

223145;-2000.000000;26.062500;0.021667;2.980833;98;

223283;-2000.000000;26.062500;0.021667;2.982917;97;

223427;-2000.000000;26.062500;0.021667;2.979584;97;

223569;-2000.000000;26.062500;0.021667;2.977500;98;

223720;-2000.000000;26.062500;0.021667;2.980417;98;

223867;-2000.000000;26.062500;0.021667;2.982500;99;

224012;-2000.000000;26.062500;0.021667;2.978750;97;

224157;-2000.000000;26.062500;0.021667;2.978750;99;

224309;-2000.000000;26.062500;0.021667;2.977500;98;

224443;-2000.000000;26.062500;0.021667;2.977500;99;

224590;-2000.000000;26.062500;0.021667;2.977500;98;

224723;-2000.000000;26.062500;0.021667;2.977500;96;

224867;-2000.000000;26.062500;0.021667;2.977917;96;

225017;-2000.000000;26.062500;0.021667;2.977500;98;

225150;-2000.000000;26.062500;0.021667;2.977500;98;

225295;-2000.000000;26.062500;0.021667;2.977500;97;

225418;-2000.000000;26.062500;0.021667;2.977500;96;

225556;-2000.000000;26.062500;0.021667;2.977500;96;

225695;-2000.000000;26.062500;0.021667;2.977500;97;

225834;-2000.000000;26.062500;0.021667;2.977500;97;

225975;-2000.000000;26.062500;0.021667;2.977500;98;

226115;-2000.000000;26.062500;0.021667;2.977500;99;

226248;-2000.000000;26.062500;0.021667;2.977500;97;

226393;-2000.000000;26.062500;0.021667;2.977500;99;

226536;-2000.000000;26.062500;0.021667;2.977500;98;

226685;-2000.000000;26.062500;0.021667;2.977500;98;

226823;-2000.000000;26.062500;2.977500;2.977500;97;

226963;-2000.000000;26.062500;0.021667;2.977500;98;

227099;-2000.000000;26.062500;0.021667;2.977500;98;

227247;-2000.000000;26.062500;0.021667;2.977500;97;

227380;-2000.000000;26.062500;0.021667;2.977500;96;

227525;-2000.000000;26.062500;2.977500;2.977917;98;

227665;-2000.000000;26.062500;0.021667;2.977500;96;

227809;-2000.000000;26.062500;0.021667;2.977917;99;

227943;-2000.000000;26.062500;0.021667;2.977917;96;

228087;-2000.000000;26.062500;0.021667;2.977500;100;

228241;-2000.000000;26.062500;0.021667;2.977500;97;

228382;-2000.000000;26.062500;0.021667;2.977500;97;

228516;-2000.000000;26.062500;0.021667;2.977500;97;

228652;-2000.000000;26.062500;0.021667;2.977500;95;

228783;-2000.000000;26.062500;0.021667;2.977500;98;

228925;-2000.000000;26.062500;2.977500;2.977500;95;

229052;-2000.000000;26.062500;0.021667;2.977500;96;

229196;-2000.000000;26.062500;0.021667;2.977500;97;

229334;-2000.000000;26.062500;0.021667;2.977500;98;

229475;-2000.000000;26.062500;0.021667;2.977500;98;

229613;-2000.000000;26.062500;0.021667;2.977500;96;

229765;-2000.000000;26.062500;0.021667;2.977500;99;

229908;-2000.000000;26.062500;0.021667;2.977500;99;

230055;-2000.000000;26.062500;0.021667;2.977500;98;

230195;-2000.000000;26.062500;0.021667;2.977500;96;

230339;-2000.000000;26.062500;0.021667;2.977500;98;

230485;-2000.000000;26.062500;0.021667;2.977500;97;

230612;-2000.000000;26.062500;2.977500;2.977500;94;

230756;-2000.000000;26.062500;0.021667;2.977500;99;

230907;-2000.000000;26.062500;0.021667;2.977500;96;

231042;-2000.000000;26.062500;2.977500;2.977500;96;

231187;-2000.000000;26.062500;0.021667;2.977500;97;

231332;-2000.000000;26.062500;0.021667;2.977500;97;

231479;-2000.000000;26.062500;0.021667;2.977500;96;

231626;-2000.000000;26.062500;0.021667;2.977500;98;

231763;-2000.000000;26.062500;0.021667;2.974167;95;

231908;-2000.000000;26.062500;0.021667;2.972917;95;

232057;-2000.000000;26.062500;0.021667;2.977500;95;

232191;-2000.000000;26.062500;2.977500;2.977500;98;

232336;-2000.000000;26.062500;0.021667;2.977500;97;

232473;-2000.000000;26.062500;0.021667;2.977500;96;

232615;-2000.000000;26.062500;0.021667;2.977500;97;

232752;-2000.000000;26.062500;0.021667;2.977500;99;

232901;-2000.000000;26.062500;0.021667;2.977500;95;

233043;-2000.000000;26.062500;2.977500;2.977500;96;

233188;-2000.000000;26.062500;0.021667;2.977500;97;

233335;-2000.000000;26.062500;0.021667;2.977083;96;

233474;-2000.000000;26.062500;0.021667;2.977500;99;

233608;-2000.000000;26.062500;0.021667;2.977500;95;

233753;-2000.000000;26.062500;0.021667;2.975833;98;

233901;-2000.000000;26.062500;0.021667;2.974584;96;

234030;-2000.000000;26.062500;0.021667;2.975000;97;

234183;-2000.000000;26.062500;0.021667;2.976667;99;

234329;-2000.000000;26.062500;0.021667;2.972500;98;

234473;-2000.000000;26.000000;0.021667;2.972083;97;

234611;-2000.000000;26.062500;0.021667;2.973333;96;

234743;-2000.000000;26.062500;0.021667;2.972083;95;

234884;-2000.000000;26.062500;0.021667;0.021667;99;

