Time;Load cell reading [N];Temperature [C];Pressure sensor 1 [bar];Pressure sensor 2 [bar];Distance [mm];

257848;-2000.000000;21.375000;0.060000;3.701250;103;

258002;-2000.000000;21.312500;0.047500;3.701667;102;

258146;-2000.000000;21.312500;0.048333;3.700417;104;

258283;-2000.000000;21.312500;0.046250;3.701250;103;

258426;-2000.000000;21.375000;0.047083;3.700833;102;

258564;-2000.000000;21.312500;0.021250;3.700417;104;

258706;-2000.000000;21.312500;0.021250;3.700417;105;

258843;-2000.000000;21.375000;0.021250;3.700417;103;

258986;-2000.000000;21.312500;0.021250;3.700417;104;

259123;-2000.000000;21.312500;0.021667;3.700417;102;

259266;-2000.000000;21.375000;0.021667;3.700417;105;

259403;-2000.000000;21.312500;0.021250;3.700417;105;

259546;-2000.000000;21.312500;0.021667;3.700417;102;

259684;-2000.000000;21.312500;0.021667;3.700417;102;

259826;-2000.000000;21.375000;0.021667;3.700417;106;

259963;-2000.000000;21.375000;0.021250;3.700417;105;

260106;-2000.000000;21.375000;0.021667;3.700417;103;

260246;-2000.000000;21.375000;0.021667;3.700417;106;

260392;-2000.000000;21.312500;3.700417;3.700417;103;

260551;-2000.000000;21.375000;0.021667;3.700417;102;

260702;-2000.000000;21.375000;0.021250;3.700417;104;

260846;-2000.000000;21.375000;0.021667;3.700417;103;

260983;-2000.000000;21.375000;0.021250;3.700417;104;

261126;-2000.000000;21.375000;0.021667;3.700417;106;

261263;-2000.000000;21.375000;0.021667;3.700417;107;

261406;-2000.000000;21.375000;0.021667;3.700417;102;

261557;-2000.000000;21.375000;0.021667;3.700417;104;

261706;-2000.000000;21.375000;0.021667;3.700417;100;

261846;-2000.000000;21.375000;0.021667;3.700417;105;

261984;-2000.000000;21.375000;0.021667;3.700417;102;

262126;-2000.000000;21.375000;0.021250;3.700417;106;

262263;-2000.000000;21.375000;0.021667;3.700417;103;

262408;-2000.000000;21.375000;0.021667;3.700000;104;

262556;-2000.000000;21.375000;0.021667;3.700417;104;

262694;-2000.000000;21.375000;0.021667;3.695834;102;

262841;-2000.000000;21.375000;0.021250;3.695417;103;

263015;-2000.000000;21.375000;3.695417;3.695000;103;

263165;-2000.000000;21.375000;0.021667;3.695000;102;

263304;-2000.000000;21.375000;0.021667;3.695417;104;

263446;-2000.000000;21.375000;0.021667;3.695000;106;

263586;-2000.000000;21.375000;0.021667;3.695417;103;

263723;-2000.000000;21.375000;0.021667;3.695000;104;

263866;-2000.000000;21.375000;0.021667;3.695417;103;

264004;-2000.000000;21.375000;0.021250;3.695000;106;

264146;-2000.000000;21.375000;0.021667;3.695000;104;

264284;-2000.000000;21.375000;0.021250;3.695000;102;

264426;-2000.000000;21.375000;0.021667;3.695000;103;

264564;-2000.000000;21.375000;0.021250;3.695000;104;

264706;-2000.000000;21.375000;0.021667;3.695417;103;

264844;-2000.000000;21.437500;0.021667;3.695000;106;

264986;-2000.000000;21.375000;0.021667;3.695417;104;

265124;-2000.000000;21.375000;0.021250;3.695000;104;

265281;-2000.000000;21.437500;0.021250;3.695000;104;

265440;-2000.000000;21.375000;0.021667;3.695000;104;

265586;-2000.000000;21.437500;0.021667;3.695000;104;

265724;-2000.000000;21.437500;0.021667;3.695000;103;

265866;-2000.000000;21.375000;0.021250;3.695000;102;

266004;-2000.000000;21.375000;0.021667;3.695000;106;

266146;-2000.000000;21.437500;0.021667;3.695417;105;

266285;-2000.000000;21.437500;0.021667;3.695000;104;

266426;-2000.000000;21.437500;0.021667;3.695000;103;

266572;-2000.000000;21.437500;0.021667;3.695000;103;

266714;-2000.000000;21.437500;0.021667;3.695000;106;

266856;-2000.000000;21.437500;0.021667;3.695000;105;

266994;-2000.000000;21.437500;0.021667;3.695000;104;

267136;-2000.000000;21.437500;0.021250;3.695417;102;

267275;-2000.000000;21.437500;0.021667;3.690000;104;

267416;-2000.000000;21.437500;0.021667;3.690000;103;

267554;-2000.000000;21.437500;0.021667;3.695417;104;

267713;-2000.000000;21.437500;0.021250;3.695000;105;

267870;-2000.000000;21.437500;0.021667;3.694584;105;

268016;-2000.000000;21.437500;0.021250;3.695417;107;

268158;-2000.000000;21.437500;0.021667;3.695417;103;

268304;-2000.000000;21.437500;0.021667;3.693333;103;

268446;-2000.000000;21.437500;0.021250;3.690417;103;

268580;-2000.000000;21.437500;0.021667;3.690000;104;

268726;-2000.000000;21.437500;0.021667;3.689584;104;

268864;-2000.000000;21.437500;0.021250;3.690000;104;

269007;-2000.000000;21.437500;0.021667;3.689584;104;

269156;-2000.000000;21.437500;0.021250;3.690000;104;

269294;-2000.000000;21.437500;0.021667;3.690000;103;

269436;-2000.000000;21.500000;0.021667;3.690000;103;

269574;-2000.000000;21.437500;0.021250;3.690000;105;

269716;-2000.000000;21.437500;0.021250;3.690000;105;

269854;-2000.000000;21.437500;0.021667;3.690000;105;

270011;-2000.000000;21.437500;0.021667;3.690000;104;

270170;-2000.000000;21.437500;0.021667;3.690000;103;

270332;-2000.000000;21.437500;0.021667;3.690000;104;

270477;-2000.000000;21.437500;0.021667;3.689584;103;

270614;-2000.000000;21.500000;0.021667;3.690000;102;

270756;-2000.000000;21.437500;0.021667;3.690000;103;

270895;-2000.000000;21.437500;0.021667;3.690000;104;

271036;-2000.000000;21.437500;0.021667;3.689584;104;

271174;-2000.000000;21.500000;0.021667;3.690000;106;

271316;-2000.000000;21.437500;0.021667;3.690000;103;

271456;-2000.000000;21.500000;0.021250;3.690000;104;

271592;-2000.000000;21.500000;0.021667;3.690000;103;

271736;-2000.000000;21.500000;0.021250;3.689584;103;

271875;-2000.000000;21.500000;0.021667;3.689584;104;

272016;-2000.000000;21.500000;0.021667;3.689584;104;

272154;-2000.000000;21.500000;0.021250;3.689584;104;

272298;-2000.000000;21.500000;0.021667;3.690000;103;

272455;-2000.000000;21.500000;0.021250;3.690000;102;

272609;-2000.000000;21.500000;0.021250;3.690000;103;

272770;-2000.000000;21.500000;0.021250;3.690000;106;

272916;-2000.000000;21.500000;0.021667;3.690000;104;

273058;-2000.000000;21.500000;0.021667;3.690000;104;

273206;-2000.000000;21.500000;0.021667;3.690000;103;

273343;-2000.000000;21.500000;0.021250;3.689167;105;

273488;-2000.000000;21.500000;0.021667;3.689167;102;

273634;-2000.000000;21.500000;0.021250;3.686667;106;

273776;-2000.000000;21.500000;0.021250;3.688334;102;

273914;-2000.000000;21.500000;0.021667;3.687083;105;

274056;-2000.000000;21.500000;0.021667;3.685000;104;

274194;-2000.000000;21.500000;0.021667;3.684584;105;

274336;-2000.000000;21.500000;0.021250;3.684584;103;

274477;-2000.000000;21.500000;0.021250;3.684584;104;

274615;-2000.000000;21.500000;0.021667;3.684584;104;

274756;-2000.000000;21.500000;0.021250;3.684584;104;

274902;-2000.000000;21.500000;0.021250;3.684584;106;

275060;-2000.000000;21.500000;0.021250;3.684584;107;

275222;-2000.000000;21.562500;0.021667;3.684584;106;

275366;-2000.000000;21.562500;0.021250;3.684584;106;

275504;-2000.000000;21.500000;0.021667;3.684584;106;

275647;-2000.000000;21.500000;0.021667;3.684584;107;

275784;-2000.000000;21.500000;0.021667;3.684584;103;

275928;-2000.000000;21.562500;0.021667;3.684584;103;

276076;-2000.000000;21.562500;0.021250;3.684584;103;

276214;-2000.000000;21.562500;0.021667;3.684584;105;

276356;-2000.000000;21.562500;0.021667;3.684584;104;

276494;-2000.000000;21.562500;0.021250;3.684584;105;

276636;-2000.000000;21.562500;0.021250;3.684584;104;

276774;-2000.000000;21.562500;0.021667;3.684584;103;

276916;-2000.000000;21.562500;0.021250;3.684584;105;

277054;-2000.000000;21.562500;0.021667;3.684584;103;

277196;-2000.000000;21.562500;0.021667;3.684584;105;

277361;-2000.000000;21.562500;0.021667;3.684584;102;

277520;-2000.000000;21.562500;0.021667;3.684167;102;

277669;-2000.000000;21.562500;0.021667;3.684584;105;

277816;-2000.000000;21.562500;0.021667;3.684584;106;

277954;-2000.000000;21.562500;0.021667;3.684584;103;

278096;-2000.000000;21.562500;0.021667;3.684584;106;

278234;-2000.000000;21.562500;0.021667;3.684584;103;

278376;-2000.000000;21.562500;0.021667;3.684584;105;

278514;-2000.000000;21.562500;0.021667;3.684584;103;

278656;-2000.000000;21.562500;0.021250;3.684584;104;

278794;-2000.000000;21.562500;0.021667;3.684584;103;

278937;-2000.000000;21.562500;0.021667;3.684584;104;

279084;-2000.000000;21.562500;0.021667;3.684584;103;

279226;-2000.000000;21.562500;0.021667;3.684584;106;

279366;-2000.000000;21.562500;0.021250;3.684584;105;

279504;-2000.000000;21.625000;0.021667;3.684584;103;

279646;-2000.000000;21.625000;0.021250;3.684584;105;

279793;-2000.000000;21.625000;0.021667;3.684584;105;

279950;-2000.000000;21.625000;0.021250;3.684584;104;

280097;-2000.000000;21.625000;0.021250;3.684584;105;

280234;-2000.000000;21.562500;0.021667;3.684584;102;

280378;-2000.000000;21.625000;0.021667;3.684584;103;

280526;-2000.000000;21.625000;0.021667;3.684584;104;

280663;-2000.000000;21.625000;0.021250;3.684584;104;

280808;-2000.000000;21.625000;0.021667;3.684584;103;

280956;-2000.000000;21.625000;0.021250;3.684584;102;

281094;-2000.000000;21.625000;0.021250;3.684584;104;

281236;-2000.000000;21.625000;0.021667;3.682500;103;

281374;-2000.000000;21.625000;0.021667;3.679167;104;

281516;-2000.000000;21.625000;0.021250;3.680417;104;

281654;-2000.000000;21.625000;0.021667;3.679167;104;

281793;-2000.000000;21.625000;0.021667;3.681250;105;

281934;-2000.000000;21.625000;0.021667;3.679167;106;

282076;-2000.000000;21.625000;0.021667;3.679167;105;

282222;-2000.000000;21.625000;0.021250;3.679167;104;

282381;-2000.000000;21.625000;0.021250;3.679167;103;

282527;-2000.000000;21.625000;0.021667;3.679167;104;

282676;-2000.000000;21.625000;0.053333;3.679167;103;

282819;-2000.000000;21.625000;0.061250;3.679584;104;

282966;-2000.000000;21.625000;0.057083;3.679167;107;

283106;-2000.000000;21.625000;0.053750;3.679167;106;

283245;-2000.000000;21.625000;0.050000;3.679167;106;

283386;-2000.000000;21.625000;0.050000;3.679167;106;

283526;-2000.000000;21.625000;0.054583;3.680000;106;

283666;-2000.000000;21.625000;0.060417;3.679167;104;

283805;-2000.000000;21.625000;0.071250;3.679167;101;

283946;-2000.000000;21.625000;0.042083;3.679167;104;

284085;-2000.000000;21.625000;0.050000;3.679167;104;

284226;-2000.000000;21.625000;0.056667;3.679167;104;

284365;-2000.000000;21.625000;0.062083;3.679167;105;

284512;-2000.000000;21.625000;0.053750;3.679167;104;

284671;-2000.000000;21.687500;0.061667;3.679167;105;

284832;-36.000000;21.687500;0.291250;3.738750;104;

284979;-57.333374;21.687500;0.057917;3.679167;104;

285125;-57.333374;21.625000;0.057083;3.679167;102;

285266;-53.333374;21.625000;0.057500;3.679167;105;

285404;-57.333374;21.625000;0.037500;3.679167;102;

285546;-57.333374;21.687500;0.255417;3.534167;105;

285686;-58.666626;21.687500;0.576667;3.517917;104;

285825;-50.666626;21.625000;0.727917;3.512500;105;

285967;-50.666626;21.687500;0.807083;3.507084;105;

286104;-60.000000;21.687500;0.868750;3.500417;104;

286247;-60.000000;21.687500;0.922500;3.496250;106;

286394;-57.333374;21.687500;0.957500;3.490833;106;

286537;-57.333374;21.687500;0.984167;3.490833;104;

286674;-57.333374;21.687500;0.995000;3.491250;105;

286816;-60.000000;21.687500;1.000417;3.490833;106;

286964;-53.333374;21.687500;3.491250;3.490833;105;

287132;-56.000000;21.687500;1.002500;3.490833;105;

287293;-57.333374;21.687500;1.003750;3.490833;107;

287439;-57.333374;21.687500;1.000417;3.490833;105;

287584;-53.333374;21.687500;1.000417;3.490833;103;

287726;-56.000000;21.687500;1.000417;3.490833;104;

287864;-57.333374;21.687500;1.000417;3.490833;106;

288007;-57.333374;21.687500;1.000417;3.491250;106;

288145;-57.333374;21.687500;1.000417;3.490833;105;

288286;-60.000000;21.687500;1.000417;3.493750;103;

288425;-60.000000;21.687500;0.998333;3.496250;105;

288566;-57.333374;21.687500;0.972083;3.492084;105;

288705;-58.666626;21.687500;0.807917;3.495000;103;

288846;-53.333374;21.687500;0.681667;3.495833;104;

288988;-57.333374;21.687500;0.569583;3.496250;102;

289134;-57.333374;21.687500;0.540000;3.517917;95;

289276;-53.333374;21.687500;0.631250;3.669167;93;

289423;-53.333374;21.687500;0.580000;3.662917;97;

289578;-58.666626;21.687500;0.072083;3.512500;100;

289748;-58.666626;21.750000;0.057917;3.498334;97;

289896;-56.000000;21.687500;0.079583;3.513333;96;

290036;-58.666626;21.687500;0.076667;3.499583;97;

290175;-57.333374;21.687500;0.022500;3.496250;96;

290316;-58.666626;21.687500;0.021667;3.496250;97;

290458;-58.666626;21.750000;0.021667;3.496250;99;

290604;-58.666626;21.687500;0.021667;3.496250;97;

290746;-61.333374;21.750000;0.021667;3.496250;99;

290884;-58.666626;21.750000;0.021667;3.496250;96;

291026;-56.000000;21.750000;0.021667;3.496667;96;

291164;-57.333374;21.750000;0.021667;3.496250;99;

291306;-53.333374;21.750000;0.021667;3.496250;97;

291444;-56.000000;21.750000;0.021667;3.496250;97;

291594;-57.333374;21.750000;3.489583;3.318750;97;

291736;-58.666626;21.750000;0.397500;3.348333;96;

291884;-57.333374;21.750000;0.622917;3.337917;98;

292040;-53.333374;21.750000;0.736667;3.332083;96;

292187;-56.000000;21.750000;0.820417;3.327084;94;

292336;-58.666626;21.750000;0.879583;3.321667;96;

292474;-60.000000;21.750000;0.927917;3.316250;97;

292623;-57.333374;21.750000;0.961250;3.316250;98;

292766;-57.333374;21.750000;0.984583;3.316250;95;

292905;-57.333374;21.750000;0.993333;3.316250;98;

293046;-57.333374;21.750000;1.000000;3.316250;97;

293185;-58.666626;21.750000;1.000417;3.316250;97;

293326;-58.666626;21.750000;1.000417;3.316250;99;

293464;-56.000000;21.750000;1.000417;3.316250;96;

293609;-64.000000;21.750000;1.000417;3.316250;96;

293756;-57.333374;21.750000;1.000417;3.316250;94;

293894;-57.333374;21.750000;1.000417;3.316667;95;

294036;-53.333374;21.750000;1.000417;3.317083;96;

294191;-64.000000;21.750000;1.000417;3.321667;98;

294350;-57.333374;21.812500;1.000417;3.321667;96;

294511;-60.000000;21.750000;1.000000;3.321667;98;

294656;-56.000000;21.750000;0.995000;3.321250;95;

294798;-57.333374;21.750000;0.902083;3.321667;99;

294944;-57.333374;21.812500;0.755000;3.321667;97;

295086;-53.333374;21.750000;0.644167;3.321667;95;

295226;-57.333374;21.812500;0.537083;3.321667;98;

295364;-61.333374;21.812500;0.443750;3.437917;97;

295506;-64.000000;21.750000;0.636250;3.476250;96;

295646;-57.333374;21.750000;0.231250;3.327084;96;

295786;-58.666626;21.812500;0.080000;3.342083;99;

295924;-58.666626;21.812500;0.096667;3.330000;96;

296067;-58.666626;21.812500;0.045417;3.329167;98;

296214;-58.666626;21.812500;0.037500;3.327084;97;

296358;-57.333374;21.812500;0.021250;3.327084;95;

296506;-58.666626;21.812500;0.021667;3.327084;96;

296654;-60.000000;21.812500;0.021667;3.327084;96;

296822;-60.000000;21.812500;0.021667;3.327084;100;

296981;-58.666626;21.812500;0.021250;3.327084;96;

297128;-64.000000;21.812500;0.021667;3.327084;95;

297276;-64.000000;21.812500;0.021667;3.327084;99;

297416;-58.666626;21.812500;0.021667;3.327084;97;

297554;-58.666626;21.812500;0.021667;3.328334;98;

297696;-58.666626;21.812500;0.021250;3.332500;98;

297834;-58.666626;21.812500;0.021250;3.332083;96;

297976;-58.666626;21.812500;0.021250;3.332083;98;

298114;-58.666626;21.812500;0.021667;3.332500;99;

298260;-57.333374;21.812500;0.021667;3.332500;98;

298408;-57.333374;21.812500;0.021250;3.332500;97;

298554;-60.000000;21.812500;0.021667;3.332500;100;

298696;-58.666626;21.812500;0.021667;3.332500;97;

298835;-60.000000;21.812500;0.021667;3.332500;98;

298976;-57.333374;21.812500;0.021667;3.332083;99;

299140;-57.333374;21.812500;0.021250;3.332083;97;

299301;-57.333374;21.812500;0.021667;3.332083;100;

299446;-58.666626;21.812500;0.021667;3.332500;96;

299584;-60.000000;21.812500;0.021667;3.337917;100;

299726;-58.666626;21.812500;0.021250;3.332500;99;

299865;-58.666626;21.812500;0.021667;3.337917;100;

300006;-60.000000;21.812500;0.021667;3.337084;99;

300145;-60.000000;21.812500;0.021667;3.337084;97;

300286;-58.666626;21.812500;0.021667;3.337500;99;

300424;-58.666626;21.812500;0.021667;3.337917;97;

300568;-58.666626;21.812500;0.021667;3.337500;96;

300716;-58.666626;21.812500;0.021667;3.337917;100;

300854;-60.000000;21.875000;0.021667;3.337917;99;

300998;-60.000000;21.812500;0.021667;3.337917;96;

301144;-58.666626;21.812500;0.021250;3.337917;100;

301286;-57.333374;21.875000;0.021667;3.337500;97;

301449;-58.666626;21.875000;0.021667;3.337917;97;

301613;-64.000000;21.875000;3.337500;3.337917;98;

301771;-58.666626;21.875000;0.021250;3.337917;96;

301906;-64.000000;21.875000;0.021667;3.337917;97;

302044;-57.333374;21.875000;0.021250;3.337917;97;

302186;-58.666626;21.875000;0.021667;3.337917;98;

302324;-57.333374;21.875000;0.021667;3.337917;96;

302468;-58.666626;21.875000;0.021250;3.337917;97;

302614;-60.000000;21.875000;0.021667;3.337917;97;

302757;-58.666626;21.875000;0.021667;3.337917;98;

302895;-60.000000;21.875000;0.021667;3.337500;97;

303036;-58.666626;21.875000;0.021667;3.337917;97;

303176;-57.333374;21.875000;0.021667;3.337917;98;

303315;-58.666626;21.875000;0.021667;3.337917;97;

303456;-58.666626;21.875000;0.022083;3.337917;99;

303594;-57.333374;21.875000;0.021667;3.338333;98;

303737;-58.666626;21.875000;0.021667;3.338333;100;

303893;-57.333374;21.875000;0.021667;3.338333;95;

304049;-60.000000;21.875000;0.021667;3.339583;100;

304211;-58.666626;21.875000;0.021667;3.342917;98;

304346;-60.000000;21.875000;0.021667;3.342917;97;

304484;-58.666626;21.875000;0.021667;3.342917;96;

304626;-56.000000;21.875000;0.021667;3.342917;99;

304766;-57.333374;21.875000;0.021667;3.342917;98;

304904;-58.666626;21.875000;0.021667;3.342917;99;

305046;-58.666626;21.875000;0.021667;3.342917;97;

305184;-60.000000;21.875000;0.021667;3.342917;95;

305327;-58.666626;21.875000;0.021667;3.343333;97;

305464;-58.666626;21.937500;0.021667;3.342917;98;

305608;-58.666626;21.937500;0.021250;3.343333;97;

305754;-58.666626;21.875000;0.021667;3.342917;96;

305896;-58.666626;21.875000;0.021667;3.342917;100;

306034;-58.666626;21.937500;0.021667;3.343333;96;

306176;-58.666626;21.875000;0.021667;3.343333;99;

306321;-58.666626;21.937500;0.021667;3.343333;99;

306480;-58.666626;21.875000;0.021667;3.342917;97;

306641;-60.000000;21.937500;0.021667;3.342917;98;

306786;-57.333374;21.937500;0.021250;3.342917;98;

306928;-57.333374;21.937500;0.021667;3.343333;99;

307078;-57.333374;21.937500;0.021250;3.343333;97;

307224;-57.333374;21.937500;0.021667;3.343333;99;

307366;-60.000000;21.937500;0.021667;3.342917;96;

307505;-64.000000;21.937500;0.021667;3.342917;96;

307646;-60.000000;21.937500;0.021667;3.342917;100;

307785;-58.666626;21.937500;0.021667;3.342917;97;

307926;-60.000000;21.937500;0.021667;3.342917;96;

308067;-58.666626;21.937500;0.021667;3.342917;95;

308204;-60.000000;21.937500;0.021667;3.342917;99;

308346;-60.000000;21.937500;0.021667;3.342917;98;

308484;-57.333374;21.937500;0.021667;3.343333;97;

308627;-58.666626;21.937500;0.021667;3.343333;97;

308773;-60.000000;21.937500;0.021667;3.343333;97;

308928;-61.333374;21.937500;0.021667;3.342917;96;

309088;-64.000000;21.937500;0.021667;3.343333;100;

309236;-57.333374;21.937500;0.021667;3.342917;99;

309375;-58.666626;21.937500;0.021250;3.342917;99;

309516;-60.000000;21.937500;0.021667;3.342917;98;

309656;-62.666626;21.937500;0.021667;3.342917;97;

309796;-57.333374;21.937500;0.021667;3.342917;97;

309936;-60.000000;21.937500;0.021250;3.343333;97;

310074;-58.666626;21.937500;0.021667;3.343333;98;

310216;-53.333374;21.937500;0.021667;3.343333;96;

310353;-60.000000;21.937500;0.021667;3.343333;98;

310498;-56.000000;22.000000;0.021667;3.342917;97;

310644;-58.666626;21.937500;0.021667;3.343333;97;

310786;-58.666626;22.000000;0.021667;3.342917;99;

310925;-57.333374;22.000000;0.021667;3.342917;99;

311066;-60.000000;21.937500;0.021667;3.343333;97;

311210;-58.666626;22.000000;0.021667;3.342917;98;

311370;-62.666626;22.000000;0.021667;3.343333;97;

311528;-60.000000;22.000000;0.021667;3.342917;96;

311676;-58.666626;22.000000;0.021667;3.342917;99;

311816;-58.666626;22.000000;0.021667;3.342917;99;

311954;-58.666626;22.000000;0.021667;3.343333;96;

312096;-57.333374;22.000000;0.021667;3.342917;97;

312235;-58.666626;22.000000;0.021667;3.343333;97;

312376;-58.666626;22.000000;0.021667;3.343333;97;

312514;-57.333374;22.000000;0.021667;3.342917;99;

312656;-60.000000;22.000000;0.021667;3.342917;97;

312796;-58.666626;22.000000;0.021667;3.342917;99;

312934;-56.000000;22.000000;0.021667;3.342917;96;

313076;-60.000000;22.000000;0.021667;3.343333;98;

313214;-58.666626;22.000000;0.021667;3.342917;96;

313356;-60.000000;22.000000;0.021667;3.342917;95;

313493;-58.666626;22.000000;0.021667;3.343333;96;

313638;-57.333374;22.000000;0.021667;3.342917;97;

313784;-60.000000;22.000000;0.021667;3.343333;97;

313937;-57.333374;22.000000;0.021667;3.343333;97;

314096;-58.666626;22.000000;0.021667;3.343333;98;

314255;-58.666626;22.000000;0.021667;3.342917;97;

314396;-60.000000;22.000000;0.021667;3.342917;96;

314534;-56.000000;22.000000;0.085833;3.342500;98;

314677;-64.000000;22.000000;0.091250;3.342917;95;

314814;-64.000000;22.000000;0.584583;3.673750;95;

314957;-58.666626;22.000000;0.144583;3.345417;97;

315094;-56.000000;22.062500;0.105417;3.363750;97;

315238;-58.666626;22.000000;0.138750;3.343750;96;

315386;-60.000000;22.000000;0.109167;3.342917;96;

315523;-57.333374;22.000000;0.035000;3.343333;98;

315666;-58.666626;22.000000;0.021667;3.342917;98;

315804;-57.333374;22.000000;0.021667;3.342917;95;

315947;-60.000000;22.000000;0.021667;3.342917;98;

316085;-56.000000;22.062500;0.021667;3.342917;96;

316226;-57.333374;22.000000;0.021250;3.342917;96;

316374;-60.000000;22.062500;3.343333;3.342917;96;

316529;-57.333374;22.000000;0.021667;3.343333;96;

316688;-21.333374;22.062500;0.021667;3.343333;96;

316836;-18.666626;22.062500;0.028750;3.343333;95;

316976;-18.666626;22.062500;0.050417;3.343333;97;

317114;-20.000000;22.062500;0.050000;3.342917;99;

317256;-21.333374;22.062500;0.056250;3.342917;99;

317395;-20.000000;22.062500;0.044583;3.342917;97;

317536;-21.333374;22.062500;0.055000;3.342917;97;

317675;-17.333374;22.062500;0.057917;3.344167;99;

317816;-18.666626;22.062500;0.068750;3.345834;98;

317955;-22.666626;22.062500;0.070833;3.345417;101;

318096;-20.000000;22.062500;0.061250;3.344167;96;

318238;-20.000000;22.062500;0.058750;3.343333;98;

318377;-22.666626;22.062500;0.269583;3.342500;97;

318526;-18.666626;22.062500;0.059583;3.342917;99;

318665;-21.333374;22.062500;0.057083;3.342917;99;

318817;-22.666626;22.062500;0.058333;3.343333;98;

318965;-21.333374;22.062500;0.026667;3.342917;95;

319113;-18.666626;22.062500;0.021667;3.343333;99;

319256;-20.000000;22.062500;0.021667;3.342917;99;

319397;-21.333374;22.062500;0.021667;3.342917;99;

319534;-25.333374;22.062500;0.021667;3.342917;98;

319676;-22.666626;22.062500;0.021250;3.342917;98;

319814;-18.666626;22.062500;0.021250;3.342917;97;

319967;-20.000000;22.062500;0.021667;3.342917;99;

320116;-17.333374;22.062500;0.021250;3.343333;96;

320254;-17.333374;22.125000;0.021667;3.343333;98;

320396;-20.000000;22.062500;0.021250;3.343333;101;

320533;-21.333374;22.062500;0.021250;3.342917;99;

320678;-17.333374;22.125000;0.021667;3.342917;99;

320826;-21.333374;22.125000;0.021667;3.342917;99;

320964;-21.333374;22.125000;0.021250;3.343333;98;

321108;-18.666626;22.125000;0.021667;3.342917;99;

321262;-20.000000;22.062500;0.021667;3.342917;98;

321417;-22.666626;22.125000;0.021667;3.342083;98;

321578;-20.000000;22.125000;0.021250;3.342500;98;

321716;-21.333374;22.125000;0.021667;3.341667;98;

321858;-21.333374;22.125000;0.021667;3.342917;95;

322006;-22.666626;22.125000;0.021667;3.341667;97;

322146;-22.666626;22.125000;0.021667;3.340417;96;

322284;-20.000000;22.125000;0.021250;3.340417;97;

322426;-18.666626;22.125000;0.021667;3.343333;99;

322566;-22.666626;22.125000;0.021667;3.340834;94;

322706;-21.333374;22.125000;0.021667;3.338333;100;

322844;-21.333374;22.125000;0.021667;3.340417;97;

322987;-18.666626;22.125000;0.021667;3.338750;96;

323136;-21.333374;22.125000;0.021250;3.337500;97;

323275;-21.333374;22.125000;0.021667;3.337500;96;

323416;-21.333374;22.125000;0.021667;3.337917;99;

323554;-22.666626;22.125000;0.021667;3.337917;96;

323710;-21.333374;22.125000;0.021250;3.337917;96;

323869;-21.333374;22.125000;0.021250;3.337917;98;

324032;-20.000000;22.125000;0.021667;3.337917;99;

324177;-29.333374;22.125000;0.021250;3.337917;97;

324314;-18.666626;22.125000;0.021667;3.337500;97;

324456;-17.333374;22.125000;0.021250;3.337917;99;

324594;-22.666626;22.125000;0.021667;3.337917;97;

324738;-22.666626;22.125000;0.021667;3.337917;98;

324886;-22.666626;22.187500;0.021667;3.337917;98;

325024;-22.666626;22.125000;0.021667;3.337917;99;

325167;-22.666626;22.125000;0.021667;3.337917;98;

325314;-18.666626;22.125000;0.021667;3.340417;99;

325456;-22.666626;22.187500;0.021667;3.340000;97;

325597;-20.000000;22.125000;0.021667;3.337917;95;

325744;-21.333374;22.125000;0.021667;3.337917;100;

325888;-22.666626;22.187500;0.021667;3.337917;99;

326040;-17.333374;22.187500;0.021250;3.337917;96;

326198;-21.333374;22.125000;0.021667;3.337917;97;

326355;-22.666626;22.187500;0.021667;3.337917;97;

326515;-18.666626;22.187500;0.021667;3.337917;97;

326658;-18.666626;22.187500;0.021667;3.337500;96;

326806;-18.666626;22.187500;0.021667;3.337500;95;

326944;-21.333374;22.125000;0.021667;3.337917;99;

327088;-18.666626;22.187500;0.021250;3.337917;98;

327236;-20.000000;22.187500;0.021250;3.337917;98;

327373;-20.000000;22.187500;0.021667;3.337917;97;

327518;-21.333374;22.187500;0.021667;3.337917;96;

327666;-21.333374;22.187500;0.021250;3.337917;97;

327804;-20.000000;22.187500;0.021250;3.337500;97;

327948;-20.000000;22.187500;0.021667;3.337500;99;

328094;-22.666626;22.187500;0.021667;3.337917;97;

328236;-21.333374;22.187500;0.021667;3.337917;96;

328374;-21.333374;22.187500;0.021667;3.337917;97;

328516;-17.333374;22.187500;0.021667;3.337917;100;

328660;-22.666626;22.187500;0.021667;3.337500;99;

328819;-21.333374;22.187500;0.021667;3.337917;98;

328977;-21.333374;22.187500;0.021667;3.337500;96;

329126;-22.666626;22.187500;0.021667;3.337917;96;

329266;-22.666626;22.187500;0.021667;3.337917;97;

329404;-22.666626;22.187500;0.021667;3.337917;100;

329546;-21.333374;22.187500;0.021667;3.337500;97;

329685;-18.666626;22.187500;0.021667;3.337917;100;

329826;-21.333374;22.187500;0.021250;3.337917;97;

329966;-18.666626;22.187500;0.021667;3.337917;99;

330106;-18.666626;22.187500;0.021667;3.337917;99;

330244;-20.000000;22.187500;0.021667;3.337917;96;

330387;-20.000000;22.187500;0.021667;3.337917;97;

330536;-18.666626;22.187500;0.021250;3.337917;99;

330674;-21.333374;22.187500;0.021667;3.337917;96;

330817;-22.666626;22.250000;0.021667;3.337500;98;

330954;-21.333374;22.187500;0.021250;3.337917;98;

331098;-17.333374;22.187500;0.021250;3.337917;97;

331239;-18.666626;22.187500;0.021667;3.337500;97;

331397;-21.333374;22.187500;0.021250;3.337500;96;

331547;-21.333374;22.250000;0.021667;3.337917;97;

331696;-21.333374;22.187500;0.021667;3.337917;98;

331834;-18.666626;22.250000;0.021250;3.337917;99;

331976;-20.000000;22.187500;0.021667;3.337917;96;

332117;-22.666626;22.250000;0.021667;3.337917;100;

332264;-22.666626;22.187500;0.021667;3.337917;99;

332406;-21.333374;22.187500;0.021667;3.337500;97;

332545;-21.333374;22.250000;0.021667;3.337917;98;

332686;-21.333374;22.250000;0.122500;3.345417;96;

332824;-25.333374;22.250000;0.554167;3.408334;98;

332967;-25.333374;22.250000;0.347917;3.677917;101;

333104;-17.333374;22.250000;0.138750;3.342083;100;

333246;-21.333374;22.250000;0.107500;3.364167;99;

333384;-17.333374;22.250000;0.066667;3.337917;102;

333526;-18.666626;22.250000;0.121667;3.355834;99;

333672;-21.333374;22.250000;0.020417;3.337917;100;

333827;-20.000000;22.250000;0.022083;3.337917;98;

333985;-18.666626;22.250000;0.021667;3.337500;99;

334136;-22.666626;22.250000;0.022083;3.337917;100;

334278;-22.666626;22.250000;0.022083;3.337917;100;

334426;-22.666626;22.250000;0.021667;3.337917;100;

334564;-22.666626;22.250000;0.021667;3.337917;99;

334707;-22.666626;22.250000;0.022083;3.337917;100;

334844;-21.333374;22.250000;0.048750;3.337500;102;

334988;-18.666626;22.250000;0.047917;3.337917;115;

335134;-30.666626;22.250000;0.061667;3.337917;123;

335276;-22.666626;22.250000;0.075833;3.337917;132;

335417;-25.333374;22.250000;0.145000;3.340417;142;

335564;-25.333374;22.250000;0.070417;3.344584;151;

335708;-25.333374;22.250000;0.119583;3.337500;164;

335856;-37.333374;22.250000;0.047917;3.338333;172;

335994;-41.333374;22.312500;0.124583;3.337084;181;

336149;-34.666626;22.312500;0.092917;3.337917;195;

336305;-34.666626;22.312500;0.041667;3.333750;205;

336468;-36.000000;22.312500;0.175417;0.182500;216;

336632;-34.666626;22.312500;0.157500;3.450000;224;

336776;-32.000000;22.250000;0.651667;3.437917;228;

336914;-34.666626;22.312500;0.661667;3.197083;228;

337057;-25.333374;22.312500;1.021667;3.423750;229;

337207;-13.333374;22.312500;0.952083;3.253333;223;

337347;4.000000;22.312500;0.930833;3.162917;215;

337496;41.333374;22.312500;0.949167;3.150833;209;

337634;86.666748;22.312500;1.000417;3.150833;193;

337776;181.333252;22.312500;1.006667;3.145833;187;

337914;288.000000;22.312500;1.042917;3.165417;176;

338057;406.666748;22.312500;1.055000;3.165417;170;

338206;400.000000;22.312500;1.048750;3.150417;155;

338345;325.333252;22.312500;1.043750;3.155833;144;

338486;264.000000;22.312500;1.108750;3.141250;137;

338639;46.666626;22.312500;1.049167;3.150417;125;

338798;46.666626;22.312500;0.950000;3.167500;115;

338955;12.000000;22.312500;0.762083;3.165417;105;

339106;-13.333374;22.312500;0.660833;3.168334;95;

339256;-20.000000;22.312500;0.503333;3.145000;92;

339397;-17.333374;22.312500;0.818333;3.447917;92;

339534;-17.333374;22.312500;0.382917;3.222917;96;

339677;-18.666626;22.312500;0.307500;3.334167;99;

339814;-17.333374;22.312500;0.140000;3.145417;98;

339956;-17.333374;22.312500;0.058750;3.164583;99;

340093;-17.333374;22.375000;0.132083;3.150833;100;

340238;-17.333374;22.312500;0.035000;3.154167;98;

340386;-20.000000;22.312500;0.045000;3.150833;99;

340524;-20.000000;22.312500;0.022083;3.150833;100;

340668;-20.000000;22.375000;0.033750;3.150833;102;

340814;-17.333374;22.375000;0.035417;3.150417;112;

340956;-25.333374;22.375000;0.053750;3.150833;119;

341095;-34.666626;22.312500;0.039583;3.150833;132;

341245;-22.666626;22.375000;0.139167;3.150833;141;

341401;-21.333374;22.375000;0.084167;3.150417;153;

341557;-22.666626;22.375000;0.114583;3.150417;163;

341707;-36.000000;22.375000;0.111667;3.150000;172;

341856;-50.666626;22.375000;0.043750;3.150000;184;

341994;-36.000000;22.375000;0.042917;3.150417;197;

342136;-34.666626;22.375000;0.049583;3.154167;200;

342273;-36.000000;22.375000;0.055417;3.169167;203;

342417;-36.000000;22.375000;0.102083;3.170417;204;

342564;-36.000000;22.375000;0.071250;3.156250;202;

342698;-34.666626;22.375000;0.050417;3.163750;198;

342844;-32.000000;22.375000;0.020833;3.155833;201;

342986;-34.666626;22.375000;0.022917;3.155833;202;

343120;-34.666626;22.375000;0.021667;3.156250;201;

343266;-37.333374;22.375000;0.021250;3.155833;201;

343406;-36.000000;22.375000;0.021250;3.156250;205;

343544;-36.000000;22.375000;0.021667;3.156250;203;

343688;-34.666626;22.375000;0.021667;3.156250;205;

343845;-36.000000;22.375000;0.021250;3.155833;201;

343998;-34.666626;22.375000;0.021250;3.155833;203;

344143;-36.000000;22.375000;0.021667;3.155833;200;

344286;-37.333374;22.375000;0.021250;3.157500;203;

344424;-34.666626;22.375000;0.021250;3.158334;202;

344567;-32.000000;22.375000;0.021250;3.157084;201;

344714;-38.666626;22.375000;0.021250;3.159167;201;

344857;-36.000000;22.375000;0.021250;3.161250;202;

344996;-36.000000;22.375000;0.021250;3.161250;203;

345131;-34.666626;22.375000;0.021667;3.161667;201;

345276;-38.666626;22.375000;0.021667;3.161250;203;

345414;-34.666626;22.375000;0.021667;3.161250;204;

345556;-36.000000;22.375000;0.022917;3.161250;200;

345695;-38.666626;22.437500;0.022917;3.161250;202;

345836;-34.666626;22.437500;0.021250;3.161667;204;

345974;-36.000000;22.375000;0.021667;3.161250;204;

346116;-36.000000;22.437500;0.021250;3.161250;199;

346270;-36.000000;22.437500;0.021667;3.161250;202;

346425;-34.666626;22.437500;0.021667;3.161250;203;

346587;-38.666626;22.437500;0.021667;3.161250;203;

346737;-36.000000;22.437500;0.021667;3.161250;203;

346886;-36.000000;22.437500;0.021250;3.161250;204;

347028;-36.000000;22.437500;0.021667;3.161250;203;

347174;-32.000000;22.437500;0.021667;3.161250;201;

347316;-34.666626;22.437500;0.021667;3.161667;202;

347454;-36.000000;22.437500;0.021667;3.161250;202;

347596;-37.333374;22.437500;0.021667;3.161250;202;

347735;-36.000000;22.437500;0.021667;3.161250;201;

347876;-34.666626;22.437500;0.021250;3.161250;204;

348015;-36.000000;22.437500;0.021667;3.161250;202;

348156;-36.000000;22.437500;0.021250;3.161250;203;

348296;-34.666626;22.437500;0.021667;3.161250;205;

348434;-34.666626;22.437500;0.021250;3.161250;205;

348576;-38.666626;22.437500;0.021250;3.161250;200;

348722;-37.333374;22.437500;0.021667;3.162083;202;

348877;-36.000000;22.437500;0.021667;3.161250;202;

349028;-36.000000;22.500000;0.021667;3.161250;203;

349177;-32.000000;22.500000;0.021250;3.162083;204;

349314;-32.000000;22.500000;0.021667;3.162917;200;

349456;-34.666626;22.500000;0.021250;3.162083;205;

349595;-36.000000;22.500000;0.021667;3.162500;203;

349736;-34.666626;22.500000;0.021250;3.165417;202;

349874;-36.000000;22.500000;0.021667;3.164583;204;

350016;-34.666626;22.500000;0.021667;3.165417;205;

350154;-36.000000;22.500000;0.021250;3.166667;202;

350297;-36.000000;22.500000;0.021667;3.165000;203;

350446;-41.333374;22.500000;0.021250;3.165000;202;

350584;-41.333374;22.500000;0.021667;3.166667;200;

350726;-37.333374;22.500000;0.021250;3.166667;204;

350864;-36.000000;22.500000;0.021667;3.166667;204;

351008;-41.333374;22.500000;0.021667;3.166667;198;

351159;-36.000000;22.500000;0.021250;3.166667;201;

351316;-34.666626;22.500000;0.021667;3.165833;200;

351477;-34.666626;22.500000;0.021667;0.021250;205;

351636;-36.000000;22.500000;0.021667;3.166667;199;

351786;-36.000000;22.500000;0.021250;3.166667;203;

351926;-32.000000;22.500000;0.021667;3.166667;205;

352064;-36.000000;22.562500;0.021667;3.166667;202;

352207;-38.666626;22.500000;0.021667;3.166667;203;

352344;-37.333374;22.500000;0.021250;3.166667;202;

352488;-36.000000;22.500000;0.021250;3.166667;202;

352643;-36.000000;22.500000;0.021667;3.166667;204;

352783;-34.666626;22.500000;0.021250;3.166667;205;

352928;-38.666626;22.562500;0.021667;3.167084;203;

353076;-37.333374;22.562500;0.021250;3.166667;199;

353214;-38.666626;22.562500;0.021667;3.166667;199;

353358;-34.666626;22.562500;0.021667;3.166667;205;

353506;-34.666626;22.562500;0.021667;3.166667;204;

353651;-34.666626;22.562500;3.166667;3.167084;204;

353806;-36.000000;22.562500;0.021667;3.162083;202;

353964;-37.333374;22.562500;0.021250;3.161250;198;

354125;-34.666626;22.562500;0.021667;3.166667;203;

354266;-36.000000;22.562500;0.021667;3.166667;205;

354404;-32.000000;22.562500;0.021667;3.166667;204;

354546;-38.666626;22.562500;0.021667;3.166667;202;

354684;-36.000000;22.562500;0.021667;3.166667;202;

354827;-36.000000;22.562500;0.021667;3.166667;200;

354976;-34.666626;22.562500;0.021667;3.166667;201;

355115;-36.000000;22.562500;0.021667;3.166667;203;

355256;-36.000000;22.562500;0.021250;3.166667;204;

355395;-30.666626;22.562500;0.021667;3.166667;202;

355536;-34.666626;22.562500;0.021667;3.166667;202;

355675;-38.666626;22.562500;0.021667;3.166667;202;

355816;-38.666626;22.562500;0.021667;3.166667;201;

355954;-36.000000;22.562500;0.021667;3.166667;201;

356098;-34.666626;22.562500;0.021667;3.166667;204;

356266;-32.000000;22.562500;0.021667;3.166667;203;

356410;-34.666626;22.562500;0.021667;3.166667;203;

356565;-32.000000;22.625000;0.021667;3.166667;202;

356717;-36.000000;22.625000;0.021667;3.166667;204;

356866;-37.333374;22.625000;0.021250;3.166667;205;

357008;-36.000000;22.625000;0.021667;3.166667;201;

357157;-36.000000;22.562500;0.021667;3.166667;203;

357297;-36.000000;22.625000;0.021667;3.166667;202;

357434;-34.666626;22.625000;0.021667;3.167084;206;

357576;-36.000000;22.625000;0.021250;3.166667;203;

357716;-34.666626;22.625000;0.024167;3.166667;203;

357855;-34.666626;22.625000;0.021667;3.167084;202;

357996;-37.333374;22.625000;0.021667;3.167084;203;

358135;-38.666626;22.625000;0.021667;3.166667;202;

358276;-34.666626;22.625000;0.021667;3.167084;198;

358415;-36.000000;22.625000;0.021667;3.166667;202;

358556;-34.666626;22.625000;0.021667;3.166667;203;

358700;-36.000000;22.625000;0.021667;3.166667;205;

358851;-32.000000;22.625000;0.021250;3.166667;202;

359012;-37.333374;22.625000;0.021667;3.166667;204;

359156;-34.666626;22.625000;0.021667;3.166667;204;

359294;-36.000000;22.625000;0.021667;3.166667;205;

359436;-34.666626;22.687500;0.021667;3.166667;204;

359574;-34.666626;22.625000;0.021667;3.167084;201;

359718;-36.000000;22.625000;0.021667;3.166667;204;

359866;-34.666626;22.625000;0.021667;3.166667;205;

360004;-32.000000;22.625000;0.021250;3.166667;202;

360148;-32.000000;22.625000;0.021667;3.166667;202;

360294;-37.333374;22.687500;0.021667;3.166667;201;

360436;-36.000000;22.687500;0.021667;3.166250;201;

360575;-32.000000;22.687500;0.021667;3.167084;203;

360716;-36.000000;22.687500;0.021667;3.166667;203;

360858;-32.000000;22.687500;0.021667;3.166250;202;

361004;-36.000000;22.687500;0.021667;3.167084;201;

361161;-37.333374;22.687500;0.021667;3.166667;202;

361318;-48.000000;22.687500;0.021250;3.162917;201;

361476;-36.000000;22.687500;0.021667;3.164583;200;

361634;-36.000000;22.687500;0.021667;3.166250;205;

361776;-34.666626;22.687500;0.021250;3.165417;205;

361915;-34.666626;22.687500;0.021667;3.165833;200;

362056;-34.666626;22.687500;0.021667;3.164583;200;

362195;-36.000000;22.687500;0.021667;3.165000;203;

362337;-41.333374;22.687500;0.021667;3.163334;200;

362474;-36.000000;22.687500;0.021667;3.161667;206;

362616;-36.000000;22.687500;0.021250;3.161250;200;

362754;-34.666626;22.687500;0.021667;3.162083;202;

362898;-45.333374;22.687500;0.021667;3.162500;201;

363048;-34.666626;22.687500;0.021667;3.163334;203;

363194;-34.666626;22.687500;0.021667;3.161250;206;

363336;-34.666626;22.687500;0.021667;3.161667;203;

363475;-34.666626;22.687500;0.021667;3.161250;204;

363616;-38.666626;22.750000;0.021667;3.161667;202;

363764;-36.000000;22.750000;0.021667;3.161250;203;

363916;-37.333374;22.687500;0.021667;3.161667;204;

364074;-36.000000;22.750000;0.021667;3.161667;204;

364226;-38.666626;22.687500;0.021667;3.161250;201;

364367;-34.666626;22.750000;0.021667;3.161250;199;

364516;-34.666626;22.750000;0.021667;3.161250;203;

364655;-34.666626;22.750000;0.021667;3.161667;205;

364796;-40.000000;22.750000;0.021667;3.161667;205;

364934;-38.666626;22.750000;0.021667;3.161250;203;

365077;-38.666626;22.750000;0.021667;3.161667;202;

365224;-34.666626;22.750000;0.021667;3.161250;203;

365368;-36.000000;22.750000;0.021667;3.161667;201;

365516;-36.000000;22.750000;0.021667;3.161667;200;

365654;-34.666626;22.750000;0.021667;3.161250;202;

365798;-36.000000;22.750000;0.021667;3.161667;202;

365946;-34.666626;22.750000;0.021250;3.161250;200;

366084;-36.000000;22.750000;0.021667;3.161250;201;

366229;-36.000000;22.750000;0.021667;3.161250;205;

366385;-37.333374;22.812500;0.021250;3.161250;201;

366545;-34.666626;22.750000;0.021667;3.161250;206;

366686;-34.666626;22.812500;0.021667;3.161250;201;

366828;-38.666626;22.750000;0.021250;3.161667;202;

366974;-36.000000;22.812500;0.021667;3.161667;202;

367117;-34.666626;22.750000;0.021250;3.161667;204;

367258;-34.666626;22.812500;0.021667;3.161667;202;

367404;-36.000000;22.812500;0.021250;3.161250;203;

367546;-34.666626;22.812500;0.021667;3.161667;207;

367684;-34.666626;22.812500;0.021667;3.161250;198;

367827;-34.666626;22.812500;0.021667;3.161250;201;

367964;-36.000000;22.812500;0.021250;3.161250;201;

368107;-36.000000;22.812500;0.021667;3.161667;200;

368244;-32.000000;22.812500;0.021667;3.161667;204;

368386;-34.666626;22.812500;0.021667;3.161667;199;

368524;-37.333374;22.812500;0.021667;3.161667;202;

368674;-37.333374;22.812500;0.021667;3.161667;199;

368837;-36.000000;22.812500;0.021667;3.161667;201;

369000;-36.000000;22.812500;0.021667;3.161250;204;

369144;-34.666626;22.812500;0.021667;3.161250;201;

369286;-36.000000;22.812500;0.021667;3.161667;202;

369424;-36.000000;22.812500;0.021667;3.161250;202;

369566;-38.666626;22.812500;0.021667;3.161250;201;

369704;-38.666626;22.812500;0.021667;3.161250;200;

369846;-36.000000;22.812500;0.021667;3.161250;204;

369984;-37.333374;22.812500;0.021667;3.161250;204;

370128;-34.666626;22.812500;0.021667;3.161667;200;

370274;-38.666626;22.812500;0.021667;3.161250;202;

370416;-34.666626;22.812500;0.021667;3.161250;202;

370556;-34.666626;22.812500;0.021667;3.161667;204;

370694;-37.333374;22.812500;0.021667;3.161250;202;

370836;-36.000000;22.812500;0.021667;3.161250;204;

370975;-36.000000;22.812500;0.021667;3.160833;204;

371116;-32.000000;22.875000;0.021667;3.161250;201;

371269;-40.000000;22.875000;0.021667;3.161250;202;

371435;-36.000000;22.812500;0.021667;3.161667;200;

371586;-36.000000;22.875000;0.021667;3.158334;205;

371726;-38.666626;22.875000;0.021667;3.158750;199;

371864;-38.666626;22.812500;0.021667;3.159167;201;

372006;-36.000000;22.875000;0.021667;3.156250;201;

372148;-36.000000;22.812500;0.021250;3.156250;205;

372293;-36.000000;22.875000;0.021667;3.156250;202;

372436;-34.666626;22.875000;0.021667;3.156250;202;

372575;-36.000000;22.875000;0.021667;3.156250;203;

372716;-34.666626;22.875000;0.021667;3.155833;205;

372855;-34.666626;22.875000;0.021667;3.156250;201;

372997;-38.666626;22.875000;0.021667;3.156250;200;

373134;-36.000000;22.875000;0.021667;3.156250;200;

373276;-37.333374;22.875000;0.021667;3.155833;201;

373413;-34.666626;22.875000;0.021667;3.156250;204;

373556;-38.666626;22.875000;0.021250;3.155833;202;

